2.000000000000000000e+01 2.001562500000000000e+01 1.440473776389000093e+00
2.002002002002002001e+01 1.975412912912912589e+01 1.429860739792000013e+00
2.004004004004004003e+01 2.101366503221971982e+01 1.448808016012999911e+00
2.006006006006006004e+01 2.220711336336336927e+01 1.450657448991999665e+00
2.008008008008008005e+01 2.008008008008008005e+01 1.440473776389000093e+00
2.010010010010010006e+01 1.962900400400400258e+01 1.429860739792000013e+00
2.012012012012012008e+01 2.464714714714716237e+01 1.449780338025000059e+00
2.014014014014014009e+01 2.014210695070070045e+01 1.440473776389000093e+00
2.016016016016016010e+01 2.014244126939439639e+01 1.440473776389000093e+00
2.018018018018018012e+01 2.270664414414414267e+01 1.450645349951999785e+00
2.020020020020020013e+01 2.370860411192442996e+01 1.449778530851999925e+00
2.022022022022022014e+01 2.176438156906906585e+01 1.448780233611999702e+00
2.024024024024024015e+01 2.277027027027027373e+01 1.450645349951999785e+00
2.026026026026026017e+01 2.176395145145145449e+01 1.448780233611999702e+00
2.028028028028028018e+01 2.176169137887888994e+01 1.448780233611999702e+00
2.030030030030030019e+01 2.233033033033033377e+01 1.450657448991999665e+00
2.032032032032032021e+01 2.082832832832832892e+01 1.440469016012999814e+00
2.034034034034034022e+01 2.339139139139139445e+01 1.449842560653000101e+00
2.036036036036036023e+01 2.188738738738738832e+01 1.448780233611999702e+00
2.038038038038038025e+01 2.088789961836836540e+01 1.448808016012999911e+00
2.040040040040040026e+01 1.989039039039039025e+01 1.440473776389000093e+00
2.042042042042042027e+01 2.220720720720720465e+01 1.450657448991999665e+00
2.044044044044044028e+01 2.170199887387386894e+01 1.448780233611999702e+00
2.046046046046046030e+01 2.020470470470470303e+01 1.440473776389000093e+00
2.048048048048048031e+01 2.188851351351351582e+01 1.448780233611999702e+00
2.050050050050050032e+01 2.203803803803804229e+01 1.436176090492999879e+00
2.052052052052052034e+01 2.032814064064064041e+01 1.440472130392999928e+00
2.054054054054054035e+01 2.208108108108108425e+01 1.450657448991999665e+00
2.056056056056056036e+01 2.132555797985485668e+01 1.448805663611999694e+00
2.058058058058058037e+01 2.045195195195195126e+01 1.440472130392999928e+00
2.060060060060060039e+01 2.188813813813813880e+01 1.448780233611999702e+00
2.062062062062062040e+01 2.120057557557557359e+01 1.448805663611999694e+00
2.064064064064064041e+01 2.064064064064064041e+01 1.440469016012999814e+00
2.066066066066066043e+01 2.389292417417418690e+01 1.449778530851999925e+00
2.068068068068068044e+01 2.126232482482483022e+01 1.448805663611999694e+00
2.070070070070070045e+01 2.120002424299299548e+01 1.448805663611999694e+00
2.072072072072072046e+01 2.395833333333333570e+01 1.449778530851999925e+00
2.074074074074074048e+01 2.138686342592592382e+01 1.448805663611999694e+00
2.076076076076076049e+01 2.089051551551551711e+01 1.440469016012999814e+00
2.078078078078078050e+01 2.194969969969969981e+01 1.448780233611999702e+00
2.080080080080080052e+01 2.144981016172422272e+01 1.448805663611999694e+00
2.082082082082082053e+01 2.095095095095095061e+01 1.448808016012999911e+00
2.084084084084084054e+01 2.214339339339339219e+01 1.450657448991999665e+00
2.086086086086086056e+01 2.314251751751752195e+01 1.450066140652999991e+00
2.088088088088088057e+01 2.721039789789791641e+01 1.447036569106999959e+00
2.090090090090090058e+01 2.220720720720721175e+01 1.450657448991999665e+00
2.092092092092092059e+01 2.307839089089089413e+01 1.450066140652999991e+00
2.094094094094094061e+01 2.408208208208208134e+01 1.449778530851999925e+00
2.096096096096096062e+01 2.220551801801801872e+01 1.450657448991999665e+00
2.098098098098098063e+01 2.307907907907907941e+01 1.450066140652999991e+00
2.100100100100100065e+01 2.585748248248248871e+01 1.447029126625000162e+00
2.102102102102102066e+01 2.226914414414414267e+01 1.450657448991999665e+00
2.104104104104104067e+01 2.307939189189189122e+01 1.450066140652999991e+00
2.106106106106106068e+01 2.395695695695696514e+01 1.449778530851999925e+00
2.108108108108108070e+01 2.226895059121622467e+01 1.450657448991999665e+00
2.110110110110110071e+01 2.433220720720721175e+01 1.449780338025000059e+00
2.112112112112112072e+01 2.389326826826826888e+01 1.449778530851999925e+00
2.114114114114114074e+01 2.233033033033033021e+01 1.450657448991999665e+00
2.116116116116116075e+01 2.307889139139139090e+01 1.450066140652999991e+00
2.118118118118118076e+01 2.780030030030030730e+01 1.447519800435000281e+00
2.120120120120120077e+01 2.120120120120120077e+01 1.448805663611999694e+00
2.122122122122122079e+01 2.426969938688688444e+01 1.449780338025000059e+00
2.124124124124124080e+01 2.188843531031030665e+01 1.448780233611999702e+00
2.126126126126126081e+01 2.345382882882883280e+01 1.449842560653000101e+00
2.128128128128128083e+01 2.101318701514014009e+01 1.448808016012999911e+00
2.130130130130130084e+01 2.070220220220219787e+01 1.440469016012999814e+00
2.132132132132132085e+01 2.339307080518018722e+01 1.449842560653000101e+00
2.134134134134134086e+01 2.521024100272147805e+01 1.449790585805000198e+00
2.136136136136136088e+01 2.082732732732732472e+01 1.440469016012999814e+00
2.138138138138138089e+01 2.351743149399399613e+01 1.449842560653000101e+00
2.140140140140140090e+01 2.439634360923423628e+01 1.449780338025000059e+00
2.142142142142142092e+01 2.095073589214214138e+01 1.448808016012999911e+00
2.144144144144144093e+01 2.258261190878378244e+01 1.450657448991999665e+00
2.146146146146146094e+01 2.414414414414415333e+01 1.449778530851999925e+00
2.148148148148148096e+01 2.201851851851851904e+01 1.450657448991999665e+00
2.150150150150150097e+01 2.264376876876877276e+01 1.450645349951999785e+00
2.152152152152152098e+01 2.326594172297297547e+01 1.450066140652999991e+00
2.154154154154154099e+01 2.113763763763763848e+01 1.448805663611999694e+00
2.156156156156156101e+01 2.270701951951951969e+01 1.450645349951999785e+00
2.158158158158158102e+01 2.151413913913913589e+01 1.448780233611999702e+00
2.160160160160160103e+01 2.045190698511011362e+01 1.440472130392999928e+00
2.162162162162162105e+01 2.277027027027026662e+01 1.450645349951999785e+00
2.164164164164164106e+01 2.164164164164164106e+01 1.448780233611999702e+00
2.166166166166166107e+01 2.389552052052052389e+01 1.449778530851999925e+00
2.168168168168168108e+01 2.277000046921921950e+01 1.450645349951999785e+00
2.170170170170170110e+01 2.170170170170170110e+01 1.448780233611999702e+00
2.172172172172172111e+01 2.070351601601601743e+01 1.440469016012999814e+00
2.174174174174174112e+01 2.283201365427927954e+01 1.450645349951999785e+00
2.176176176176176114e+01 2.176176176176176114e+01 1.448780233611999702e+00
2.178178178178178115e+01 2.239439439439439283e+01 1.450657448991999665e+00
2.180180180180180116e+01 2.288976280968468302e+01 1.450066140652999991e+00
2.182182182182182117e+01 2.189427708958958618e+01 1.450657448991999665e+00
2.184184184184184119e+01 2.245614364364364235e+01 1.450657448991999665e+00
2.186186186186186120e+01 2.295282000750750839e+01 1.450066140652999991e+00
2.188188188188188121e+01 2.201864364364364235e+01 1.450657448991999665e+00
2.190190190190190123e+01 2.252003175050050388e+01 1.450657448991999665e+00
2.192192192192192124e+01 2.301801801801801872e+01 1.450066140652999991e+00
2.194194194194194125e+01 2.132482482482482311e+01 1.448805663611999694e+00
2.196196196196196126e+01 2.258178686498998999e+01 1.450657448991999665e+00
2.198198198198198128e+01 2.307893440315315203e+01 1.450066140652999991e+00
2.200200200200200129e+01 2.358339589589589735e+01 1.449771429752999996e+00
2.202202202202202130e+01 2.264354197947947966e+01 1.450645349951999785e+00
2.204204204204204132e+01 2.314199160097597385e+01 1.450066140652999991e+00
2.206206206206206133e+01 2.426934551739239510e+01 1.449780338025000059e+00
2.208208208208208134e+01 2.208208208208208134e+01 1.450657448991999665e+00
2.210210210210210136e+01 2.320720720720720820e+01 1.449842560653000101e+00
2.212212212212212137e+01 2.433217397084585087e+01 1.449780338025000059e+00
2.214214214214214138e+01 2.213781750500500323e+01 1.448780233611999702e+00
2.216216216216216139e+01 2.326594172297297192e+01 1.450066140652999991e+00
2.218218218218218141e+01 2.564814814814815236e+01 1.446984715805000210e+00
2.220220220220220142e+01 2.220653856981981988e+01 1.450657448991999665e+00
2.222222222222222143e+01 2.332845052083333570e+01 1.450066140652999991e+00
2.224224224224224145e+01 2.502252252252251452e+01 1.449780338025000059e+00
2.226226226226226146e+01 2.170570570570570723e+01 1.448780233611999702e+00
2.228228228228228147e+01 2.395780546171171110e+01 1.449778530851999925e+00
2.230230230230230148e+01 2.564764764764764493e+01 1.446984715805000210e+00
2.232232232232232150e+01 2.176426426426426275e+01 1.448780233611999702e+00
2.234234234234234151e+01 2.529222972972974048e+01 1.442312108631999878e+00
2.236236236236236152e+01 2.445883383383383602e+01 1.449780338025000059e+00
2.238238238238238154e+01 2.126326326326326210e+01 1.448805663611999694e+00
2.240240240240240155e+01 2.639720579954954616e+01 1.446990344715000321e+00
2.242242242242242156e+01 2.389389389389388896e+01 1.449778530851999925e+00
2.244244244244244157e+01 2.314157712399899580e+01 1.450066140652999991e+00
2.246246246246246159e+01 2.470870870870871272e+01 1.449780338025000059e+00
2.248248248248248160e+01 2.395789539539539703e+01 1.449778530851999925e+00
2.250250250250250161e+01 2.495931869369369593e+01 1.449780338025000059e+00
2.252252252252252163e+01 2.245653856981981988e+01 1.450657448991999665e+00
2.254254254254254164e+01 2.396906281281281537e+01 1.442386610851999817e+00
2.256256256256256165e+01 2.654626501501502034e+01 1.447029126625000162e+00
2.258258258258258167e+01 2.258258258258258167e+01 1.450657448991999665e+00
2.260260260260260168e+01 2.351862604792292188e+01 1.449842560653000101e+00
2.262262262262262169e+01 2.502185779529529341e+01 1.449780338025000059e+00
2.264264264264264170e+01 2.264264264264264170e+01 1.450645349951999785e+00
2.266266266266266172e+01 2.358333333333333570e+01 1.449771429752999996e+00
2.268268268268268173e+01 2.608508508508509749e+01 1.446990344715000321e+00
2.270270270270270174e+01 2.270713682432432279e+01 1.450645349951999785e+00
2.272272272272272176e+01 2.364638808730605746e+01 1.449778530851999925e+00
2.274274274274274177e+01 2.558558558558558715e+01 1.446984715805000210e+00
2.276276276276276178e+01 2.333183183183183118e+01 1.449842560653000101e+00
2.278278278278278179e+01 2.420670670670670432e+01 1.449780338025000059e+00
2.280280280280280181e+01 2.508308308308308199e+01 1.444719338025000077e+00
2.282282282282282182e+01 2.339339339339339219e+01 1.449842560653000101e+00
2.284284284284284183e+01 2.426940514733483667e+01 1.449780338025000059e+00
2.286286286286286185e+01 2.529204204204204842e+01 1.442312108631999878e+00
2.288288288288288186e+01 2.445831573761261168e+01 1.449780338025000059e+00
2.290290290290290187e+01 2.533521803053053389e+01 1.450570815805000136e+00
2.292292292292292188e+01 2.664789789789789864e+01 1.446990344715000321e+00
2.294294294294294190e+01 2.351651651651651775e+01 1.449842560653000101e+00
2.296296296296296191e+01 2.239337384259258812e+01 1.450657448991999665e+00
2.298298298298298192e+01 2.470895113863863557e+01 1.449780338025000059e+00
2.300300300300300194e+01 2.358032446509009006e+01 1.449842560653000101e+00
2.302302302302302195e+01 2.251939439439439283e+01 1.450657448991999665e+00
2.304304304304304196e+01 2.477127127127126727e+01 1.449780338025000059e+00
2.306306306306306197e+01 2.364639639639640478e+01 1.449778530851999925e+00
2.308308308308308199e+01 2.307857466841841898e+01 1.450066140652999991e+00
2.310310310310310200e+01 2.396946946946946966e+01 1.442386610851999817e+00
2.312312312312312201e+01 2.370797555367867560e+01 1.449778530851999925e+00
2.314314314314314203e+01 2.314088307057057392e+01 1.450066140652999991e+00
2.316316316316316204e+01 2.403178178178178115e+01 1.442386610851999817e+00
2.318318318318318205e+01 2.426989489489489316e+01 1.449780338025000059e+00
2.320320320320320207e+01 2.320320320320320207e+01 1.450066140652999991e+00
2.322322322322322208e+01 2.496269707207206778e+01 1.441807418025000009e+00
2.324324324324324209e+01 2.433277027027026662e+01 1.449780338025000059e+00
2.326326326326326210e+01 2.326667096784284183e+01 1.450066140652999991e+00
2.328328328328328212e+01 2.508466816425801227e+01 1.449780338025000059e+00
2.330330330330330213e+01 2.439564564564564364e+01 1.449780338025000059e+00
2.332332332332332214e+01 2.333243399649649419e+01 1.449842560653000101e+00
2.334334334334334216e+01 2.502228595783283538e+01 1.449780338025000059e+00
2.336336336336336217e+01 2.445852102102102066e+01 1.449780338025000059e+00
2.338338338338338218e+01 2.389489489489489316e+01 1.449778530851999925e+00
2.340340340340340219e+01 2.333026776776776501e+01 1.449842560653000101e+00
2.342342342342342221e+01 2.408220720720720465e+01 1.449778530851999925e+00
2.344344344344344222e+01 2.692332957957957973e+01 1.447070261525000179e+00
2.346346346346346223e+01 2.522322322322322563e+01 1.441732915805000070e+00
2.348348348348348225e+01 2.458427177177177470e+01 1.449780338025000059e+00
2.350350350350350226e+01 2.614764764764765204e+01 1.446990344715000321e+00
2.352352352352352227e+01 2.521025664336211491e+01 1.449790585805000198e+00
2.354354354354354228e+01 2.604504504504504681e+01 1.447029126625000162e+00
2.356356356356356230e+01 2.591991991991991995e+01 1.447029126625000162e+00
2.358358358358358231e+01 2.358358358358358231e+01 1.449771429752999996e+00
2.360360360360360232e+01 2.692401288006757198e+01 1.447070261525000179e+00
2.362362362362362234e+01 2.502166228728729180e+01 1.449780338025000059e+00
2.364364364364364235e+01 2.364595259321821885e+01 1.449778530851999925e+00
2.366366366366366236e+01 2.602309731606607102e+01 1.446990344715000321e+00
2.368368368368368237e+01 2.546053817489364235e+01 1.455310915805000160e+00
2.370370370370370239e+01 2.251851851851851549e+01 1.450657448991999665e+00
2.372372372372372240e+01 2.639727618243243512e+01 1.446990344715000321e+00
2.374374374374374241e+01 2.554307432432432989e+01 1.442625419451999846e+00
2.376376376376376243e+01 2.377072580392892576e+01 1.449778530851999925e+00
2.378378378378378244e+01 2.495903716216215429e+01 1.449780338025000059e+00
2.380380380380380245e+01 2.529154154154153744e+01 1.442312108631999878e+00
2.382382382382382247e+01 2.345622966716716107e+01 1.449842560653000101e+00
2.384384384384384248e+01 2.620960022522522337e+01 1.446990344715000321e+00
2.386386386386386249e+01 2.483449856106106779e+01 1.449780338025000059e+00
2.388388388388388250e+01 2.642154654654655133e+01 1.447029126625000162e+00
2.390390390390390252e+01 2.539789789789789509e+01 1.450570815805000136e+00
2.392392392392392253e+01 2.452202202202202130e+01 1.449780338025000059e+00
2.394394394394394254e+01 2.483482701451451646e+01 1.449780338025000059e+00
2.396396396396396256e+01 2.692435599662162105e+01 1.447070261525000179e+00
2.398398398398398257e+01 2.458358358358358231e+01 1.449780338025000059e+00
2.400400400400400258e+01 2.670914273648648418e+01 1.446990344715000321e+00
2.402402402402402259e+01 2.552552552552552712e+01 1.441732915805000070e+00
2.404404404404404261e+01 2.464631917073322853e+01 1.449780338025000059e+00
2.406406406406406262e+01 2.767367367367367592e+01 1.447519800435000281e+00
2.408408408408408263e+01 2.408408408408408263e+01 1.449778530851999925e+00
2.410410410410410265e+01 2.470906062312312201e+01 1.449780338025000059e+00
2.412412412412412266e+01 2.698650799236736830e+01 1.447070261525000179e+00
2.414414414414414267e+01 2.414414414414414267e+01 1.449778530851999925e+00
2.416416416416416268e+01 2.660889796046046385e+01 1.447029126625000162e+00
2.418418418418418270e+01 2.477225663163162750e+01 1.449780338025000059e+00
2.420420420420420271e+01 2.420656789602102066e+01 1.449780338025000059e+00
2.422422422422422272e+01 2.679923087149649419e+01 1.447070261525000179e+00
2.424424424424424274e+01 2.485035035035035023e+01 1.442312108631999878e+00
2.426426426426426275e+01 2.627364864864864913e+01 1.446990344715000321e+00
2.428428428428428276e+01 2.420839589589589380e+01 1.449778530851999925e+00
2.430430430430430278e+01 2.673473473473473661e+01 1.447023417625000086e+00
2.432432432432432279e+01 2.614864864864864913e+01 1.446990344715000321e+00
2.434434434434434280e+01 2.426945695695696159e+01 1.449780338025000059e+00
2.436436436436436281e+01 2.733377127127127437e+01 1.447036569106999959e+00
2.438438438438438283e+01 2.408196086711711104e+01 1.449778530851999925e+00
2.440440440440440284e+01 2.470945945945945965e+01 1.449780338025000059e+00
2.442442442442442285e+01 2.564803084334334216e+01 1.446984715805000210e+00
2.444444444444444287e+01 2.383333333333332860e+01 1.449778530851999925e+00
2.446446446446446288e+01 2.477146482419919948e+01 1.449780338025000059e+00
2.448448448448448289e+01 2.570870870870870917e+01 1.442250244715000296e+00
2.450450450450450290e+01 2.571058558558558360e+01 1.446990344715000321e+00
2.452452452452452292e+01 2.521023525967373402e+01 1.449790585805000198e+00
2.454454454454454293e+01 2.577297023586085700e+01 1.446990344715000321e+00
2.456456456456456294e+01 2.717574899117867204e+01 1.447514171525000171e+00
2.458458458458458296e+01 2.458458458458458296e+01 1.449780338025000059e+00
2.460460460460460297e+01 2.583483483483483312e+01 1.446990344715000321e+00
2.462462462462462298e+01 2.642097175300300194e+01 1.447029126625000162e+00
2.464464464464464299e+01 2.464705134822322208e+01 1.449780338025000059e+00
2.466466466466466301e+01 2.589789789789789864e+01 1.446990344715000321e+00
2.468468468468468302e+01 2.622747747747747837e+01 1.442627226624999981e+00
2.470470470470470303e+01 2.548064715105731182e+01 1.443206419451999789e+00
2.472472472472472305e+01 2.596096096096096062e+01 1.446990344715000321e+00
2.474474474474474306e+01 2.698723723723723467e+01 1.447070261525000179e+00
2.476476476476476307e+01 2.414564564564564364e+01 1.449778530851999925e+00
2.478478478478478308e+01 2.540440440440440284e+01 1.441732915805000070e+00
2.480480480480480310e+01 2.604504504504504325e+01 1.447029126625000162e+00
2.482482482482482311e+01 2.389389389389389251e+01 1.449778530851999925e+00
2.484484484484484312e+01 2.546596596596596385e+01 1.441732915805000070e+00
2.486486486486486314e+01 2.610810810810810878e+01 1.447029126625000162e+00
2.488488488488488315e+01 2.270745745745745126e+01 1.450645349951999785e+00
2.490490490490490316e+01 2.389314314314314558e+01 1.449778530851999925e+00
2.492492492492492318e+01 2.617117117117117076e+01 1.447029126625000162e+00
2.494494494494494319e+01 2.183169888638636991e+01 1.450657448991999665e+00
2.496496496496496320e+01 2.464558894832332214e+01 1.449780338025000059e+00
2.498498498498498321e+01 2.623423423423423273e+01 1.447029126625000162e+00
2.500500500500500323e+01 2.508436659315565365e+01 1.449780338025000059e+00
2.502502502502502324e+01 2.508489935247747482e+01 1.449780338025000059e+00
2.504504504504504325e+01 2.754954954954955326e+01 1.447519800435000281e+00
2.506506506506506327e+01 2.553503503503502969e+01 1.441732915805000070e+00
2.508508508508508328e+01 2.508508508508508328e+01 1.449780338025000059e+00
2.510510510510510329e+01 2.745870870870870917e+01 1.447036569106999959e+00
2.512512512512512330e+01 3.045439971221222919e+01 1.432422251001000069e+00
2.514514514514514332e+01 2.364232982982982278e+01 1.449842560653000101e+00
2.516516516516516333e+01 2.721106360266516333e+01 1.447036569106999959e+00
2.518518518518518334e+01 2.896296296296296191e+01 1.441776768701000133e+00
2.520520520520520336e+01 2.583533533533533344e+01 1.446990344715000321e+00
2.522522522522522337e+01 2.617117117117116720e+01 1.447029126625000162e+00
2.524524524524524338e+01 2.761198698698699161e+01 1.447519800435000281e+00
2.526526526526526339e+01 2.585741991991991995e+01 1.447029126625000162e+00
2.528528528528528341e+01 2.623348348348348225e+01 1.447029126625000162e+00
2.530530530530530342e+01 2.767767767767767850e+01 1.447519800435000281e+00
2.532532532532532343e+01 2.598319022147147450e+01 1.447029126625000162e+00
2.534534534534534345e+01 2.629579579579579729e+01 1.447029126625000162e+00
2.536536536536536346e+01 2.742630130130129729e+01 1.447514171525000171e+00
2.538538538538538347e+01 2.603985235235235152e+01 1.442627226624999981e+00
2.540540540540540349e+01 2.635810810810810523e+01 1.447029126625000162e+00
2.542542542542542350e+01 2.717590637512512330e+01 1.447514171525000171e+00
2.544544544544544351e+01 2.608158158158158102e+01 1.442250244715000296e+00
2.546546546546546352e+01 2.689789789789789864e+01 1.446990344715000321e+00
2.548548548548548354e+01 2.723823481684810233e+01 1.447514171525000171e+00
2.550550550550550355e+01 2.598248834772272531e+01 1.447029126625000162e+00
2.552552552552552356e+01 2.692394542980480310e+01 1.447070261525000179e+00
2.554554554554554358e+01 2.642117899149148741e+01 1.447029126625000162e+00
2.556556556556556359e+01 2.604491991991991284e+01 1.447029126625000162e+00
2.558558558558558360e+01 2.558558558558558360e+01 1.446984715805000210e+00
2.560560560560560361e+01 2.464539539539539348e+01 1.449780338025000059e+00
2.562562562562562363e+01 2.755005005005005003e+01 1.447519800435000281e+00
2.564564564564564364e+01 2.804992492492493028e+01 1.447519800435000281e+00
2.566566566566566365e+01 2.414677959209208780e+01 1.449778530851999925e+00
2.568568568568568367e+01 2.761211211211211491e+01 1.447519800435000281e+00
2.570570570570570368e+01 2.698597034534534345e+01 1.447070261525000179e+00
2.572572572572572369e+01 2.604604115834584377e+01 1.447029126625000162e+00
2.574574574574574370e+01 2.767667667667667786e+01 1.447519800435000281e+00
2.576576576576576372e+01 2.628913288288287831e+01 1.442627226624999981e+00
2.578578578578578373e+01 2.610810810810810167e+01 1.447029126625000162e+00
2.580580580580580374e+01 2.677352352352352227e+01 1.446990344715000321e+00
2.582582582582582376e+01 2.389393299549548999e+01 1.449778530851999925e+00
2.584584584584584377e+01 2.554296483983983634e+01 1.442625419451999846e+00
2.586586586586586378e+01 2.683583583583583732e+01 1.446990344715000321e+00
2.588588588588588379e+01 2.426928197728978276e+01 1.449780338025000059e+00
2.590590590590590381e+01 2.589831628503502969e+01 1.446990344715000321e+00
2.592592592592592382e+01 2.673611111111110716e+01 1.447023417625000086e+00
2.594594594594594383e+01 2.610810810810810523e+01 1.447029126625000162e+00
2.596596596596596385e+01 2.620939689689689800e+01 1.446990344715000321e+00
2.598598598598598386e+01 2.679931689502002357e+01 1.447070261525000179e+00
2.600600600600600387e+01 2.629552599474474661e+01 1.447029126625000162e+00
2.602602602602602389e+01 2.464593499749749839e+01 1.449780338025000059e+00
2.604604604604604390e+01 2.604604604604604390e+01 1.447029126625000162e+00
2.606606606606606391e+01 2.508477031719218786e+01 1.449780338025000059e+00
2.608608608608608392e+01 2.604532657657657424e+01 1.447029126625000162e+00
2.610610610610610394e+01 2.692447134634634409e+01 1.447070261525000179e+00
2.612612612612612395e+01 2.220720720720719754e+01 1.450657448991999665e+00
2.614614614614614396e+01 2.679724646521521692e+01 1.447023417625000086e+00
2.616616616616616398e+01 2.780155155155154745e+01 1.447519800435000281e+00
2.618618618618618399e+01 2.095022757132132796e+01 1.448808016012999911e+00
2.620620620620620400e+01 2.489717549580830536e+01 1.449780338025000059e+00
2.622622622622622401e+01 2.585741991991991284e+01 1.447029126625000162e+00
2.624624624624624403e+01 2.558368231512762492e+01 1.442250244715000296e+00
2.626626626626626404e+01 2.101301301301301550e+01 1.448808016012999911e+00
2.628628628628628405e+01 2.464596041353853195e+01 1.449780338025000059e+00
2.630630630630630407e+01 2.598261542792792156e+01 1.447029126625000162e+00
2.632632632632632408e+01 2.533908908908908586e+01 1.441732915805000070e+00
2.634634634634634409e+01 2.667310279029028663e+01 1.447023417625000086e+00
2.636636636636636410e+01 2.602262516422672789e+01 1.446990344715000321e+00
2.638638638638638412e+01 2.573188031781781149e+01 1.447027319452000027e+00
2.640640640640640413e+01 2.673648648648648418e+01 1.447023417625000086e+00
2.642642642642642770e+01 2.608577327327327566e+01 1.446990344715000321e+00
2.644644644644644771e+01 2.777135142955455649e+01 1.447036569106999959e+00
2.646646646646646772e+01 2.679729729729730181e+01 1.447023417625000086e+00
2.648648648648648773e+01 2.714864864864865268e+01 1.447036569106999959e+00
2.650650650650650775e+01 2.783183183183183473e+01 1.447036569106999959e+00
2.652652652652652776e+01 2.752127127127127437e+01 1.447036569106999959e+00
2.654654654654654777e+01 2.721021021021021369e+01 1.447036569106999959e+00
2.656656656656656779e+01 2.789489489489489671e+01 1.447036569106999959e+00
2.658658658658658780e+01 2.858058058058058037e+01 1.440653577701000110e+00
2.660660660660660781e+01 2.527627627627627760e+01 1.441732915805000070e+00
2.662662662662662783e+01 2.795795795795795868e+01 1.447036569106999959e+00
2.664664664664664784e+01 2.664664664664664784e+01 1.446990344715000321e+00
2.666666666666666785e+01 2.591666666666666075e+01 1.442627226624999981e+00
2.668668668668668786e+01 2.802102102102102421e+01 1.447036569106999959e+00
2.670670670670670788e+01 2.654761402027027373e+01 1.447029126625000162e+00
2.672672672672672789e+01 2.739750492680180116e+01 1.447036569106999959e+00
2.674674674674674790e+01 2.808408408408408619e+01 1.446761756107000085e+00
2.676676676676676792e+01 2.660862327170921304e+01 1.447029126625000162e+00
2.678678678678678793e+01 2.679725037537537702e+01 1.447023417625000086e+00
2.680680680680680794e+01 2.814714714714714816e+01 1.446761756107000085e+00
2.682682682682682795e+01 2.717264139139139090e+01 1.447070261525000179e+00
2.684684684684684797e+01 2.752326154279279535e+01 1.447036569106999959e+00
2.686686686686686798e+01 2.821021021021021369e+01 1.446761756107000085e+00
2.688688688688688799e+01 2.789514514514514687e+01 1.447036569106999959e+00
2.690690690690690801e+01 2.623423423423423273e+01 1.447029126625000162e+00
2.692692692692692802e+01 2.827327327327327566e+01 1.446761756107000085e+00
2.694694694694694803e+01 2.796272053303303551e+01 1.446761756107000085e+00
2.696696696696696804e+01 2.730142056118618754e+01 1.447514171525000171e+00
2.698698698698698806e+01 2.698698698698698806e+01 1.447070261525000179e+00
2.700700700700700807e+01 2.802504457582582376e+01 1.446761756107000085e+00
2.702702702702702808e+01 2.466216216216216139e+01 1.442312108631999878e+00
2.704704704704704810e+01 2.704704704704704810e+01 1.447070261525000179e+00
2.706706706706706811e+01 2.977377377377377954e+01 1.441823612601000004e+00
2.708708708708708812e+01 2.667112571555930245e+01 1.447029126625000162e+00
2.710710710710710813e+01 2.846246246246246514e+01 1.446755868701000036e+00
2.712712712712712815e+01 2.814969266141141446e+01 1.446761756107000085e+00
2.714714714714714816e+01 2.748648648648649129e+01 1.447519800435000281e+00
2.716716716716716817e+01 2.852552552552552712e+01 1.447884768701000135e+00
2.718718718718718819e+01 2.821201670420420982e+01 1.446761756107000085e+00
2.720720720720720820e+01 2.704778997747747837e+01 1.447070261525000179e+00
2.722722722722722821e+01 2.654654654654654422e+01 1.447029126625000162e+00
2.724724724724724823e+01 2.827434074699699806e+01 1.446761756107000085e+00
2.726726726726726824e+01 2.658558558558558360e+01 1.446990344715000321e+00
2.728728728728728825e+01 2.711141219344343867e+01 1.447070261525000179e+00
2.730730730730730826e+01 2.833666478978979342e+01 1.446761756107000085e+00
2.732732732732732828e+01 2.598231043543543706e+01 1.447029126625000162e+00
2.734734734734734829e+01 2.717375578703703809e+01 1.447070261525000179e+00
2.736736736736736830e+01 2.770945945945945965e+01 1.447036569106999959e+00
2.738738738738738832e+01 2.558540962837837895e+01 1.446984715805000210e+00
2.740740740740740833e+01 2.617086226851852260e+01 1.447029126625000162e+00
2.742742742742742834e+01 2.811311311311311556e+01 1.447519800435000281e+00
2.744744744744744835e+01 2.864559285848348580e+01 1.440653577701000110e+00
2.746746746746746837e+01 2.660910910910910943e+01 1.447029126625000162e+00
2.748748748748748838e+01 2.748748748748748838e+01 1.447519800435000281e+00
2.750750750750750839e+01 2.870827468093093060e+01 1.440653577701000110e+00
2.752752752752752841e+01 2.864583333333333570e+01 1.440653577701000110e+00
2.754754754754754842e+01 2.823623623623623757e+01 1.447519800435000281e+00
2.756756756756756843e+01 2.946283783783783861e+01 1.441823612601000004e+00
2.758758758758758844e+01 2.870833333333332860e+01 1.440653577701000110e+00
2.760760760760760846e+01 2.622722722722722821e+01 1.442627226624999981e+00
2.762762762762762847e+01 3.039039039039039025e+01 1.432422251001000069e+00
2.764764764764764848e+01 2.764764764764764848e+01 1.447036569106999959e+00
2.766766766766766850e+01 2.351751751751750419e+01 1.449842560653000101e+00
2.768768768768768851e+01 3.114864864864865268e+01 1.432859099701000005e+00
2.770770770770770852e+01 2.736406719219219141e+01 1.447514171525000171e+00
2.772772772772772854e+01 2.564814814814814525e+01 1.446984715805000210e+00
2.774774774774774855e+01 3.051710304054054035e+01 1.432422251001000069e+00
2.776776776776776856e+01 2.846196196196196126e+01 1.446755868701000036e+00
2.778778778778778857e+01 2.648523523523523693e+01 1.447029126625000162e+00
2.780780780780780859e+01 3.041478978978979342e+01 1.434770938300999887e+00
2.782782782782782860e+01 2.817567567567567721e+01 1.447519800435000281e+00
2.784784784784784861e+01 2.647721158658658425e+01 1.442627226624999981e+00
2.786786786786786863e+01 2.991713588588588379e+01 1.437035461300999906e+00
2.788788788788788864e+01 2.823648648648648773e+01 1.447519800435000281e+00
2.790790790790790865e+01 2.686136136136136088e+01 1.447070261525000179e+00
2.792792792792792866e+01 2.592060810810811233e+01 1.447029126625000162e+00
2.794794794794794868e+01 2.864664664664664784e+01 1.440653577701000110e+00
2.796796796796796869e+01 2.870813587024524693e+01 1.440653577701000110e+00
2.798798798798798870e+01 2.798798798798798870e+01 1.447519800435000281e+00
2.800800800800800872e+01 2.870820820820820884e+01 1.440653577701000110e+00
2.802802802802802873e+01 2.877525963463464009e+01 1.441776768701000133e+00
2.804804804804804874e+01 2.752214714714714461e+01 1.447036569106999959e+00
2.806806806806806875e+01 2.877525181431431633e+01 1.441776768701000133e+00
2.808808808808808877e+01 2.883692090528028729e+01 1.441776768701000133e+00
2.810810810810810878e+01 2.635135135135135087e+01 1.442627226624999981e+00
2.812812812812812879e+01 2.851818615490491027e+01 1.440653577701000110e+00
2.814814814814814881e+01 2.814814814814814881e+01 1.446761756107000085e+00
2.816816816816816882e+01 2.852577186561561717e+01 1.447884768701000135e+00
2.818818818818818883e+01 2.858802552552553067e+01 1.447884768701000135e+00
2.820820820820820884e+01 2.679917515171421627e+01 1.447070261525000179e+00
2.822822822822822886e+01 2.761073573573573725e+01 1.447519800435000281e+00
2.824824824824824887e+01 2.983721221221221498e+01 1.441823612601000004e+00
2.826826826826826888e+01 2.579479479479478954e+01 1.447029126625000162e+00
2.828828828828828890e+01 2.758660613738738476e+01 1.447036569106999959e+00
2.830830830830830891e+01 2.990065065065065397e+01 1.441823612601000004e+00
2.832832832832832892e+01 2.921358858858858909e+01 1.441823612601000004e+00
2.834834834834834894e+01 2.339292417417416914e+01 1.449842560653000101e+00
2.836836836836836895e+01 2.996408908908908941e+01 1.441823612601000004e+00
2.838838838838838896e+01 2.883750156406406973e+01 1.441776768701000133e+00
2.840840840840840897e+01 2.689921171171171466e+01 1.446990344715000321e+00
2.842842842842842899e+01 3.127404748498499032e+01 1.432859099701000005e+00
2.844844844844844900e+01 2.896240967530029309e+01 1.441776768701000133e+00
2.846846846846846901e+01 2.598303772522521626e+01 1.447029126625000162e+00
2.848848848848848903e+01 3.026623694006507037e+01 1.432422251001000069e+00
2.850850850850850904e+01 2.908758758758759200e+01 1.441776768701000133e+00
2.852852852852852905e+01 2.623287349849850258e+01 1.447029126625000162e+00
2.854854854854854906e+01 2.792404904904905294e+01 1.447519800435000281e+00
2.856856856856856908e+01 2.914886761761761491e+01 1.441776768701000133e+00
2.858858858858858909e+01 2.711169763513513686e+01 1.447070261525000179e+00
2.860860860860860910e+01 2.717259055930931311e+01 1.447070261525000179e+00
2.862862862862862912e+01 2.952327327327327566e+01 1.441823612601000004e+00
2.864864864864864913e+01 2.864305320945945965e+01 1.440653577701000110e+00
2.866866866866866914e+01 2.723803490990990639e+01 1.447514171525000171e+00
2.868868868868868915e+01 3.102524790415416334e+01 1.432859099701000005e+00
2.870870870870870917e+01 2.736298798798798515e+01 1.447514171525000171e+00
2.872872872872872918e+01 2.648429679679679793e+01 1.447029126625000162e+00
2.874874874874874919e+01 3.169100350350350936e+01 1.428777024061000045e+00
2.876876876876876921e+01 2.660900402355480665e+01 1.447029126625000162e+00
2.878878878878878922e+01 3.022822822822822886e+01 1.437044938300999997e+00
2.880880880880880923e+01 3.171500993180681149e+01 1.427774002741000192e+00
2.882882882882882924e+01 3.027027027027027373e+01 1.432421618748999981e+00
2.884884884884884926e+01 2.307907907907907585e+01 1.450066140652999991e+00
2.886886886886886927e+01 2.742401581268768496e+01 1.447519800435000281e+00
2.888888888888888928e+01 3.033897569444444642e+01 1.441813657448999919e+00
2.890890890890890930e+01 2.439471502752751064e+01 1.449780338025000059e+00
2.892892892892892931e+01 2.314031805242742834e+01 1.450066140652999991e+00
2.894894894894894932e+01 3.039074230480480665e+01 1.432422251001000069e+00
2.896896896896896934e+01 2.761104854854854906e+01 1.447519800435000281e+00
2.898898898898898935e+01 2.635903090590590381e+01 1.447029126625000162e+00
2.900900900900900936e+01 3.064076576576577082e+01 1.432422251001000069e+00
2.902902902902902937e+01 2.658537443693693447e+01 1.446990344715000321e+00
2.904904904904904939e+01 2.977527527527527695e+01 1.441823612601000004e+00
2.906906906906906940e+01 3.070420420420420982e+01 1.432422251001000069e+00
2.908908908908908941e+01 2.836186186186186120e+01 1.447512739135000226e+00
2.910910910910910943e+01 2.983825818005505681e+01 1.441823612601000004e+00
2.912912912912912944e+01 3.076764264264264170e+01 1.432422251001000069e+00
2.914914914914914945e+01 2.914914914914914945e+01 1.441776768701000133e+00
2.916916916916916946e+01 2.780186436436436281e+01 1.447519800435000281e+00
2.918918918918918948e+01 3.083678209459459651e+01 1.432859099701000005e+00
2.920920920920920949e+01 2.920920920920920949e+01 1.441776768701000133e+00
2.922922922922922950e+01 2.902371121121120723e+01 1.441776768701000133e+00
2.924924924924924952e+01 3.090023226351351582e+01 1.432859099701000005e+00
2.926926926926926953e+01 2.839890867429929955e+01 1.446761577701000112e+00
2.928928928928928954e+01 2.908620925613113428e+01 1.441776768701000133e+00
2.930930930930930955e+01 3.077477477477477663e+01 1.432859099701000005e+00
2.932932932932932957e+01 2.786286286286286185e+01 1.447519800435000281e+00
2.934934934934934958e+01 2.896241945070070045e+01 1.441776768701000133e+00
2.936936936936936959e+01 3.010360360360360232e+01 1.437035461300999906e+00
2.938938938938938961e+01 2.314127408658658425e+01 1.450066140652999991e+00
2.940940940940940962e+01 3.033994150400400258e+01 1.442257567448999911e+00
2.942942942942942963e+01 3.016588365709459651e+01 1.437035461300999906e+00
2.944944944944944965e+01 2.871339295838807715e+01 1.447884768701000135e+00
2.946946946946946966e+01 2.983783783783783861e+01 1.441823612601000004e+00
2.948948948948948967e+01 2.414451951951951614e+01 1.449778530851999925e+00
2.950950950950950968e+01 2.711186186186185409e+01 1.447070261525000179e+00
2.952952952952952970e+01 2.858366178678679148e+01 1.440653577701000110e+00
2.954954954954954971e+01 3.010360360360360232e+01 1.437035461300999906e+00
2.956956956956956972e+01 2.679742242242242511e+01 1.447023417625000086e+00
2.958958958958958974e+01 2.846264232982982634e+01 1.446755868701000036e+00
2.960960960960960975e+01 3.146021021021021014e+01 1.432854525741000140e+00
2.962962962962962976e+01 2.814814814814814525e+01 1.446761756107000085e+00
2.964964964964964977e+01 2.964964964964964977e+01 1.441823612601000004e+00
2.966966966966966979e+01 3.152402402402402615e+01 1.432854525741000140e+00
2.968968968968968980e+01 2.598282755411661782e+01 1.447029126625000162e+00
2.970970970970970981e+01 2.377066910660659005e+01 1.449778530851999925e+00
2.972972972972972983e+01 2.954391891891891930e+01 1.437035639706999879e+00
2.974974974974974984e+01 2.026701701701699676e+01 1.440472130392999928e+00
2.976976976976976985e+01 2.786264389389389606e+01 1.447519800435000281e+00
2.978978978978978986e+01 2.902468093093092705e+01 1.441776768701000133e+00
2.980980980980980988e+01 3.008927677677677792e+01 1.441820718748999974e+00
2.982982982982982989e+01 2.698667417417416559e+01 1.447070261525000179e+00
2.984984984984984990e+01 2.761111111111111072e+01 1.447519800435000281e+00
2.986986986986986992e+01 2.996321321321321562e+01 1.441820718748999974e+00
2.988988988988988993e+01 2.764814814814814525e+01 1.447036569106999959e+00
2.990990990990990994e+01 2.617117117117116720e+01 1.447029126625000162e+00
2.992992992992992995e+01 2.983932174361861911e+01 1.441823612601000004e+00
2.994994994994994997e+01 2.927139639639639768e+01 1.441776768701000133e+00
2.996996996996996998e+01 2.730076951951951969e+01 1.447514171525000171e+00
2.998998998998998999e+01 2.990066433621121433e+01 1.441823612601000004e+00
3.001001001001001001e+01 2.792337650150150097e+01 1.447519800435000281e+00
3.003003003003003002e+01 2.883645364114114074e+01 1.441776768701000133e+00
3.005005005005005003e+01 2.851820179554554358e+01 1.440653577701000110e+00
3.007007007007007005e+01 2.908633242617617398e+01 1.441776768701000133e+00
3.009009009009009006e+01 2.773930180180180116e+01 1.447519800435000281e+00
3.011011011011011007e+01 2.704911161161160038e+01 1.447070261525000179e+00
3.013013013013013008e+01 3.093634650275275533e+01 1.427171852561000209e+00
3.015015015015015010e+01 3.051524962462462298e+01 1.432422251001000069e+00
3.017017017017017011e+01 2.764813250750750484e+01 1.447036569106999959e+00
3.019019019019019012e+01 2.589752252252251452e+01 1.446990344715000321e+00
3.021021021021021014e+01 3.021021021021021014e+01 1.432421618748999981e+00
3.023023023023023015e+01 2.758508508508507617e+01 1.447036569106999959e+00
3.025025025025025016e+01 2.727249124124124080e+01 1.447036569106999959e+00
3.027027027027027017e+01 3.027618243243243512e+01 1.441820718748999974e+00
3.029029029029029019e+01 2.877577577577577372e+01 1.441776768701000133e+00
3.031031031031031020e+01 2.858833540571821530e+01 1.447884768701000135e+00
3.033033033033033021e+01 3.033033033033033021e+01 1.432422251001000069e+00
3.035035035035035023e+01 3.196271271271271530e+01 1.427774002741000192e+00
3.037037037037037024e+01 2.752314814814815236e+01 1.447036569106999959e+00
3.039039039039039025e+01 3.115015015015015365e+01 1.432859099701000005e+00
3.041041041041041026e+01 3.202596346346346223e+01 1.427774002741000192e+00
3.043043043043043028e+01 2.320320320320318075e+01 1.450066140652999991e+00
3.045045045045045029e+01 2.683445945945945965e+01 1.446990344715000321e+00
3.047047047047047030e+01 3.206540915915915946e+01 1.428777024061000045e+00
3.049049049049049032e+01 2.977586961961961265e+01 1.441823612601000004e+00
3.051051051051051033e+01 2.921291995120119722e+01 1.441823612601000004e+00
3.053053053053053034e+01 3.244055212439001679e+01 1.428775287160999996e+00
3.055055055055055035e+01 3.150525525525525694e+01 1.428777024061000045e+00
3.057057057057057037e+01 2.920922484984984635e+01 1.441776768701000133e+00
3.059059059059059038e+01 3.250287592279779858e+01 1.428772393308999966e+00
3.061061061061061039e+01 3.156719219219219497e+01 1.428777024061000045e+00
3.063063063063063041e+01 2.852552259290539993e+01 1.447884768701000135e+00
3.065065065065065042e+01 3.065065065065065042e+01 1.432858467448999917e+00
3.067067067067067043e+01 3.162912912912912944e+01 1.428777024061000045e+00
3.069069069069069045e+01 2.858070570570571078e+01 1.440653577701000110e+00
3.071071071071071046e+01 3.051876876876876565e+01 1.432422251001000069e+00
3.073073073073073047e+01 3.169106606606606746e+01 1.428777024061000045e+00
3.075075075075075048e+01 2.767567567567566300e+01 1.447519800435000281e+00
3.077077077077077050e+01 2.846146048392141381e+01 1.446761577701000112e+00
3.079079079079079051e+01 3.175300300300300194e+01 1.428777024061000045e+00
3.081081081081081052e+01 2.696096389358107714e+01 1.446990344715000321e+00
3.083083083083083054e+01 2.852454016516515978e+01 1.446755868701000036e+00
3.085085085085085055e+01 3.152270043480980988e+01 1.432854525741000140e+00
3.087087087087087056e+01 2.971321321321320852e+01 1.441823612601000004e+00
3.089089089089089057e+01 3.244071464042167463e+01 1.428775287160999996e+00
3.091091091091091059e+01 2.898199762262262169e+01 1.440573739706999978e+00
3.093093093093093060e+01 3.131605726820570368e+01 1.428790852561000024e+00
3.095095095095095061e+01 3.250114323307683151e+01 1.427155130209000200e+00
3.097097097097097063e+01 3.058383383383383602e+01 1.432422251001000069e+00
3.099099099099099064e+01 2.614864864864863847e+01 1.446990344715000321e+00
3.101101101101101065e+01 2.946046046046046030e+01 1.441823612601000004e+00
3.103103103103103066e+01 2.948099466654154099e+01 1.437035639706999879e+00
3.105105105105105068e+01 2.629635885885886637e+01 1.447029126625000162e+00
3.107107107107107069e+01 2.602202202202201775e+01 1.446990344715000321e+00
3.109109109109109070e+01 3.420020020020020013e+01 1.419836229411000073e+00
3.111111111111111072e+01 2.916970486111111427e+01 1.440573739706999978e+00
3.113113113113113073e+01 2.646146146146145384e+01 1.446990344715000321e+00
3.115115115115115074e+01 3.096254066566566721e+01 1.432859099701000005e+00
3.117117117117117076e+01 2.566751126126125371e+01 1.442627226624999981e+00
3.119119119119119077e+01 3.119119119119119077e+01 1.428790852561000024e+00
3.121121121121121078e+01 2.965065065065064687e+01 1.441823612601000004e+00
3.123123123123123079e+01 2.654654654654653001e+01 1.447029126625000162e+00
3.125125125125125081e+01 3.127261441128628405e+01 1.432859099701000005e+00
3.127127127127127082e+01 3.127432510635635765e+01 1.432859099701000005e+00
3.129129129129129083e+01 2.933864137575075048e+01 1.441823612601000004e+00
3.131131131131131085e+01 3.121040571821821885e+01 1.432859099701000005e+00
3.133133133133133086e+01 2.896312327952952970e+01 1.441776768701000133e+00
3.135135135135135087e+01 3.331081081081080697e+01 1.423615925561000140e+00
3.137137137137137088e+01 2.514764667010761201e+01 1.449780338025000059e+00
3.139139139139139090e+01 2.865077577577576662e+01 1.447884768701000135e+00
3.141141141141141091e+01 3.357861474756006004e+01 1.420504510902000250e+00
3.143143143143143092e+01 3.065178459709709458e+01 1.432858467448999917e+00
3.145145145145145094e+01 2.889909245182683151e+01 1.441776768701000133e+00
3.147147147147147095e+01 2.989482451201201485e+01 1.432421618748999981e+00
3.149149149149149096e+01 2.952327327327327566e+01 1.441823612601000004e+00
3.151151151151151097e+01 3.289321743618619109e+01 1.420503484000000149e+00
3.153153153153153099e+01 2.877560177364863847e+01 1.441776768701000133e+00
3.155155155155155100e+01 2.839947760260258747e+01 1.446761577701000112e+00
3.157157157157157101e+01 2.686204270676926242e+01 1.447070261525000179e+00
3.159159159159159103e+01 2.941966966966966268e+01 1.437035639706999879e+00
3.161161161161161104e+01 2.370870870870869851e+01 1.449778530851999925e+00
3.163163163163163105e+01 3.163163163163163105e+01 1.428777024061000045e+00
3.165165165165165106e+01 3.164856067004504325e+01 1.432854525741000140e+00
3.167167167167167108e+01 3.299544857357358296e+01 1.423617662461000188e+00
3.169169169169169109e+01 3.089939939939939961e+01 1.432859099701000005e+00
3.171171171171171110e+01 3.131531531531531698e+01 1.428790852561000024e+00
3.173173173173173112e+01 3.305801895645645061e+01 1.423615925561000140e+00
3.175175175175175113e+01 3.021377627627627405e+01 1.441820718748999974e+00
3.177177177177177114e+01 2.383193154091592092e+01 1.449778530851999925e+00
3.179179179179179116e+01 3.339069538288288186e+01 1.420504510902000250e+00
3.181181181181181117e+01 3.171589484992805552e+01 1.427778576701000057e+00
3.183183183183183118e+01 2.566752299174173757e+01 1.442627226624999981e+00
3.185185185185185119e+01 3.345377604166667140e+01 1.420504510902000250e+00
3.187187187187187121e+01 3.187809684684684441e+01 1.428777024061000045e+00
3.189189189189189122e+01 3.169256756756756488e+01 1.428777024061000045e+00
3.191191191191191123e+01 3.351685670045044674e+01 1.420504510902000250e+00
3.193193193193193125e+01 2.933746246246245448e+01 1.441823612601000004e+00
3.195195195195195126e+01 3.125300300300299838e+01 1.428790852561000024e+00
3.197197197197197127e+01 3.357369283345846611e+01 1.419792710561000204e+00
3.199199199199199128e+01 2.239439439439436086e+01 1.450657448991999665e+00
3.201201201201200774e+01 3.121171171171170755e+01 1.432859099701000005e+00
3.203203203203203486e+01 3.363676176176176114e+01 1.419792710561000204e+00
3.205205205205204777e+01 2.483408017392392964e+01 1.449780338025000059e+00
3.207207207207207489e+01 2.245671452702703874e+01 1.450657448991999665e+00
3.209209209209208780e+01 3.286932244744744480e+01 1.423617662461000188e+00
3.211211211211211491e+01 2.890090090090089348e+01 1.441776768701000133e+00
3.213213213213212782e+01 2.510322822822820399e+01 1.442312108631999878e+00
3.215215215215215494e+01 3.215215215215215494e+01 1.427774002741000192e+00
3.217217217217216785e+01 2.333110845220217300e+01 1.449842560653000101e+00
3.219219219219219497e+01 2.736336336336335506e+01 1.447514171525000171e+00
3.221221221221220787e+01 3.301751751751751840e+01 1.420503484000000149e+00
3.223223223223223499e+01 3.102352352352352938e+01 1.432859099701000005e+00
3.225225225225224790e+01 3.215146396396396256e+01 1.427774002741000192e+00
3.227227227227227502e+01 3.307907907907907941e+01 1.420503484000000149e+00
3.229229229229228793e+01 2.402054593656154324e+01 1.449778530851999925e+00
3.231231231231231504e+01 2.564789789789789509e+01 1.446984715805000210e+00
3.233233233233232795e+01 3.314064064064064041e+01 1.420503484000000149e+00
3.235235235235235507e+01 2.548063688688688799e+01 1.443206419451999789e+00
3.237237237237236798e+01 2.589789789789789154e+01 1.446990344715000321e+00
3.239239239239239510e+01 2.996454462274774500e+01 1.441823612601000004e+00
3.241241241241240800e+01 2.755055055055054680e+01 1.447519800435000281e+00
3.243243243243243512e+01 3.212837837837838606e+01 1.428777024061000045e+00
3.245245245245244803e+01 3.082982982982982634e+01 1.432422251001000069e+00
3.247247247247247515e+01 2.598273468781282247e+01 1.447029126625000162e+00
3.249249249249248805e+01 2.671111345720721175e+01 1.446990344715000321e+00
3.251251251251251517e+01 2.270795795795793026e+01 1.450645349951999785e+00
3.253253253253252808e+01 2.602284902089587248e+01 1.446990344715000321e+00
3.255255255255255520e+01 3.357299878003003357e+01 1.419792710561000204e+00
3.257257257257256811e+01 3.420120120120120077e+01 1.419836229411000073e+00
3.259259259259259522e+01 3.096296296296296191e+01 1.432859099701000005e+00
3.261261261261260813e+01 2.283201365427925467e+01 1.450645349951999785e+00
3.263263263263263525e+01 3.426426426426426985e+01 1.419836229411000073e+00
3.265265265265264816e+01 3.008890922172171045e+01 1.441820718748999974e+00
3.267267267267267528e+01 3.308108108108108070e+01 1.420503484000000149e+00
3.269269269269268818e+01 3.432573100444194125e+01 1.419836229411000073e+00
3.271271271271271530e+01 2.617017017017016656e+01 1.447029126625000162e+00
3.273273273273272821e+01 2.965125281531530987e+01 1.441823612601000004e+00
3.275275275275275533e+01 3.152132601351351227e+01 1.432854525741000140e+00
3.277277277277276823e+01 2.723596643518517624e+01 1.447070261525000179e+00
3.279279279279279535e+01 3.033993832699887605e+01 1.442257567448999911e+00
3.281281281281280826e+01 3.240265265265264816e+01 1.427774584000000235e+00
3.283283283283283538e+01 3.139639639639639768e+01 1.432854525741000140e+00
3.285285285285285539e+01 3.121021021021021369e+01 1.432859099701000005e+00
3.287287287287287540e+01 3.286966263138138800e+01 1.423617662461000188e+00
3.289289289289289542e+01 2.755100999436938736e+01 1.447519800435000281e+00
3.291291291291291543e+01 3.332753847597598451e+01 1.420504510902000250e+00
3.293293293293293544e+01 3.293293293293293544e+01 1.423617662461000188e+00
3.295295295295295546e+01 2.389410895270268043e+01 1.449778530851999925e+00
3.297297297297297547e+01 3.544594594594595094e+01 1.411010662982000285e+00
3.299299299299299548e+01 2.652327327327326145e+01 1.446990344715000321e+00
3.301301301301301550e+01 3.156869369369368172e+01 1.428777024061000045e+00
3.303303303303303551e+01 3.551051051051051388e+01 1.411010662982000285e+00
3.305305305305305552e+01 3.150288423188813880e+01 1.428790852561000024e+00
3.307307307307307553e+01 3.225351327890389541e+01 1.428777024061000045e+00
3.309309309309309555e+01 3.469603978978979342e+01 1.416293555451000108e+00
3.311311311311311556e+01 2.814937984859859199e+01 1.446761756107000085e+00
3.313313313313313557e+01 3.318490365365366301e+01 1.423615925561000140e+00
3.315315315315315559e+01 3.476224662162162105e+01 1.416276989811000142e+00
3.317317317317317560e+01 3.027618976398273176e+01 1.441820718748999974e+00
3.319319319319319561e+01 2.489651565628128438e+01 1.449780338025000059e+00
3.321321321321321562e+01 2.864639639639641189e+01 1.440653577701000110e+00
3.323323323323323564e+01 2.326650869619620110e+01 1.450066140652999991e+00
3.325325325325325565e+01 2.332842363848222078e+01 1.450066140652999991e+00
3.327327327327327566e+01 3.181756756756756488e+01 1.428777024061000045e+00
3.329329329329329568e+01 2.829929929929931731e+01 1.447519800435000281e+00
3.331331331331331569e+01 3.164764764764764493e+01 1.432854525741000140e+00
3.333333333333333570e+01 3.250122070312500000e+01 1.427155130209000200e+00
3.335335335335335571e+01 3.669316728838214203e+01 1.410865824012000447e+00
3.337337337337337573e+01 2.445805473442192834e+01 1.449780338025000059e+00
3.339339339339339574e+01 3.255855855855855907e+01 1.423617030209000101e+00
3.341341341341341575e+01 3.675638626908158813e+01 1.410865824012000447e+00
3.343343343343343577e+01 3.301551551551551711e+01 1.420503484000000149e+00
3.345345345345345578e+01 3.345345345345345578e+01 1.420504510902000250e+00
3.347347347347347579e+01 3.681918637387387605e+01 1.410865824012000447e+00
3.349349349349349581e+01 2.598280653700573595e+01 1.447029126625000162e+00
3.351351351351351582e+01 2.767483108108107714e+01 1.447519800435000281e+00
3.353353353353353583e+01 3.395270270270270885e+01 1.419836229411000073e+00
3.355355355355355584e+01 3.190208958958959329e+01 1.427774002741000192e+00
3.357357357357357586e+01 2.685885885885884505e+01 1.447023417625000086e+00
3.359359359359359587e+01 3.401351351351351582e+01 1.419836229411000073e+00
3.361361361361361588e+01 3.188041166166166107e+01 1.428777024061000045e+00
3.363363363363363590e+01 2.646021021021021369e+01 1.446990344715000321e+00
3.365365365365365591e+01 3.407432432432432279e+01 1.419836229411000073e+00
3.367367367367367592e+01 2.883637152777778567e+01 1.441776768701000133e+00
3.369369369369369593e+01 2.679701576576579214e+01 1.447023417625000086e+00
3.371371371371371595e+01 3.181731731731731472e+01 1.428777024061000045e+00
3.373373373373373596e+01 2.698698698698695608e+01 1.447070261525000179e+00
3.375375375375375597e+01 3.206606606606606391e+01 1.428777024061000045e+00
3.377377377377377599e+01 2.195625117304804519e+01 1.450657448991999665e+00
3.379379379379379600e+01 3.293244807307307553e+01 1.423617662461000188e+00
3.381381381381381601e+01 2.789639639639636925e+01 1.447036569106999959e+00
3.383383383383383602e+01 2.458404693756255099e+01 1.449780338025000059e+00
3.385385385385385604e+01 2.710953140640641124e+01 1.447070261525000179e+00
3.387387387387387605e+01 3.557252956081082118e+01 1.411010662982000285e+00
3.389389389389389606e+01 3.389058394331831892e+01 1.419836229411000073e+00
3.391391391391391608e+01 3.051589871121121078e+01 1.432422251001000069e+00
3.393393393393393609e+01 3.563560142173423628e+01 1.411010662982000285e+00
3.395395395395395610e+01 2.377108358358358231e+01 1.449778530851999925e+00
3.397397397397397611e+01 3.121027081769269529e+01 1.432859099701000005e+00
3.399399399399399613e+01 3.318398085585586443e+01 1.423615925561000140e+00
3.401401401401401614e+01 3.156925675675675791e+01 1.428777024061000045e+00
3.403403403403403615e+01 2.552303279842342931e+01 1.446711815805000079e+00
3.405405405405405617e+01 3.320270270270270885e+01 1.420503484000000149e+00
3.407407407407407618e+01 3.237785734953703809e+01 1.428775287160999996e+00
3.409409409409409619e+01 2.908652402402404391e+01 1.441776768701000133e+00
3.411411411411411621e+01 3.581981981981982699e+01 1.410864797110000346e+00
3.413413413413413622e+01 3.376079204204204132e+01 1.419792710561000204e+00
3.415415415415415623e+01 3.174935482357357230e+01 1.427171852561000209e+00
3.417417417417417624e+01 3.588288288288288896e+01 1.410864797110000346e+00
3.419419419419419626e+01 3.376676676676676436e+01 1.420436157402000354e+00
3.421421421421421627e+01 3.164814814814814170e+01 1.432854525741000140e+00
3.423423423423423628e+01 3.594594594594595094e+01 1.410864797110000346e+00
3.425425425425425630e+01 3.382774864708459006e+01 1.419836229411000073e+00
3.427427427427427631e+01 3.256056056056056036e+01 1.423617030209000101e+00
3.429429429429429632e+01 3.600900900900901291e+01 1.410864797110000346e+00
3.431431431431431633e+01 3.388873639264264881e+01 1.419836229411000073e+00
3.433433433433433635e+01 2.660910910910912008e+01 1.447029126625000162e+00
3.435435435435435636e+01 3.650653387762763202e+01 1.410864797110000346e+00
3.437437437437437637e+01 3.351501501501501679e+01 1.420504510902000250e+00
3.439439439439439639e+01 3.482432432432432279e+01 1.416276989811000142e+00
3.441441441441441640e+01 3.656867609797297547e+01 1.410864797110000346e+00
3.443443443443443641e+01 2.755091028528529051e+01 1.447519800435000281e+00
3.445445445445445642e+01 2.896327577577576662e+01 1.441776768701000133e+00
3.447447447447447644e+01 3.663249577702702453e+01 1.410864797110000346e+00
3.449449449449449645e+01 3.276976976976977340e+01 1.420503484000000149e+00
3.451451451451451646e+01 2.761161161161159328e+01 1.447519800435000281e+00
3.453453453453453648e+01 3.669294294294294900e+01 1.410865824012000447e+00
3.455455455455455649e+01 3.196296296296296191e+01 1.427774002741000192e+00
3.457457457457457650e+01 3.457288636292543060e+01 1.416298129410999973e+00
3.459459459459459651e+01 3.513344594594595094e+01 1.411010662982000285e+00
3.461461461461461653e+01 2.996412085914037249e+01 1.441823612601000004e+00
3.463463463463463654e+01 3.420170170170170110e+01 1.419836229411000073e+00
3.465465465465465655e+01 2.339189189189190188e+01 1.449842560653000101e+00
3.467467467467467657e+01 2.773973973973973273e+01 1.447519800435000281e+00
3.469469469469469658e+01 3.382902140421671788e+01 1.420436157402000354e+00
3.471471471471471659e+01 2.798873873873873563e+01 1.447519800435000281e+00
3.473473473473473661e+01 3.212962962962963331e+01 1.428777024061000045e+00
3.475475475475475662e+01 3.301701701701701808e+01 1.420503484000000149e+00
3.477477477477477663e+01 3.532152660472973338e+01 1.411010662982000285e+00
3.479479479479479664e+01 2.786301926926927308e+01 1.447519800435000281e+00
3.481481481481481666e+01 2.654629629629630827e+01 1.447029126625000162e+00
3.483483483483483667e+01 3.538593280780780503e+01 1.411010662982000285e+00
3.485485485485485668e+01 4.051876876876876565e+01 1.391676073111999923e+00
3.487487487487487670e+01 3.215027527527528406e+01 1.427774002741000192e+00
3.489489489489489671e+01 3.227777777777778567e+01 1.427774002741000192e+00
3.491491491491491672e+01 3.775409589276777922e+01 1.410860236242000187e+00
3.493493493493493673e+01 3.133568138450949547e+01 1.432859099701000005e+00
3.495495495495495675e+01 2.629643510698196351e+01 1.447029126625000162e+00
3.497497497497497676e+01 2.841716716716716817e+01 1.440580801007000034e+00
3.499499499499499677e+01 3.127335929679679083e+01 1.432859099701000005e+00
3.501501501501501679e+01 3.326426426426426275e+01 1.420504510902000250e+00
3.503503503503503680e+01 3.656610712274775210e+01 1.409911824012000325e+00
3.505505505505505681e+01 2.892042042042042738e+01 1.440573739706999978e+00
3.507507507507507682e+01 3.102294481981981633e+01 1.432859099701000005e+00
3.509509509509509684e+01 3.114689689689688734e+01 1.432859099701000005e+00
3.511511511511511685e+01 2.633633633633633053e+01 1.446990344715000321e+00
3.513513513513513686e+01 2.646114864864865979e+01 1.446990344715000321e+00
3.515515515515515688e+01 2.433224239864864558e+01 1.449780338025000059e+00
3.517517517517517689e+01 2.977523617367366171e+01 1.441823612601000004e+00
3.519519519519519690e+01 3.469682573198198128e+01 1.416293555451000108e+00
3.521521521521521692e+01 2.553103103103105553e+01 1.441732915805000070e+00
3.523523523523523693e+01 3.413757507507507682e+01 1.419836229411000073e+00
3.525525525525525694e+01 3.283145645645645772e+01 1.420503484000000149e+00
3.527527527527527695e+01 2.689739739739740543e+01 1.446990344715000321e+00
3.529529529529529697e+01 3.750469805743243512e+01 1.410865374212000312e+00
3.531531531531531698e+01 3.576020551801801872e+01 1.410864797110000346e+00
3.533533533533533699e+01 2.871341067630127242e+01 1.447884768701000135e+00
3.535535535535535701e+01 3.756679140077578438e+01 1.410865374212000312e+00
3.537537537537537702e+01 3.432516891891891930e+01 1.419836229411000073e+00
3.539539539539539703e+01 3.451396709209208780e+01 1.419815089811000242e+00
3.541541541541541704e+01 3.762931119596159135e+01 1.410865374212000312e+00
3.543543543543543706e+01 3.588183887012012008e+01 1.410864797110000346e+00
3.545545545545545707e+01 3.351648523523523693e+01 1.420504510902000250e+00
3.547547547547547708e+01 3.719295271834334926e+01 1.410865374212000312e+00
3.549549549549549710e+01 3.638288288288288186e+01 1.410864797110000346e+00
3.551551551551551711e+01 2.754880270895895222e+01 1.447519800435000281e+00
3.553553553553553712e+01 3.731751771302552356e+01 1.410865374212000312e+00
3.555555555555555713e+01 3.644444444444444287e+01 1.410864797110000346e+00
3.557557557557557715e+01 2.579229229229227371e+01 1.442627226624999981e+00
3.559559559559559716e+01 3.737972054085335571e+01 1.410865374212000312e+00
3.561561561561561717e+01 2.270669399868621596e+01 1.450645349951999785e+00
3.563563563563563719e+01 3.563563563563563719e+01 1.411010662982000285e+00
3.565565565565565720e+01 3.744192043606106068e+01 1.410865374212000312e+00
3.567567567567567721e+01 3.300000000000000000e+01 1.423615925561000140e+00
3.569569569569569722e+01 3.569569569569569722e+01 1.410864797110000346e+00
3.571571571571571724e+01 3.750324543293294255e+01 1.409911374212000190e+00
3.573573573573573725e+01 3.663261894707207489e+01 1.410864797110000346e+00
3.575575575575575726e+01 3.575924752877877921e+01 1.410864797110000346e+00
3.577577577577577728e+01 3.756718486064188767e+01 1.410865374212000312e+00
3.579579579579579729e+01 3.669418637387387605e+01 1.410864797110000346e+00
3.581581581581581730e+01 3.575985360360360232e+01 1.410864797110000346e+00
3.583583583583583732e+01 3.762937742429930665e+01 1.410865374212000312e+00
3.585585585585585733e+01 3.675575380067567721e+01 1.410865824012000447e+00
3.587587587587587734e+01 3.318518518518518334e+01 1.423615925561000140e+00
3.589589589589589735e+01 3.769156705533659135e+01 1.410865374212000312e+00
3.591591591591591737e+01 3.681907493430931311e+01 1.410865824012000447e+00
3.593593593593593738e+01 3.413913913913913944e+01 1.419836229411000073e+00
3.595595595595595739e+01 3.775331483827577728e+01 1.409911374212000190e+00
3.597597597597597741e+01 3.681916291291291543e+01 1.410865824012000447e+00
3.599599599599599742e+01 3.413995245245245513e+01 1.419836229411000073e+00
3.601601601601601743e+01 3.871721721721721821e+01 1.391375262492000164e+00
3.603603603603603744e+01 3.964667792792792511e+01 1.391375262492000164e+00
3.605605605605605746e+01 2.608606360266514557e+01 1.446990344715000321e+00
3.607607607607607747e+01 3.376142939814814525e+01 1.419792710561000204e+00
3.609609609609609748e+01 3.694386085304054745e+01 1.410865824012000447e+00
3.611611611611611750e+01 2.528128128128125240e+01 1.441732915805000070e+00
3.613613613613613751e+01 3.557327346878128083e+01 1.411010662982000285e+00
3.615615615615615752e+01 3.700533150337838606e+01 1.410865374212000312e+00
3.617617617617617753e+01 2.170570570570570368e+01 1.448780233611999702e+00
3.619619619619619755e+01 2.717586727352350096e+01 1.447514171525000171e+00
3.621621621621621756e+01 3.519940350506756488e+01 1.416272415851000277e+00
3.623623623623623757e+01 2.714842528074948547e+01 1.447036569106999959e+00
3.625625625625625759e+01 2.401976976976978051e+01 1.449778530851999925e+00
3.627627627627627760e+01 3.519932432432432279e+01 1.416272415851000277e+00
3.629629629629629761e+01 2.767592592592589895e+01 1.447519800435000281e+00
3.631631631631631763e+01 3.631986283158158102e+01 1.410864797110000346e+00
3.633633633633633764e+01 2.401959576764266302e+01 1.449778530851999925e+00
3.635635635635635765e+01 3.769153821790540349e+01 1.410865374212000312e+00
3.637637637637637766e+01 3.631953828828828534e+01 1.410864797110000346e+00
3.639639639639639768e+01 3.457657657657657779e+01 1.419815089811000242e+00
3.641641641641641769e+01 2.458463737174677277e+01 1.449780338025000059e+00
3.643643643643643770e+01 3.638306275025025371e+01 1.410864797110000346e+00
3.645645645645645772e+01 3.827927927927927954e+01 1.391196394142000248e+00
3.647647647647647773e+01 2.182889139139140156e+01 1.448780233611999702e+00
3.649649649649649774e+01 3.638244494494495029e+01 1.410864797110000346e+00
3.651651651651651775e+01 2.921321321321319431e+01 1.441823612601000004e+00
3.653653653653653777e+01 2.420902347660155129e+01 1.449778530851999925e+00
3.655655655655655778e+01 3.507501642267266817e+01 1.416272415851000277e+00
3.657657657657657779e+01 3.389048423423422918e+01 1.419836229411000073e+00
3.659659659659659781e+01 2.527251421343216364e+01 1.449790585805000198e+00
3.661661661661661782e+01 3.750431926066692512e+01 1.410865374212000312e+00
3.663663663663663783e+01 3.846846846846847257e+01 1.391375262492000164e+00
3.665665665665665784e+01 3.482561369963713105e+01 1.416276989811000142e+00
3.667667667667667786e+01 3.756673079329328857e+01 1.410865374212000312e+00
3.669669669669669787e+01 2.755119181681679663e+01 1.447519800435000281e+00
3.671671671671671788e+01 3.482530381944444287e+01 1.416276989811000142e+00
3.673673673673673790e+01 3.762914525853977921e+01 1.410865374212000312e+00
3.675675675675675791e+01 3.675675675675675791e+01 1.410865824012000447e+00
3.677677677677677792e+01 3.332715821290040026e+01 1.420504510902000250e+00
3.679679679679679793e+01 3.840665665665665784e+01 1.391375712292000300e+00
3.681681681681681795e+01 3.681861451295044674e+01 1.410865824012000447e+00
3.683683683683683796e+01 3.407767142142142802e+01 1.419836229411000073e+00
3.685685685685685797e+01 3.869969969969969981e+01 1.391174547242000292e+00
3.687687687687687799e+01 3.681925675675675791e+01 1.410865824012000447e+00
3.689689689689689800e+01 2.208048673673678408e+01 1.450657448991999665e+00
3.691691691691691801e+01 3.876276276276276889e+01 1.391174547242000292e+00
3.693693693693693803e+01 3.688102653434684441e+01 1.410865824012000447e+00
3.695695695695695804e+01 2.540790790790788378e+01 1.441732915805000070e+00
3.697697697697697805e+01 3.871749483858859264e+01 1.391375262492000164e+00
3.699699699699699806e+01 2.589789789789787733e+01 1.446990344715000321e+00
3.701701701701701808e+01 3.557284726132381536e+01 1.411010662982000285e+00
3.703703703703703809e+01 3.744212962962963331e+01 1.410865374212000312e+00
3.705705705705705810e+01 3.613424948385886637e+01 1.410864797110000346e+00
3.707707707707707812e+01 3.557263122497496965e+01 1.411010662982000285e+00
3.709709709709709813e+01 3.900810478447198193e+01 1.391475357862000051e+00
3.711711711711711814e+01 4.001689189189190188e+01 1.391388423111999950e+00
3.713713713713713815e+01 2.692442442442443706e+01 1.447070261525000179e+00
3.715715715715715817e+01 2.664864864864864558e+01 1.446990344715000321e+00
3.717717717717717818e+01 4.007801356043543706e+01 1.391388423111999950e+00
3.719719719719719819e+01 2.792695820820820529e+01 1.447519800435000281e+00
3.721721721721721821e+01 3.669294147663288186e+01 1.410865824012000447e+00
3.723723723723723822e+01 4.096096096096096062e+01 1.390515973112000037e+00
3.725725725725725823e+01 3.551082332332332214e+01 1.411010662982000285e+00
3.727727727727727824e+01 3.669299964026527050e+01 1.410865824012000447e+00
3.729729729729729826e+01 2.610810810810814075e+01 1.447029126625000162e+00
3.731731731731731827e+01 3.731731731731731827e+01 1.410865374212000312e+00
3.733733733733733828e+01 3.919691175550551065e+01 1.391475357862000051e+00
3.735735735735735830e+01 2.426951365427925111e+01 1.449780338025000059e+00
3.737737737737737831e+01 2.692339214214214138e+01 1.447070261525000179e+00
3.739739739739739832e+01 3.915040040040040026e+01 1.391375262492000164e+00
3.741741741741741833e+01 3.051858108108105228e+01 1.432422251001000069e+00
3.743743743743743835e+01 2.433250633445943834e+01 1.449780338025000059e+00
3.745745745745745836e+01 4.026859574418168108e+01 1.391676073111999923e+00
3.747747747747747837e+01 2.623423423423422207e+01 1.447029126625000162e+00
3.749749749749749839e+01 3.234159159159157326e+01 1.427774002741000192e+00
3.751751751751751840e+01 2.239326826826825823e+01 1.450657448991999665e+00
3.753753753753753841e+01 3.507413663663663783e+01 1.416272415851000277e+00
3.755755755755755843e+01 2.617108905780780503e+01 1.447029126625000162e+00
3.757757757757757844e+01 2.395570570570567526e+01 1.449778530851999925e+00
3.759759759759759845e+01 2.866816816816816882e+01 1.440580801007000034e+00
3.761761761761761846e+01 2.727277277277279666e+01 1.447036569106999959e+00
3.763763763763763848e+01 3.569694694694695158e+01 1.410864797110000346e+00
3.765765765765765849e+01 2.780194256756755067e+01 1.447519800435000281e+00
3.767767767767767850e+01 3.014214214214214849e+01 1.432421618748999981e+00
3.769769769769769852e+01 2.780205205205208330e+01 1.447519800435000281e+00
3.771771771771771853e+01 2.546049540751685925e+01 1.450249915805000178e+00
3.773773773773773854e+01 2.264264264264257775e+01 1.450645349951999785e+00
3.775775775775775855e+01 3.451295045045046095e+01 1.419815089811000242e+00
3.777777777777777857e+01 2.302083333333332860e+01 1.450421769951999895e+00
3.779779779779779858e+01 2.646030405405403485e+01 1.446990344715000321e+00
3.781781781781781859e+01 3.982688938938939316e+01 1.391454335111999896e+00
3.783783783783783861e+01 2.264542863175673659e+01 1.450657448991999665e+00
3.785785785785785862e+01 2.827508758758759200e+01 1.446761756107000085e+00
3.787787787787787863e+01 3.787834025431681795e+01 1.409737187242000145e+00
3.789789789789789864e+01 3.588457207207207489e+01 1.410864797110000346e+00
3.791791791791791866e+01 2.464664664664663718e+01 1.449780338025000059e+00
3.793793793793793867e+01 3.995246467170295546e+01 1.391454335111999896e+00
3.795795795795795868e+01 3.588213213213212782e+01 1.410864797110000346e+00
3.797797797797797870e+01 2.658458458458456164e+01 1.446990344715000321e+00
3.799799799799799871e+01 4.001478627064564364e+01 1.391454335111999896e+00
3.801801801801801872e+01 3.706756756756756488e+01 1.410865374212000312e+00
3.803803803803803874e+01 2.948133680555555713e+01 1.437035639706999879e+00
3.805805805805805875e+01 3.900858035770145449e+01 1.391475357862000051e+00
3.807807807807807876e+01 3.706848841028528341e+01 1.410865374212000312e+00
3.809809809809809877e+01 3.613366491491491672e+01 1.410864797110000346e+00
3.811811811811811879e+01 3.907107107107107424e+01 1.391475357862000051e+00
3.813813813813813880e+01 3.700591216216216139e+01 1.410865374212000312e+00
3.815815815815815881e+01 3.607138388388388250e+01 1.410864797110000346e+00
3.817817817817817883e+01 4.020546180946572434e+01 1.391676073111999923e+00
3.819819819819819884e+01 3.769087837837837895e+01 1.409911374212000190e+00
3.821821821821821885e+01 3.600872747747747837e+01 1.410864797110000346e+00
3.823823823823823886e+01 4.032939189189190188e+01 1.391676073111999923e+00
3.825825825825825888e+01 2.289517642642643125e+01 1.450421769951999895e+00
3.827827827827827889e+01 3.815912592279779858e+01 1.399160885390000386e+00
3.829829829829829890e+01 4.039273648648648418e+01 1.391676073111999923e+00
3.831831831831831892e+01 2.514733190221470238e+01 1.449780338025000059e+00
3.833833833833833893e+01 3.737987987987987992e+01 1.410865374212000312e+00
3.835835835835835894e+01 4.026878440940940607e+01 1.391676073111999923e+00
3.837837837837837895e+01 3.932284628378378244e+01 1.391475357862000051e+00
3.839839839839839897e+01 3.737937840183933957e+01 1.410865374212000312e+00
3.841841841841841898e+01 4.033183574199198773e+01 1.391676073111999923e+00
3.843843843843843899e+01 3.507507507507507682e+01 1.416272415851000277e+00
3.845845845845845901e+01 3.845845845845845901e+01 1.391174547242000292e+00
3.847847847847847902e+01 4.039488707457456940e+01 1.391676073111999923e+00
3.849849849849849903e+01 2.545966987495311784e+01 1.442244615805000185e+00
3.851851851851851904e+01 3.550925925925925242e+01 1.411010662982000285e+00
3.853853853853853906e+01 4.045605664258008005e+01 1.391676073111999923e+00
3.855855855855855907e+01 3.663063063063062685e+01 1.410864797110000346e+00
3.857857857857857908e+01 3.532351101101099999e+01 1.411010662982000285e+00
3.859859859859859910e+01 4.076976976976978051e+01 1.390515973112000037e+00
3.861861861861861911e+01 2.510210210210205517e+01 1.442312108631999878e+00
3.863863863863863912e+01 3.815565565565565720e+01 1.391195367240000147e+00
3.865865865865865914e+01 4.033109867680180827e+01 1.391676073111999923e+00
3.867867867867867915e+01 2.320342999249247384e+01 1.450066140652999991e+00
3.869869869869869916e+01 2.514754060701323013e+01 1.449780338025000059e+00
3.871871871871871917e+01 3.769167067458083409e+01 1.410865374212000312e+00
3.873873873873873919e+01 2.614864864864866689e+01 1.446990344715000321e+00
3.875875875875875920e+01 2.664664664664664429e+01 1.446990344715000321e+00
3.877877877877877921e+01 3.538563563563563008e+01 1.411010662982000285e+00
3.879879879879879923e+01 2.717431493993993996e+01 1.447070261525000179e+00
3.881881881881881924e+01 3.675656906906907295e+01 1.410865824012000447e+00
3.883883883883883925e+01 3.908916729229228793e+01 1.391375262492000164e+00
3.885885885885885926e+01 3.762934027777777857e+01 1.410865374212000312e+00
3.887887887887887928e+01 4.222762606356357651e+01 1.382338185682000065e+00
3.889889889889889929e+01 2.577241988081835444e+01 1.446990344715000321e+00
3.891891891891891930e+01 3.089949324324322433e+01 1.432859099701000005e+00
3.893893893893893932e+01 4.210272772772773919e+01 1.382338185682000065e+00
3.895895895895895933e+01 3.895895895895895933e+01 1.391195944342000113e+00
3.897897897897897934e+01 2.320467342342342221e+01 1.450066140652999991e+00
3.899899899899899935e+01 2.723836336336334085e+01 1.447514171525000171e+00
3.901901901901901937e+01 3.706806806806806520e+01 1.410865374212000312e+00
3.903903903903903938e+01 2.208145645645643995e+01 1.450657448991999665e+00
3.905905905905905939e+01 2.929524788460335927e+01 1.440573739706999978e+00
3.907907907907907941e+01 3.688088088088088057e+01 1.410865824012000447e+00
3.909909909909909942e+01 2.614752252252248965e+01 1.446990344715000321e+00
3.911911911911911943e+01 2.408270770770769431e+01 1.449778530851999925e+00
3.913913913913913944e+01 3.864989989989990704e+01 1.391195944342000113e+00
3.915915915915915946e+01 2.692383399024023305e+01 1.447070261525000179e+00
3.917917917917917947e+01 2.748664289289287055e+01 1.447519800435000281e+00
3.919919919919919948e+01 3.926044794794795223e+01 1.391475357862000051e+00
3.921921921921921950e+01 2.598273273273275663e+01 1.447029126625000162e+00
3.923923923923923951e+01 2.660910910910911653e+01 1.447029126625000162e+00
3.925925925925925952e+01 4.102285879629629761e+01 1.390515973112000037e+00
3.927927927927927954e+01 3.719256756756756488e+01 1.410865374212000312e+00
3.929929929929929955e+01 2.898323323323325695e+01 1.440573739706999978e+00
3.931931931931931956e+01 4.179213588588589801e+01 1.382338185682000065e+00
3.933933933933933957e+01 3.688063063063062685e+01 1.410865824012000447e+00
3.935935935935935959e+01 2.755155155155152613e+01 1.447519800435000281e+00
3.937937937937937960e+01 4.122528778778779213e+01 1.381457123682000132e+00
3.939939939939939961e+01 3.939939939939939961e+01 1.391375262492000164e+00
3.941941941941941963e+01 3.644371519957456940e+01 1.410864797110000346e+00
3.943943943943943964e+01 4.114950888388388961e+01 1.390515973112000037e+00
3.945945945945945965e+01 3.995270270270270174e+01 1.391454335111999896e+00
3.947947947947947966e+01 2.664864864864863492e+01 1.446990344715000321e+00
3.949949949949949968e+01 4.172906109234234862e+01 1.382338185682000065e+00
3.951951951951951969e+01 3.989001501501501679e+01 1.391454335111999896e+00
3.953953953953953970e+01 4.102227227227227502e+01 1.390515973112000037e+00
3.955955955955955972e+01 4.203975850850851259e+01 1.382338185682000065e+00
3.957957957957957973e+01 3.982695195195195481e+01 1.391454335111999896e+00
3.959959959959959974e+01 4.108458458458459006e+01 1.390515973112000037e+00
3.961961961961961975e+01 4.160446970407907941e+01 1.382338185682000065e+00
3.963963963963963977e+01 3.769152942004504325e+01 1.410865374212000312e+00
3.965965965965965978e+01 4.089902402402402970e+01 1.390515973112000037e+00
3.967967967967967979e+01 4.166753863238237443e+01 1.382338185682000065e+00
3.969969969969969981e+01 3.871108413100600387e+01 1.391195944342000113e+00
3.971971971971971982e+01 4.096096096096096062e+01 1.390515973112000037e+00
3.973973973973973983e+01 4.173060756068568367e+01 1.382338185682000065e+00
3.975975975975975985e+01 3.681854706268768496e+01 1.410865824012000447e+00
3.977977977977977986e+01 4.102289789789789864e+01 1.390515973112000037e+00
3.979979979979979987e+01 4.179367648898899290e+01 1.382338185682000065e+00
3.981981981981981988e+01 2.339414414414408938e+01 1.449842560653000101e+00
3.983983983983983990e+01 4.083583583583583732e+01 1.390515973112000037e+00
3.985985985985985991e+01 4.185285285285285539e+01 1.382338185682000065e+00
3.987987987987987992e+01 2.740962837837836474e+01 1.442905755535000223e+00
3.989989989989989994e+01 3.890240240240240155e+01 1.391375262492000164e+00
3.991991991991991995e+01 4.278916416416416268e+01 1.382613279482000079e+00
3.993993993993993996e+01 2.792675487987989413e+01 1.447519800435000281e+00
3.995995995995995997e+01 3.995215528028028018e+01 1.391454335111999896e+00
3.997997997997997999e+01 4.347822822822823241e+01 1.382843670621999976e+00
4.000000000000000000e+01 3.100390625000000000e+01 1.428790852561000024e+00
