4.000000000000000000e+01 4.237500000000000000e+01 8.649667787400000876e-03
4.004004004004004003e+01 4.204191984953703809e+01 8.851258877500000483e-03
4.008008008008008005e+01 4.245983483483483667e+01 8.892487261400003340e-03
4.012012012012012008e+01 4.221966791009760556e+01 9.072329056700001101e-03
4.016016016016016010e+01 4.232541147104135604e+01 8.651624325800001680e-03
4.020020020020020013e+01 3.806480992711460942e+01 8.462699938599998681e-03
4.024024024024024015e+01 4.250375375375375597e+01 8.892602862800002769e-03
4.028028028028028018e+01 4.257702331237486959e+01 8.923916085000002316e-03
4.032032032032032021e+01 4.230458999038100387e+01 8.660304704800001960e-03
4.036036036036036023e+01 4.225175957207206778e+01 8.927585608300002418e-03
4.040040040040040026e+01 4.219948073073073402e+01 9.096766916700001551e-03
4.044044044044044028e+01 4.258883883883883215e+01 8.922360775000002381e-03
4.048048048048048031e+01 4.199849849849849193e+01 8.595120079500001564e-03
4.052052052052052034e+01 4.229279865803303551e+01 8.662552223800001547e-03
4.056056056056056036e+01 4.255652930762794028e+01 8.923916085000002316e-03
4.060060060060060039e+01 4.364539783924549710e+01 8.883280038400000536e-03
4.064064064064064041e+01 4.213266611337900258e+01 8.588118461500000161e-03
4.068068068068068044e+01 4.226927317942942608e+01 8.927269250100003037e-03
4.072072072072072046e+01 4.377477477477476953e+01 9.018139683400002923e-03
4.076076076076076049e+01 4.349937437437438348e+01 8.450133496200001523e-03
4.080080080080080052e+01 4.258583583583583732e+01 8.922360775000002381e-03
4.084084084084084054e+01 4.368080482826576372e+01 8.521996995300000835e-03
4.088088088088088057e+01 4.250985323702609264e+01 8.892780745800002787e-03
4.092092092092092059e+01 4.379817317317318270e+01 9.009523183400003701e-03
4.096096096096096062e+01 4.236899399399399613e+01 8.649667787400000876e-03
4.100100100100100065e+01 4.244244244244245579e+01 8.892487261400003340e-03
4.104104104104104067e+01 5.552570545398913993e+01 1.956440998929999744e-02
4.108108108108108070e+01 5.526751873944260751e+01 1.953393171829999678e-02
4.112112112112112072e+01 4.242171712728352873e+01 8.892119389400002238e-03
4.116116116116116075e+01 3.968193193193192769e+01 7.803595453099999336e-03
4.120120120120120077e+01 5.529973723723720980e+01 1.958864841829999551e-02
4.124124124124124080e+01 4.224030426911286895e+01 9.072329056700001101e-03
4.128128128128128083e+01 4.620762168418417559e+01 8.446632350100003600e-03
4.132132132132132085e+01 5.533183183183190579e+01 1.958864841829999551e-02
4.136136136136136088e+01 5.579731965852573694e+01 1.939384147959999707e-02
4.140140140140140090e+01 5.551979982912598643e+01 1.956386260129999721e-02
4.144144144144144093e+01 4.250985360360360232e+01 8.892780745800002787e-03
4.148148148148148096e+01 4.251839192708333570e+01 8.920438462800002466e-03
4.152152152152152098e+01 5.579479797179993028e+01 1.942799578359999738e-02
4.156156156156156101e+01 4.260047376478040349e+01 8.922360775000002381e-03
4.160160160160160103e+01 5.567464339339338864e+01 1.954068644289999601e-02
4.164164164164164106e+01 5.563050355042545903e+01 1.958801022299999639e-02
4.168168168168168108e+01 4.272366012252486911e+01 8.892858252900003035e-03
4.172172172172172111e+01 3.959489176676676436e+01 7.791422658599999294e-03
4.176176176176176114e+01 4.254492224157751679e+01 8.922163273800002084e-03
4.180180180180180116e+01 4.699462450731981988e+01 8.534135753800001570e-03
4.184184184184184119e+01 4.210335335335335571e+01 8.851258877500000483e-03
4.188188188188188121e+01 4.188188188188188121e+01 8.505338695800000390e-03
4.192192192192192124e+01 4.241293857333896256e+01 8.892119389400002238e-03
4.196196196196196126e+01 4.091291291291291543e+01 7.597517100799999236e-03
4.200200200200200129e+01 4.239538623095751291e+01 8.892119389400002238e-03
4.204204204204204132e+01 4.204191373991178438e+01 8.851258877500000483e-03
4.208208208208208134e+01 4.237771487307618656e+01 8.893093087400001651e-03
4.212212212212212137e+01 4.257409166979478954e+01 8.923916085000002316e-03
4.216216216216216139e+01 4.203059840846705697e+01 8.595313969500001372e-03
4.220220220220220142e+01 4.220220220220220142e+01 9.072329056700001101e-03
4.224224224224224145e+01 5.544294294294292058e+01 1.980247464029999752e-02
4.228228228228228147e+01 4.215040822072072046e+01 8.403582461499999393e-03
4.232232232232232150e+01 4.232206400736674112e+01 8.660205053800001593e-03
4.236236236236236152e+01 4.318975225225224790e+01 7.838624275689999241e-03
4.240240240240240155e+01 4.265913569819819884e+01 9.077972733000002833e-03
4.244244244244244157e+01 4.244244244244244157e+01 8.892487261400003340e-03
4.248248248248248160e+01 4.221696696696696449e+01 9.072329056700001101e-03
4.252252252252252163e+01 4.571171171171172176e+01 8.110222835399997707e-03
4.256256256256256165e+01 4.256243267192974145e+01 8.923916085000002316e-03
4.260260260260260168e+01 4.227809059059058683e+01 8.927600742500001532e-03
4.264264264264264170e+01 4.217597846870307166e+01 9.096092755700000906e-03
4.268268268268268173e+01 4.241591591591590316e+01 8.892119389400002238e-03
4.272272272272272176e+01 4.232245795600287863e+01 8.651624325800001680e-03
4.276276276276276178e+01 4.329736254809496643e+01 7.856376264389999461e-03
4.280280280280280181e+01 5.544274425792978889e+01 1.980471633559999570e-02
4.284284284284284183e+01 4.371308808808809232e+01 8.520152278300000687e-03
4.288288288288288186e+01 4.455799549549549710e+01 7.581125297800000128e-03
4.292292292292292188e+01 4.198398398398398967e+01 8.595120079500001564e-03
4.296296296296296191e+01 5.504616518373845224e+01 1.920311368760999754e-02
4.300300300300300194e+01 4.227228791291290833e+01 8.927269250100003037e-03
4.304304304304304196e+01 4.189340707895395610e+01 8.505338695800000390e-03
4.308308308308308199e+01 4.628907032032030600e+01 8.271252474100002083e-03
4.312312312312312201e+01 5.499040446696697160e+01 1.891761464690999706e-02
4.316316316316316204e+01 4.233699324324322788e+01 8.649593339800001196e-03
4.320320320320320207e+01 5.515158908908908586e+01 1.913470716319999598e-02
4.324324324324324209e+01 5.563344594594590120e+01 1.958795998999999718e-02
4.328328328328328212e+01 5.564268956456454873e+01 1.954075070399999628e-02
4.332332332332332214e+01 4.224024024024024015e+01 9.072329056700001101e-03
4.336336336336336217e+01 5.522046686579161445e+01 1.953617999200999572e-02
4.340340340340340219e+01 4.366619744744744480e+01 8.521996995300000835e-03
4.344344344344344222e+01 4.208583583583583732e+01 8.851258877500000483e-03
4.348348348348348225e+01 5.564527027027027373e+01 1.954075070399999628e-02
4.352352352352352227e+01 4.257994713463463654e+01 8.922360775000002381e-03
4.356356356356356230e+01 4.220220220220220142e+01 9.072329056700001101e-03
4.360360360360360232e+01 5.520284346846848678e+01 1.924571691100999613e-02
4.364364364364364235e+01 5.538139702202199999e+01 1.979274275059999741e-02
4.368368368368368237e+01 4.368368368368368237e+01 8.521996995300000835e-03
4.372372372372372240e+01 5.573914124085025890e+01 1.953414107689999818e-02
4.376376376376376243e+01 4.369524932647490800e+01 8.521996995300000835e-03
4.380380380380380245e+01 5.530230230230232280e+01 1.953393171829999678e-02
4.384384384384384248e+01 5.558406062312315044e+01 1.958801132899999631e-02
4.388388388388388250e+01 4.827227227227227502e+01 9.536633355670003087e-03
4.392392392392392253e+01 5.529980199926487217e+01 1.958864841829999551e-02
4.396396396396396256e+01 4.175704488668355197e+01 8.037247343300000374e-03
4.400400400400400258e+01 4.757932932932934023e+01 8.965034156900003603e-03
4.404404404404404261e+01 4.652165593327702453e+01 8.299328515400003839e-03
4.408408408408408263e+01 4.621940690690690445e+01 8.446632350100003600e-03
4.412412412412412266e+01 4.611366860024086378e+01 8.438215198100002326e-03
4.416416416416416268e+01 4.611359797297296836e+01 8.438284145100002215e-03
4.420420420420420271e+01 5.540189212650153650e+01 1.979274275059999741e-02
4.424424424424424274e+01 5.530557535074136410e+01 1.958864841829999551e-02
4.428428428428428276e+01 5.537265390390392383e+01 1.979274275059999741e-02
4.432432432432432279e+01 5.523226351351351582e+01 1.953302763839999748e-02
4.436436436436436281e+01 5.569807307307308974e+01 1.953173084289999695e-02
4.440440440440440284e+01 4.828978978978977921e+01 9.536633355670003087e-03
4.444444444444444287e+01 5.560709635416667851e+01 1.958801022299999639e-02
4.448448448448448289e+01 5.550243114207955841e+01 1.935694563529999704e-02
4.452452452452452292e+01 5.527343065721974824e+01 1.953393171829999678e-02
4.456456456456456294e+01 5.528791291291292964e+01 1.953393171829999678e-02
4.460460460460460297e+01 5.535487513881068367e+01 1.979303401859999756e-02
4.464464464464464299e+01 5.570116991991993416e+01 1.953173084289999695e-02
4.468468468468468302e+01 5.544566441441445193e+01 1.980471633559999570e-02
4.472472472472472305e+01 5.541672922922923306e+01 1.980259792459999890e-02
4.476476476476476307e+01 5.546620473012071528e+01 1.980500760629999579e-02
4.480480480480480310e+01 5.534025101761919530e+01 1.973822703859999875e-02
4.484484484484484312e+01 5.546046046046048161e+01 1.980500760629999579e-02
4.488488488488488315e+01 4.719926176176176114e+01 8.725594035199998877e-03
4.492492492492492318e+01 5.591979577233484378e+01 1.883850909039999980e-02
4.496496496496496320e+01 5.543131253812409653e+01 1.980247464029999752e-02
4.500500500500500323e+01 5.504323073073072692e+01 1.920311368760999754e-02
4.504504504504504325e+01 4.205377252252251452e+01 8.851258877500000483e-03
4.508508508508508328e+01 5.531728603603602323e+01 1.958864841829999551e-02
4.512512512512512330e+01 5.508438125625626469e+01 1.920856448680999598e-02
4.516516516516516333e+01 5.476276276276274757e+01 1.907449690664999448e-02
4.520520520520520336e+01 5.545156203566848774e+01 1.980500760629999579e-02
4.524524524524524338e+01 5.542542542542540218e+01 1.980218336959999742e-02
4.528528528528528341e+01 5.526441089527027373e+01 1.953319131829999583e-02
4.532532532532532343e+01 4.592730230230229438e+01 8.598403056859998603e-03
4.536536536536536346e+01 5.555485172672675986e+01 1.956440998929999744e-02
4.540540540540540349e+01 5.532010135135136153e+01 1.958864841829999551e-02
4.544544544544544351e+01 5.552865365365364170e+01 1.956440998929999744e-02
4.548548548548548354e+01 5.532855120745746547e+01 1.973822703859999875e-02
4.552552552552552356e+01 5.488849005255256941e+01 1.885089695640999527e-02
4.556556556556556359e+01 5.560436828429993028e+01 1.958801132899999631e-02
4.560560560560560361e+01 5.530570414164161264e+01 1.958864841829999551e-02
4.564564564564564364e+01 5.562171546546544931e+01 1.958801022299999639e-02
4.568568568568568367e+01 5.556343061811811879e+01 1.958771548929999842e-02
4.572572572572572369e+01 5.531741116116118917e+01 1.958864841829999551e-02
4.576576576576576372e+01 5.560733279666385442e+01 1.958801132899999631e-02
4.580580580580580374e+01 5.556637887887891480e+01 1.958771548929999842e-02
4.584584584584584377e+01 5.566867648898898580e+01 1.954068644289999601e-02
4.588588588588588379e+01 4.590381006006006004e+01 8.598403056859998603e-03
4.592592592592592382e+01 5.530844907407406197e+01 1.958864841829999551e-02
4.596596596596596385e+01 5.558111236236236863e+01 1.958801132899999631e-02
4.600600600600600387e+01 4.602397710210210846e+01 8.600552490499999148e-03
4.604604604604604390e+01 4.619893330830831246e+01 8.446603595100002707e-03
4.608608608608608392e+01 4.630211461461460942e+01 8.310637564800001098e-03
4.612612612612612395e+01 5.563048986486485603e+01 1.958801022299999639e-02
4.616616616616616398e+01 4.587762762762762492e+01 8.479084568259997665e-03
4.620620620620620400e+01 4.615205830830831246e+01 8.440546795100001623e-03
4.624624624624624403e+01 5.561291760510511040e+01 1.958801022299999639e-02
4.628628628628628405e+01 4.628685130442942608e+01 8.357779403100003973e-03
4.632632632632632408e+01 5.562750128057745513e+01 1.958801022299999639e-02
4.636636636636636410e+01 5.563044220978792964e+01 1.958801022299999639e-02
4.640640640640640413e+01 5.525262762762762492e+01 1.953302763839999748e-02
4.644644644644644416e+01 4.701795545545544996e+01 8.853218572800001379e-03
4.648648648648648418e+01 5.497571790540540349e+01 1.890321009640999472e-02
4.652652652652652421e+01 5.509576764264265591e+01 1.913477264680999573e-02
4.656656656656656423e+01 5.471585782559905908e+01 1.873181111904999308e-02
4.660660660660660426e+01 5.476276276276276178e+01 1.907449690664999448e-02
4.664664664664664429e+01 5.540200356606609233e+01 1.979245392459999878e-02
4.668668668668668431e+01 5.514864864864864558e+01 1.913470716319999598e-02
4.672672672672672434e+01 5.562459749788853003e+01 1.958801022299999639e-02
4.676676676676676436e+01 5.558092076451450225e+01 1.958782261999999705e-02
4.680680680680680439e+01 5.536367617617618464e+01 1.979303401859999756e-02
4.684684684684684441e+01 5.533762338999154906e+01 1.958864841829999551e-02
4.688688688688688444e+01 5.553151356923329729e+01 1.956440998929999744e-02
4.692692692692692447e+01 5.520286741819946030e+01 1.924571691100999613e-02
4.696696696696696449e+01 5.579161974474473595e+01 1.939316196359999744e-02
4.700700700700700452e+01 5.582096427482170498e+01 1.939461039759999769e-02
4.704704704704704454e+01 5.476570320320323049e+01 1.907449690664999448e-02
4.708708708708708457e+01 5.481245601069819884e+01 1.915493670324999384e-02
4.712712712712712460e+01 5.566863127776211684e+01 1.954068644289999601e-02
4.716716716716716462e+01 5.563330518018017301e+01 1.966788122299999511e-02
4.720720720720720465e+01 5.502590090090092190e+01 1.914799616690999670e-02
4.724724724724724467e+01 5.507257257257256811e+01 1.920339808980999624e-02
4.728728728728728470e+01 5.533166760510507487e+01 1.958864841829999551e-02
4.732732732732732472e+01 5.532305743243245644e+01 1.958864841829999551e-02
4.736736736736736475e+01 5.566590809559559716e+01 1.954068644289999601e-02
4.740740740740740478e+01 5.570399305555557135e+01 1.953173084289999695e-02
4.744744744744744480e+01 5.575046115451388573e+01 1.939787401359999858e-02
4.748748748748748483e+01 5.534318278239177857e+01 1.973822703859999875e-02
4.752752752752752485e+01 5.465680169916009135e+01 1.857850831804999311e-02
4.756756756756756488e+01 5.514864864864865979e+01 1.913470716319999598e-02
4.760760760760760490e+01 5.534616843405903808e+01 1.979294373859999748e-02
4.764764764764764493e+01 5.539009957222847902e+01 1.979274275059999741e-02
4.768768768768768496e+01 5.543708246821037733e+01 1.980247464029999752e-02
4.772772772772772498e+01 5.534321919575828019e+01 1.973822703859999875e-02
4.776776776776776501e+01 5.560437561585023758e+01 1.958801132899999631e-02
4.780780780780780503e+01 5.497868718327701743e+01 1.890321009640999472e-02
4.784784784784784506e+01 5.555799818373061072e+01 1.956459869829999670e-02
4.788788788788788509e+01 5.570678979761012783e+01 1.953173084289999695e-02
4.792792792792792511e+01 5.541666666666667140e+01 1.980218336959999742e-02
4.796796796796796514e+01 5.523811311311310135e+01 1.953302763839999748e-02
4.800800800800800516e+01 5.580916280049580536e+01 1.939458629959999944e-02
4.804804804804804519e+01 5.525554851726727179e+01 1.953302763839999748e-02
4.808808808808808521e+01 5.485047547547549129e+01 1.915493670324999384e-02
4.812812812812812524e+01 5.519702038464245675e+01 1.924571691100999613e-02
4.816816816816816527e+01 5.543131876994183926e+01 1.980247464029999752e-02
4.820820820820820529e+01 5.562760563297672434e+01 1.958801022299999639e-02
4.824824824824824532e+01 5.492007632632633118e+01 1.885011846449999653e-02
4.828828828828828534e+01 5.556925675675675080e+01 1.958782261999999705e-02
4.832832832832832537e+01 5.558701670420421692e+01 1.958801132899999631e-02
4.836836836836836540e+01 5.551026026026025306e+01 1.911170798129999820e-02
4.840840840840840542e+01 5.544290298599381117e+01 1.980247464029999752e-02
4.844844844844844545e+01 5.567786536536534925e+01 1.953179510399999722e-02
4.848848848848848547e+01 5.561023523523523693e+01 1.958801022299999639e-02
4.852852852852852550e+01 5.555189564564567206e+01 1.956440998929999744e-02
4.856856856856856552e+01 5.528498737995811041e+01 1.953393171829999678e-02
4.860860860860860555e+01 5.574799799799800581e+01 1.953414107689999818e-02
4.864864864864864558e+01 5.529983108108108070e+01 1.958864841829999551e-02
4.868868868868868560e+01 5.559274117867869336e+01 1.958801132899999631e-02
4.872872872872872563e+01 5.558090878964903681e+01 1.958782261999999705e-02
4.876876876876876565e+01 5.486493928010041543e+01 1.885380338184999491e-02
4.880880880880880568e+01 5.525577799479165719e+01 1.953319131829999583e-02
4.884884884884884571e+01 5.510760760760760490e+01 1.913477264680999573e-02
4.888888888888888573e+01 5.530555555555555713e+01 1.958864841829999551e-02
4.892892892892892576e+01 5.565426754879881344e+01 1.954075070399999628e-02
4.896896896896896578e+01 5.535788913913914655e+01 1.979294373859999748e-02
4.900900900900900581e+01 5.570706644144144093e+01 1.953173084289999695e-02
4.904904904904904583e+01 5.560139607380818205e+01 1.958801132899999631e-02
4.908908908908908586e+01 5.514852352352352938e+01 1.913470716319999598e-02
4.912912912912912589e+01 5.530865240240238734e+01 1.958864841829999551e-02
4.916916916916916591e+01 5.500785795561186120e+01 1.891761464690999706e-02
4.920920920920920594e+01 5.551413913913914655e+01 1.935749302329999727e-02
4.924924924924924596e+01 5.567443664367492318e+01 1.954068644289999601e-02
4.928928928928928599e+01 5.533733538225725823e+01 1.973822703859999875e-02
4.932932932932932601e+01 5.557227149024025437e+01 1.958782261999999705e-02
4.936936936936936604e+01 5.523228330869932989e+01 1.953302763839999748e-02
4.940940940940940607e+01 5.543118118118117366e+01 1.980218336959999742e-02
4.944944944944944609e+01 5.563047972288695320e+01 1.958801022299999639e-02
4.948948948948948612e+01 5.521171171171172887e+01 1.953617999200999572e-02
4.952952952952952614e+01 5.479204204204204132e+01 1.915491970664999141e-02
4.956956956956956617e+01 5.561297870135760490e+01 1.958801022299999639e-02
4.960960960960960620e+01 5.538447822822822530e+01 1.979274275059999741e-02
4.964964964964964622e+01 5.539008735297798580e+01 1.979274275059999741e-02
4.968968968968968625e+01 5.559276659471973403e+01 1.958801132899999631e-02
4.972972972972972627e+01 5.524692514780405617e+01 1.953302763839999748e-02
4.976976976976976630e+01 5.505795969309154003e+01 1.920292905290999635e-02
4.980980980980980632e+01 5.541371742836586378e+01 1.980218336959999742e-02
4.984984984984984635e+01 5.561586855410099162e+01 1.958801022299999639e-02
4.988988988988988638e+01 5.534910875230698935e+01 1.979294373859999748e-02
4.992992992992992640e+01 5.523498498498499032e+01 1.953302763839999748e-02
4.996996996996996643e+01 5.527927927927927954e+01 1.953393171829999678e-02
5.001001001001000645e+01 5.501101101101100710e+01 1.891732616690999444e-02
5.005005005005004648e+01 5.568037519941815816e+01 1.954068644289999601e-02
5.009009009009008651e+01 5.525578349345439477e+01 1.953319131829999583e-02
5.013013013013012653e+01 5.482982982982983344e+01 1.915493670324999384e-02
5.017017017017016656e+01 5.573622963784097095e+01 1.953097644289999643e-02
5.021021021021020658e+01 5.586146375868056424e+01 1.887141418069999965e-02
5.025025025025024661e+01 5.496105785961742640e+01 1.890321009640999472e-02
5.029029029029028663e+01 5.500500500500500323e+01 1.891761464690999706e-02
5.033033033033032666e+01 5.575656906906906585e+01 1.939717307689999698e-02
5.037037037037036669e+01 5.532593677662036669e+01 1.958864841829999551e-02
5.041041041041040671e+01 5.537268518518518334e+01 1.979274275059999741e-02
5.045045045045044674e+01 5.541666666666665719e+01 1.980218336959999742e-02
5.049049049049048676e+01 5.538422211273774565e+01 1.979274275059999741e-02
5.053053053053052679e+01 5.566007022647648483e+01 1.954075070399999628e-02
5.057057057057056682e+01 5.531156156156156101e+01 1.958864841829999551e-02
5.061061061061060684e+01 5.535782657657657779e+01 1.979303401859999756e-02
5.065065065065064687e+01 5.539899457563032570e+01 1.979274275059999741e-02
5.069069069069068689e+01 5.544294294294294190e+01 1.980247464029999752e-02
5.073073073073072692e+01 5.564527027027026662e+01 1.954075070399999628e-02
5.077077077077076694e+01 5.543121392877252163e+01 1.980218336959999742e-02
5.081081081081080697e+01 5.462177668391046836e+01 1.857434006260999179e-02
5.085085085085084700e+01 5.524101982842216785e+01 1.953302763839999748e-02
5.089089089089088702e+01 5.536372309809810588e+01 1.979274275059999741e-02
5.093093093093092705e+01 5.538738738738739187e+01 1.979274275059999741e-02
5.097097097097096707e+01 5.561012575075076114e+01 1.958801022299999639e-02
5.101101101101100710e+01 5.563621898265452614e+01 1.966781696189999484e-02
5.105105105105104712e+01 5.527622348911410910e+01 1.953393171829999678e-02
5.109109109109108715e+01 5.571857062140264816e+01 1.953173084289999695e-02
5.113113113113112718e+01 5.530566467346251613e+01 1.958864841829999551e-02
5.117117117117116720e+01 5.532882882882882569e+01 1.958864841829999551e-02
5.121121121121120723e+01 5.569219219219218786e+01 1.953173084289999695e-02
5.125125125125124725e+01 5.559559559559558295e+01 1.958801132899999631e-02
5.129129129129128728e+01 5.561883746539510298e+01 1.958801022299999639e-02
5.133133133133132731e+01 5.564236111111110716e+01 1.954076088999999461e-02
5.137137137137136733e+01 5.564813837274775210e+01 1.954076088999999461e-02
5.141141141141140736e+01 5.526742416244369593e+01 1.953319131829999583e-02
5.145145145145144738e+01 5.554897671108609813e+01 1.956440998929999744e-02
5.149149149149148741e+01 5.503168867109296514e+01 1.914799616690999670e-02
5.153153153153152743e+01 5.571862573022241349e+01 1.953173084289999695e-02
5.157157157157156746e+01 5.479495217874124080e+01 1.915491970664999141e-02
5.161161161161160749e+01 5.518070072025150807e+01 1.913544756319999693e-02
5.165165165165164751e+01 5.538429054054054035e+01 1.979274275059999741e-02
5.169169169169168754e+01 5.570991303803803874e+01 1.953173084289999695e-02
5.173173173173172756e+01 5.530849599599599031e+01 1.958864841829999551e-02
5.177177177177176759e+01 5.567740592154655133e+01 1.954068644289999601e-02
5.181181181181180762e+01 5.565721971971971982e+01 1.954075070399999628e-02
5.185185185185184764e+01 5.541666666666665719e+01 1.980218336959999742e-02
5.189189189189188767e+01 5.560150971283782440e+01 1.958801132899999631e-02
5.193193193193192769e+01 5.524107114927426920e+01 1.953302763839999748e-02
5.197197197197196772e+01 5.503742695332050516e+01 1.920307116690999488e-02
5.201201201201200774e+01 5.570974099099097998e+01 1.953173084289999695e-02
5.205205205205204777e+01 5.558980611470843769e+01 1.958801132899999631e-02
5.209209209209208780e+01 5.498165481154983070e+01 1.890329094690999454e-02
5.213213213213212782e+01 5.534910533091685636e+01 1.979294373859999748e-02
5.217217217217216785e+01 5.561889819507007360e+01 1.958801022299999639e-02
5.221221221221220787e+01 5.555195820820820529e+01 1.956440998929999744e-02
5.225225225225224790e+01 5.531135627815314848e+01 1.958864841829999551e-02
5.229229229229228793e+01 5.560141391391391608e+01 1.958801132899999631e-02
5.233233233233232795e+01 5.535779529529528986e+01 1.979303401859999756e-02
5.237237237237236798e+01 5.562758510463588379e+01 1.958801022299999639e-02
5.241241241241240800e+01 5.533757781218718463e+01 1.958864841829999551e-02
5.245245245245244803e+01 5.563340684434433570e+01 1.958801022299999639e-02
5.249249249249248805e+01 5.576814705330330924e+01 1.939711961359999806e-02
5.253253253253252808e+01 5.530280280280280891e+01 1.958864841829999551e-02
5.257257257257256811e+01 5.577107967342342931e+01 1.939711961359999806e-02
5.261261261261260813e+01 5.544868098078548257e+01 1.980500760629999579e-02
5.265265265265264816e+01 5.520285483237143609e+01 1.924571691100999613e-02
5.269269269269268818e+01 5.473041791791790445e+01 1.873181111904999308e-02
5.273273273273272821e+01 5.543116554054053324e+01 1.980218336959999742e-02
5.277277277277276823e+01 5.582385974842029697e+01 1.939461039759999769e-02
5.281281281281280826e+01 5.568038350850849838e+01 1.954068644289999601e-02
5.285285285285285539e+01 5.557807807807807876e+01 1.958782261999999705e-02
5.289289289289289542e+01 5.551683589717648459e+01 1.956386260129999721e-02
5.293293293293293544e+01 5.574499499499500388e+01 1.953414107689999818e-02
5.297297297297297547e+01 5.533176401499156327e+01 1.958864841829999551e-02
5.301301301301301550e+01 5.560137725616240800e+01 1.958801132899999631e-02
5.305305305305305552e+01 5.487675175175175468e+01 1.885192723184999503e-02
5.309309309309309555e+01 5.572441582207208199e+01 1.953173084289999695e-02
5.313313313313313557e+01 5.543711472703172660e+01 1.980247464029999752e-02
5.317317317317317560e+01 5.566306931931932667e+01 1.954075070399999628e-02
5.321321321321321562e+01 5.520878990562828648e+01 1.953617999200999572e-02
5.325325325325325565e+01 5.541666666666667140e+01 1.980218336959999742e-02
5.329329329329329568e+01 5.562747708646146094e+01 1.958801022299999639e-02
5.333333333333333570e+01 5.579166666666666430e+01 1.939316196359999744e-02
5.337337337337337573e+01 5.541673570543200356e+01 1.980259792459999890e-02
5.341341341341341575e+01 5.541380833958959329e+01 1.980259792459999890e-02
5.345345345345345578e+01 5.529091591591591737e+01 1.953393171829999678e-02
5.349349349349349581e+01 5.549949949949950678e+01 1.935694563529999704e-02
5.353353353353353583e+01 5.521168434059059393e+01 1.953617999200999572e-02
5.357357357357357586e+01 5.564520062054241833e+01 1.954076088999999461e-02
5.361361361361361588e+01 5.554035285285284829e+01 1.956440998929999744e-02
5.365365365365365591e+01 5.566304585835835894e+01 1.954075070399999628e-02
5.369369369369369593e+01 5.568623310810811233e+01 1.954068644289999601e-02
5.373373373373373596e+01 5.560436229686717979e+01 1.958801132899999631e-02
5.377377377377377599e+01 5.562749859234233440e+01 1.958801022299999639e-02
5.381381381381381601e+01 5.554016516516516333e+01 1.956440998929999744e-02
5.385385385385385604e+01 5.555798779736768722e+01 1.956459869829999670e-02
5.389389389389389606e+01 5.557807807807807166e+01 1.958782261999999705e-02
5.393393393393393609e+01 5.562463635510510329e+01 1.958801022299999639e-02
5.397397397397397611e+01 5.540502220970971337e+01 1.980259792459999890e-02
5.401401401401401614e+01 5.544867884241664058e+01 1.980500760629999579e-02
5.405405405405405617e+01 5.549250422297296836e+01 1.930467742129999761e-02
5.409409409409409619e+01 5.555209897397397611e+01 1.956440998929999744e-02
5.413413413413413622e+01 5.568044607107108135e+01 1.954068644289999601e-02
5.417417417417417624e+01 5.552861119175816640e+01 1.956440998929999744e-02
5.421421421421421627e+01 5.557221674799799871e+01 1.958782261999999705e-02
5.425425425425425630e+01 5.561590887762763202e+01 1.958801022299999639e-02
5.429429429429429632e+01 5.548198198198198838e+01 1.935736019029999852e-02
5.433433433433433635e+01 5.552273208266861104e+01 1.956386260129999721e-02
5.437437437437437637e+01 5.556663474998435959e+01 1.956459869829999670e-02
5.441441441441441640e+01 5.561004363738738476e+01 1.958801022299999639e-02
5.445445445445445642e+01 5.539304929929930665e+01 1.979274275059999741e-02
5.449449449449449645e+01 5.560141391391391608e+01 1.958801132899999631e-02
5.453453453453453648e+01 5.564226726726727179e+01 1.954076088999999461e-02
5.457457457457457650e+01 5.552864699416212346e+01 1.956440998929999744e-02
5.461461461461461653e+01 5.521462869119119432e+01 1.953617999200999572e-02
5.465465465465465655e+01 5.534325860284111798e+01 1.979294373859999748e-02
5.469469469469469658e+01 5.537837837837838606e+01 1.979274275059999741e-02
5.473473473473473661e+01 5.559280459658877760e+01 1.958801132899999631e-02
5.477477477477477663e+01 5.526154279279279535e+01 1.953319131829999583e-02
5.481481481481481666e+01 5.532602719907407618e+01 1.958864841829999551e-02
5.485485485485485668e+01 5.520581677869275694e+01 1.924571691100999613e-02
5.489489489489489671e+01 5.558108108108108070e+01 1.958782261999999705e-02
5.493493493493493673e+01 5.564844532032032731e+01 1.954075070399999628e-02
5.497497497497497676e+01 5.536957074261761136e+01 1.979274275059999741e-02
5.501501501501501679e+01 5.565434966216216850e+01 1.954075070399999628e-02
5.505505505505505681e+01 5.539898113445476469e+01 1.979274275059999741e-02
5.509509509509509684e+01 5.550148195070069335e+01 1.911170798129999820e-02
5.513513513513513686e+01 5.552280405405404906e+01 1.935749302329999727e-02
5.517517517517517689e+01 5.569244244244244868e+01 1.953173084289999695e-02
5.521521521521521692e+01 5.572746574699700517e+01 1.953097644289999643e-02
5.525525525525525694e+01 5.524985923423423628e+01 1.953302763839999748e-02
5.529529529529529697e+01 5.495223091744088606e+01 1.890321009640999472e-02
5.533533533533533699e+01 5.550825825825826598e+01 1.935694563529999704e-02
5.537537537537537702e+01 5.537537537537537702e+01 1.979274275059999741e-02
5.541541541541541704e+01 5.502577577577577728e+01 1.914799616690999670e-02
5.545545545545545707e+01 5.528215715715715817e+01 1.953393171829999678e-02
5.549549549549549710e+01 5.514864864864864558e+01 1.913470716319999598e-02
5.553553553553553712e+01 5.510166416416416979e+01 1.913477264680999573e-02
5.557557557557557715e+01 5.540190190190190833e+01 1.979245392459999878e-02
5.561561561561561717e+01 5.535491741741742544e+01 1.979303401859999756e-02
5.565565565565565720e+01 5.513388388388388250e+01 1.913470716319999598e-02
5.569569569569569722e+01 5.573912297307072805e+01 1.953414107689999818e-02
5.573573573573573725e+01 5.538738738738739187e+01 1.979274275059999741e-02
5.577577577577577728e+01 5.529100584959960685e+01 1.953393171829999678e-02
5.581581581581581730e+01 5.558688375875874499e+01 1.958801132899999631e-02
5.585585585585585733e+01 5.541675464527027373e+01 1.980259792459999890e-02
5.589589589589589735e+01 5.524086586586587089e+01 1.953302763839999748e-02
5.593593593593593738e+01 5.554331919810435636e+01 1.956440998929999744e-02
5.597597597597597741e+01 5.536373873873873919e+01 1.979274275059999741e-02
5.601601601601601743e+01 5.452809059059060104e+01 1.854100356310998954e-02
5.605605605605605746e+01 5.544568005505506392e+01 1.980471633559999570e-02
5.609609609609609748e+01 5.563045467342342221e+01 1.958801022299999639e-02
5.613613613613613751e+01 5.551392408033034087e+01 1.956132963529999894e-02
5.617617617617617753e+01 5.558112152680024565e+01 1.958801132899999631e-02
5.621621621621621756e+01 5.534332770270270174e+01 1.958855973859999558e-02
5.625625625625625759e+01 5.557228126564064041e+01 1.958782261999999705e-02
5.629629629629629761e+01 5.541666666666667140e+01 1.980218336959999742e-02
5.633633633633633764e+01 5.578892759947449065e+01 1.942799578359999738e-02
5.637637637637637766e+01 5.562762762762763202e+01 1.958801022299999639e-02
5.641641641641641769e+01 5.531453328328328212e+01 1.958864841829999551e-02
5.645645645645645772e+01 5.574799408783784571e+01 1.953414107689999818e-02
5.649649649649649774e+01 5.539304929929929244e+01 1.979274275059999741e-02
5.653653653653653777e+01 5.578013951451451646e+01 1.952751096359999980e-02
5.657657657657657779e+01 5.521465019707206068e+01 1.953617999200999572e-02
5.661661661661661782e+01 5.555505505505505681e+01 1.956440998929999744e-02
5.665665665665665784e+01 5.532876626626625693e+01 1.958864841829999551e-02
5.669669669669669787e+01 5.563363363363363590e+01 1.954076088999999461e-02
5.673673673673673790e+01 5.501080963776276178e+01 1.891761464690999706e-02
5.677677677677677792e+01 5.518070964030437153e+01 1.913544756319999693e-02
5.681681681681681795e+01 5.535200825825825888e+01 1.979294373859999748e-02
5.685685685685685797e+01 5.561311311311311556e+01 1.958801022299999639e-02
5.689689689689689800e+01 5.529684530722128954e+01 1.958864841829999551e-02
5.693693693693693803e+01 5.555799549549549710e+01 1.956459869829999670e-02
5.697697697697697805e+01 5.566296631103760717e+01 1.954075070399999628e-02
5.701701701701701808e+01 5.540506131131130729e+01 1.980259792459999890e-02
5.705705705705705810e+01 5.563341661974475016e+01 1.958801022299999639e-02
5.709709709709709813e+01 5.563621433933933957e+01 1.966781696189999484e-02
5.713713713713713815e+01 5.539606562128535217e+01 1.979274275059999741e-02
5.717717717717717818e+01 5.539597409909910652e+01 1.979274275059999741e-02
5.721721721721721821e+01 5.520288061498999355e+01 1.924571691100999613e-02
5.725725725725725823e+01 5.510451858108108070e+01 1.913477264680999573e-02
5.729729729729729826e+01 5.523817567567567721e+01 1.953302763839999748e-02
5.733733733733733828e+01 5.573032407407407618e+01 1.953097644289999643e-02
5.737737737737737831e+01 5.540503003003002647e+01 1.980259792459999890e-02
5.741741741741741833e+01 5.525865709459459651e+01 1.953319131829999583e-02
5.745745745745745836e+01 5.530280280280280181e+01 1.958864841829999551e-02
5.749749749749749839e+01 5.568947072072072046e+01 1.953173084289999695e-02
5.753753753753753841e+01 5.520288452515015365e+01 1.924571691100999613e-02
5.757757757757757844e+01 5.546616837785051501e+01 1.982831310629999677e-02
5.761761761761761846e+01 5.571859945883383602e+01 1.953173084289999695e-02
5.765765765765765849e+01 5.549250422297296836e+01 1.930467742129999761e-02
5.769769769769769852e+01 5.552276495245244803e+01 1.956386260129999721e-02
5.773773773773773854e+01 5.521171171171170755e+01 1.953617999200999572e-02
5.777777777777777857e+01 5.578602430555554292e+01 1.942799578359999738e-02
5.781781781781781859e+01 5.538427489989989994e+01 1.979274275059999741e-02
5.785785785785785862e+01 5.499039078140639702e+01 1.891761464690999706e-02
5.789789789789789864e+01 5.562459969735360232e+01 1.958801022299999639e-02
5.793793793793793867e+01 5.568039523898897869e+01 1.954068644289999601e-02
5.797797797797797870e+01 5.564527027027025952e+01 1.954075070399999628e-02
5.801801801801801872e+01 5.568334521044481988e+01 1.954068644289999601e-02
5.805805805805805875e+01 5.433871371371371595e+01 1.817058339152999302e-02
5.809809809809809877e+01 5.561304273023022660e+01 1.958801022299999639e-02
5.813813813813813880e+01 5.539020270270270885e+01 1.979274275059999741e-02
5.817817817817817883e+01 5.542835022522523047e+01 1.980218336959999742e-02
5.821821821821821885e+01 5.502872403653653066e+01 1.914799616690999670e-02
5.825825825825825888e+01 5.569808089339339574e+01 1.953173084289999695e-02
5.829829829829829890e+01 5.563335014702202841e+01 1.958801022299999639e-02
5.833833833833833893e+01 5.469237022667198289e+01 1.869856769904999078e-02
5.837837837837837895e+01 5.553392894847972627e+01 1.911477110129999532e-02
5.841841841841841898e+01 5.522936608483483667e+01 1.953611450839999597e-02
5.845845845845845901e+01 5.569538288288287475e+01 1.953173084289999695e-02
5.849849849849849903e+01 5.575049011413756261e+01 1.939787401359999858e-02
5.853853853853853906e+01 5.578311123623623757e+01 1.942725096359999848e-02
5.857857857857857908e+01 5.493171882820320207e+01 1.890331731449999483e-02
5.861861861861861911e+01 5.506085773273271400e+01 1.920292905290999635e-02
5.865865865865865914e+01 5.479199903028026597e+01 1.915491970664999141e-02
5.869869869869869916e+01 5.544293438946759522e+01 1.980247464029999752e-02
5.873873873873873919e+01 5.546910191441440929e+01 1.982831310629999677e-02
5.877877877877877921e+01 5.547789867504222627e+01 1.982831310629999677e-02
5.881881881881881924e+01 5.514264264264264170e+01 1.913470716319999598e-02
5.885885885885885926e+01 5.480081644144142672e+01 1.915493670324999384e-02
5.889889889889889929e+01 5.539027308558558360e+01 1.979274275059999741e-02
5.893893893893893932e+01 5.522935435435435636e+01 1.953611450839999597e-02
5.897897897897897934e+01 5.556925675675675791e+01 1.958782261999999705e-02
5.901901901901901937e+01 5.498451576576575661e+01 1.890321009640999472e-02
5.905905905905905939e+01 5.525251814314314913e+01 1.953302763839999748e-02
5.909909909909909942e+01 5.560145252674548999e+01 1.958801132899999631e-02
5.913913913913913944e+01 5.545449355605606456e+01 1.980500760629999579e-02
5.917917917917917947e+01 5.511061061061060684e+01 1.913477264680999573e-02
5.921921921921921950e+01 5.561018660261825630e+01 1.958801022299999639e-02
5.925925925925925952e+01 5.541087962962961910e+01 1.980259792459999890e-02
5.929929929929929955e+01 5.539601992128847030e+01 1.979274275059999741e-02
5.933933933933933957e+01 5.560727011190878244e+01 1.958801022299999639e-02
5.937937937937937960e+01 5.532024211711711814e+01 1.958864841829999551e-02
5.941941941941941963e+01 5.528791291291290122e+01 1.953393171829999678e-02
5.945945945945945965e+01 5.522936021959459651e+01 1.953611450839999597e-02
5.949949949949949968e+01 5.515361015312187476e+01 1.907924376580999795e-02
5.953953953953953970e+01 5.549271146146146094e+01 1.911170798129999820e-02
5.957957957957957973e+01 5.566857873498496900e+01 1.954068644289999601e-02
5.961961961961961975e+01 5.528788163163163460e+01 1.953393171829999678e-02
5.965965965965965978e+01 5.560439406691845932e+01 1.958801132899999631e-02
5.969969969969969981e+01 5.561921210761543222e+01 1.954076199599999453e-02
5.973973973973973983e+01 5.535260260260258747e+01 1.958835715029999536e-02
5.977977977977977986e+01 5.521456612862863267e+01 1.953617999200999572e-02
5.981981981981981988e+01 5.505210642771677243e+01 1.920311368760999754e-02
5.985985985985985991e+01 5.552272365138575339e+01 1.956386260129999721e-02
5.989989989989989994e+01 5.533739501219969270e+01 1.973822703859999875e-02
5.993993993993993996e+01 5.502299174174174823e+01 1.914799616690999670e-02
5.997997997997997999e+01 5.558691504004002581e+01 1.958801132899999631e-02
6.002002002002002001e+01 5.482688156906907295e+01 1.915493670324999384e-02
6.006006006006006004e+01 5.560137774493241380e+01 1.958801132899999631e-02
6.010010010010010006e+01 5.535782657657657069e+01 1.979303401859999756e-02
6.014014014014014009e+01 5.552574987096470238e+01 1.936002598929999555e-02
6.018018018018018012e+01 5.533737265097126823e+01 1.973822703859999875e-02
6.022022022022022014e+01 5.576251251251250096e+01 1.953152207689999934e-02
6.026026026026026017e+01 5.532880536786787218e+01 1.958864841829999551e-02
6.030030030030030019e+01 5.562467154654653712e+01 1.958801022299999639e-02
6.034034034034034022e+01 5.534326779782712435e+01 1.979294373859999748e-02
6.038038038038038025e+01 5.561599099099098709e+01 1.958801022299999639e-02
6.042042042042042027e+01 5.535785003753754552e+01 1.979303401859999756e-02
6.046046046046046030e+01 5.561890015015013944e+01 1.958801022299999639e-02
6.050050050050050032e+01 5.577426816464902970e+01 1.952751096359999980e-02
6.054054054054054035e+01 5.488260135135134021e+01 1.885100417449999538e-02
6.058058058058058037e+01 5.546909409409409619e+01 1.982831310629999677e-02
6.062062062062062040e+01 5.567151526526525629e+01 1.954068644289999601e-02
6.066066066066066043e+01 5.531730949699699806e+01 1.958864841829999551e-02
6.070070070070070045e+01 5.552572885385384183e+01 1.956440998929999744e-02
6.074074074074074048e+01 5.504036458333334281e+01 1.920311368760999754e-02
6.078078078078078050e+01 5.550994744744743770e+01 1.917032842129999526e-02
6.082082082082082053e+01 5.571282219719719819e+01 1.953173084289999695e-02
6.086086086086086056e+01 5.541666666666663588e+01 1.980218336959999742e-02
6.090090090090090058e+01 5.535201998873873208e+01 1.979294373859999748e-02
6.094094094094094061e+01 5.554909597097095286e+01 1.956440998929999744e-02
6.098098098098098063e+01 5.545457957957957262e+01 1.980500760629999579e-02
6.102102102102102066e+01 5.540793625656905164e+01 1.980259792459999890e-02
6.106106106106106068e+01 5.574207019519518980e+01 1.953414107689999818e-02
6.110110110110110071e+01 5.535487892677833344e+01 1.979303401859999756e-02
6.114114114114114074e+01 5.566011995882601582e+01 1.954075070399999628e-02
6.118118118118118076e+01 5.562468718718717753e+01 1.958801022299999639e-02
6.122122122122122079e+01 5.586436436436436992e+01 1.887141418069999965e-02
6.126126126126126081e+01 5.573338963963963266e+01 1.953097644289999643e-02
6.130130130130130084e+01 5.557226366991991995e+01 1.958782261999999705e-02
6.134134134134134086e+01 5.541087962962961910e+01 1.980259792459999890e-02
6.138138138138138089e+01 5.519528903903905359e+01 1.919032794309999748e-02
6.142142142142142092e+01 5.527927927927927954e+01 1.953393171829999678e-02
6.146146146146146094e+01 5.473911411411410199e+01 1.873181111904999308e-02
6.150150150150150097e+01 5.496696696696693607e+01 1.890321009640999472e-02
6.154154154154154099e+01 5.538738738738737766e+01 1.979274275059999741e-02
6.158158158158158102e+01 5.456344625875873078e+01 1.854143936410999199e-02
6.162162162162162105e+01 5.529397170608108070e+01 1.958864841829999551e-02
6.166166166166166107e+01 5.538710585585582891e+01 1.979274275059999741e-02
6.170170170170170110e+01 5.553153153153152743e+01 1.956440998929999744e-02
6.174174174174174112e+01 5.550727289789787733e+01 1.911170798129999820e-02
6.178178178178178115e+01 5.541091262160597353e+01 1.980259792459999890e-02
6.182182182182182117e+01 5.554304304304302775e+01 1.956440998929999744e-02
6.186186186186186120e+01 5.556089292417416914e+01 1.956459869829999670e-02
6.190190190190190123e+01 5.503465965965965268e+01 1.914799616690999670e-02
6.194194194194194125e+01 5.566306149899900646e+01 1.954075070399999628e-02
6.198198198198198128e+01 5.558403716216214718e+01 1.958801132899999631e-02
6.202202202202202130e+01 5.559571681056056036e+01 1.958801132899999631e-02
6.206206206206206133e+01 5.553160582457457650e+01 1.956440998929999744e-02
6.210210210210210136e+01 5.561291760510512461e+01 1.958801022299999639e-02
6.214214214214214138e+01 5.562753378378378244e+01 1.958801022299999639e-02
6.218218218218218141e+01 5.556925284659661202e+01 1.958782261999999705e-02
6.222222222222222143e+01 5.512499999999999289e+01 1.913477264680999573e-02
6.226226226226226146e+01 5.535200239301799741e+01 1.979294373859999748e-02
6.230230230230230148e+01 5.531154592092089217e+01 1.958864841829999551e-02
6.234234234234234151e+01 5.532882882882881859e+01 1.958864841829999551e-02
6.238238238238238154e+01 5.528516798048045189e+01 1.953393171829999678e-02
6.242242242242242156e+01 5.554620245245244803e+01 1.956440998929999744e-02
6.246246246246246159e+01 5.562758070570568236e+01 1.958801022299999639e-02
6.250250250250250161e+01 5.529396193068068044e+01 1.958864841829999551e-02
6.254254254254254164e+01 5.531716873123121303e+01 1.958864841829999551e-02
6.258258258258258167e+01 5.496105993689000968e+01 1.890321009640999472e-02
6.262262262262262169e+01 5.552865365365363459e+01 1.956440998929999744e-02
6.266266266266266172e+01 5.561311311311311556e+01 1.958801022299999639e-02
6.270270270270270174e+01 5.566012985641889088e+01 1.954075070399999628e-02
6.274274274274274177e+01 5.572745768229168561e+01 1.953097644289999643e-02
6.278278278278278179e+01 5.523229479479477533e+01 1.953611450839999597e-02
6.282282282282282182e+01 5.497572157118056424e+01 1.890321009640999472e-02
6.286286286286286185e+01 5.500500500500499612e+01 1.891761464690999706e-02
6.290290290290290187e+01 5.577718343343344998e+01 1.952751096359999980e-02
6.294294294294294190e+01 5.591103603603603034e+01 1.883850909039999980e-02
6.298298298298298192e+01 5.506090465465467076e+01 1.920339808980999624e-02
6.302302302302302195e+01 5.524977321071071401e+01 1.953302763839999748e-02
6.306306306306306197e+01 5.478035866677222998e+01 1.907670970664999271e-02
6.310310310310310200e+01 5.526451451451448094e+01 1.953319131829999583e-02
6.314314314314314203e+01 5.515158908908907165e+01 1.913470716319999598e-02
6.318318318318318205e+01 5.562464808558556228e+01 1.958801022299999639e-02
6.322322322322322208e+01 5.536971346346345513e+01 1.979274275059999741e-02
6.326326326326326210e+01 5.540786880630628275e+01 1.979245392459999878e-02
6.330330330330330213e+01 5.544274389135229342e+01 1.980471633559999570e-02
6.334334334334334216e+01 5.542542542542540218e+01 1.980218336959999742e-02
6.338338338338338218e+01 5.546046046046046030e+01 1.980500760629999579e-02
6.342342342342342221e+01 5.544294587556304066e+01 1.980247464029999752e-02
6.346346346346346223e+01 5.513388388388388250e+01 1.913470716319999598e-02
6.350350350350350226e+01 5.541672922922921174e+01 1.980259792459999890e-02
6.354354354354354228e+01 5.544866466808606731e+01 1.980500760629999579e-02
6.358358358358358231e+01 5.544004160410409554e+01 1.980247464029999752e-02
6.362362362362362234e+01 5.537243493493494384e+01 1.979274275059999741e-02
6.366366366366366236e+01 5.536376219969968560e+01 1.979274275059999741e-02
6.370370370370370239e+01 5.494444444444445708e+01 1.903590616690999104e-02
6.374374374374374241e+01 5.502877877877877211e+01 1.914799616690999670e-02
6.378378378378378244e+01 5.511940456081082118e+01 1.913477264680999573e-02
6.382382382382382247e+01 5.558406844344344222e+01 1.958801132899999631e-02
6.386386386386386249e+01 5.552860447117038234e+01 1.956440998929999744e-02
6.390390390390390252e+01 5.541666666666662167e+01 1.980218336959999742e-02
6.394394394394394254e+01 5.565121371371370174e+01 1.954075070399999628e-02
6.398398398398398257e+01 5.505496903153149191e+01 1.920292905290999635e-02
6.402402402402401549e+01 5.526448714339338153e+01 1.953319131829999583e-02
6.406406406406406973e+01 5.534909909909910652e+01 1.979294373859999748e-02
6.410410410410409554e+01 5.554019644644644416e+01 1.956440998929999744e-02
6.414414414414414978e+01 5.491715934684685863e+01 1.885011846449999653e-02
6.418418418418417559e+01 5.570986611611611750e+01 1.953173084289999695e-02
6.422422422422422983e+01 5.534326721741270205e+01 1.979294373859999748e-02
6.426426426426425564e+01 5.582967763906481196e+01 1.939461039759999769e-02
6.430430430430430988e+01 5.526151151151148611e+01 1.953302763839999748e-02
6.434434434434433570e+01 5.506971033533530147e+01 1.920811617080999539e-02
6.438438438438438993e+01 5.553153153153151322e+01 1.956440998929999744e-02
6.442442442442441575e+01 5.561010619994992510e+01 1.958801022299999639e-02
6.446446446446446998e+01 5.539600147022021304e+01 1.979274275059999741e-02
6.450450450450449580e+01 5.523513161599096577e+01 1.953302763839999748e-02
6.454454454454455004e+01 5.561294106606605681e+01 1.958801022299999639e-02
6.458458458458457585e+01 5.550237737737735699e+01 1.935694563529999704e-02
6.462462462462463009e+01 5.533148211688251195e+01 1.973822703859999875e-02
6.466466466466465590e+01 5.562171546546545642e+01 1.958801022299999639e-02
6.470470470470471014e+01 5.530862112112111362e+01 1.958864841829999551e-02
6.474474474474473595e+01 5.523812655428865526e+01 1.953302763839999748e-02
6.478478478478479019e+01 6.858076826826828665e+01 8.263396987000001803e-03
6.482482482482481601e+01 5.560437977039539703e+01 1.958801132899999631e-02
6.486486486486487024e+01 5.533150337837839317e+01 1.973822703859999875e-02
6.490490490490489606e+01 5.565722362987987282e+01 1.954075070399999628e-02
6.494494494494495029e+01 5.510172672672673855e+01 1.913477264680999573e-02
6.498498498498497611e+01 5.574215597433369851e+01 1.953414107689999818e-02
6.502502502502503035e+01 5.486801510983637087e+01 1.915490698824999158e-02
6.506506506506505616e+01 5.530848231043539442e+01 1.958864841829999551e-02
6.510510510510511040e+01 5.511045420420417429e+01 1.913477264680999573e-02
6.514514514514513621e+01 5.548082866802344881e+01 1.982824442129999670e-02
6.518518518518519045e+01 5.570978009259258101e+01 1.953173084289999695e-02
6.522522522522521626e+01 6.889693086641328534e+01 8.704886614299999978e-03
6.526526526526527050e+01 5.546910191441440219e+01 1.982831310629999677e-02
6.530530530530529632e+01 5.530861916604101225e+01 1.958864841829999551e-02
6.534534534534535055e+01 5.563926426426425564e+01 1.954076088999999461e-02
6.538538538538537637e+01 6.886217662975474241e+01 8.705648034899999416e-03
6.542542542542543060e+01 5.556369259884884571e+01 1.956440998929999744e-02
6.546546546546545642e+01 6.901673921235689591e+01 8.786590423299999592e-03
6.550550550550551065e+01 6.880636886886887282e+01 8.609593630100000408e-03
6.554554554554553647e+01 5.563050159534532924e+01 1.958801022299999639e-02
6.558558558558559071e+01 6.886806728603603744e+01 8.705648034899999416e-03
6.562562562562561652e+01 6.869842217705985377e+01 8.452622431400000705e-03
6.566566566566567076e+01 5.560439834365617173e+01 1.958801132899999631e-02
6.570570570570571078e+01 5.503173681493991864e+01 1.914799616690999670e-02
6.574574574574575081e+01 6.851939439439438218e+01 8.252669080000002086e-03
6.578578578578579084e+01 6.866341200819960022e+01 8.452773189670000423e-03
6.582582582582583086e+01 5.533443306587835053e+01 1.973822703859999875e-02
6.586586586586587089e+01 6.848860090559313107e+01 7.984163845970001366e-03
6.590590590590591091e+01 6.878597066304590157e+01 8.562535750100000800e-03
6.594594594594595094e+01 5.525870988175675080e+01 1.953319131829999583e-02
6.598598598598599096e+01 6.866344469469470368e+01 8.452711722670000136e-03
6.602602602602603099e+01 6.891466466466468432e+01 8.705261064299999949e-03
6.606606606606607102e+01 6.869838588588591222e+01 8.452622431400000705e-03
6.610610610610611104e+01 6.891795579759447321e+01 8.705497393499999487e-03
6.614614614614615107e+01 5.477445120902150677e+01 1.907449690664999448e-02
6.618618618618619109e+01 5.527924078864017332e+01 1.953393171829999678e-02
6.622622622622623112e+01 6.868384009009011493e+01 8.452589718800000360e-03
6.626626626626627115e+01 5.529091591591593158e+01 1.953393171829999678e-02
6.630630630630631117e+01 5.553153153153152743e+01 1.956440998929999744e-02
6.634634634634635120e+01 5.533181619119118011e+01 1.958864841829999551e-02
6.638638638638639122e+01 5.559859859859859910e+01 1.958801132899999631e-02
6.642642642642643125e+01 5.550239301801804714e+01 1.935694563529999704e-02
6.646646646646647127e+01 5.563645676926927308e+01 1.954076088999999461e-02
6.650650650650651130e+01 5.486786786786785797e+01 1.885380338184999491e-02
6.654654654654655133e+01 5.529102515601539380e+01 1.958864841829999551e-02
6.658658658658659135e+01 5.563621433933936800e+01 1.966781696189999484e-02
6.662662662662663138e+01 5.496696696696693607e+01 1.890321009640999472e-02
6.666666666666667140e+01 6.890625000000000000e+01 8.705497393499999487e-03
6.670670670670671143e+01 5.529686326951949127e+01 1.958864841829999551e-02
6.674674674674675146e+01 5.563620810752158263e+01 1.966781696189999484e-02
6.678678678678679148e+01 5.554912725225222658e+01 1.956440998929999744e-02
6.682682682682683151e+01 5.539317442442438022e+01 1.979274275059999741e-02
6.686686686686687153e+01 5.503456581581579599e+01 1.914799616690999670e-02
6.690690690690691156e+01 5.561309942755256230e+01 1.958801022299999639e-02
6.694694694694695158e+01 5.452515015015013944e+01 1.854100356310998954e-02
6.698698698698699161e+01 5.526753511323820334e+01 1.953393171829999678e-02
6.702702702702703164e+01 5.582094594594593673e+01 1.939458629959999944e-02
6.706706706706707166e+01 6.897640514660167810e+01 8.709464125299999637e-03
6.710710710710711169e+01 5.570414164164164106e+01 1.953173084289999695e-02
6.714714714714715171e+01 5.544865018827418623e+01 1.980500760629999579e-02
6.718718718718719174e+01 5.461583458458459006e+01 1.857434006260999179e-02
6.722722722722723177e+01 5.525576253743982136e+01 1.953319131829999583e-02
6.726726726726727179e+01 5.544273765953454358e+01 1.980471633559999570e-02
6.730730730730731182e+01 5.558111236236234731e+01 1.958801132899999631e-02
6.734734734734735184e+01 5.565713198550113816e+01 1.954075070399999628e-02
6.738738738738739187e+01 5.533444736240151940e+01 1.973822703859999875e-02
6.742742742742743189e+01 5.562762762762759650e+01 1.958801022299999639e-02
6.746746746746747192e+01 5.560136308183177789e+01 1.958801132899999631e-02
6.750750750750751195e+01 5.464228816218559359e+01 1.857843130935999190e-02
6.754754754754755197e+01 5.570693740615615752e+01 1.953173084289999695e-02
6.758758758758759200e+01 5.544273668199447513e+01 1.980471633559999570e-02
6.762762762762763202e+01 6.863467416391000597e+01 8.144847224669999816e-03
6.766766766766767205e+01 5.560434885569161167e+01 1.958801132899999631e-02
6.770770770770771207e+01 7.111954141641642479e+01 8.419884906099999594e-03
6.774774774774775210e+01 5.575957207207206068e+01 1.953152207689999934e-02
6.778778778778779213e+01 7.123013638638639122e+01 7.904993115099999759e-03
6.782782782782783215e+01 5.556052927927926532e+01 1.956440998929999744e-02
6.786786786786787218e+01 5.554030593093095547e+01 1.956440998929999744e-02
6.790790790790791220e+01 7.170120120120120077e+01 7.683502995300000443e-03
6.794794794794795223e+01 5.534031486320302662e+01 1.973822703859999875e-02
6.798798798798799226e+01 5.481531531531531698e+01 1.915493670324999384e-02
6.802802802802803228e+01 5.569794794794798065e+01 1.953173084289999695e-02
6.806806806806807231e+01 5.533147893987737831e+01 1.973822703859999875e-02
6.810810810810811233e+01 5.533762998838680858e+01 1.958864841829999551e-02
6.814814814814815236e+01 5.515740740740741899e+01 1.913470716319999598e-02
6.818818818818819238e+01 5.561599099099103682e+01 1.958801022299999639e-02
6.822822822822823241e+01 7.187940039649024015e+01 7.657579420500000567e-03
6.826826826826827244e+01 5.560151276765040507e+01 1.958801132899999631e-02
6.830830830830831246e+01 6.830841253851508554e+01 8.096108525900001796e-03
6.834834834834835249e+01 7.176555718315972854e+01 7.648879269900000707e-03
6.838838838838839251e+01 7.182126926731420724e+01 7.654441125900000170e-03
6.842842842842843254e+01 6.888273154746543980e+01 8.705648034899999416e-03
6.846846846846847257e+01 5.541666666666664298e+01 1.980218336959999742e-02
6.850850850850851259e+01 5.523498498498499742e+01 1.953302763839999748e-02
6.854854854854855262e+01 6.878964413632384378e+01 8.544031604200001337e-03
6.858858858858859264e+01 6.899382390202703164e+01 8.243117725300000073e-03
6.862862862862863267e+01 6.863030413225726534e+01 8.262069736000002620e-03
6.866866866866867269e+01 6.899390601539039380e+01 8.243117725300000073e-03
6.870870870870871272e+01 5.571857330963776889e+01 1.953173084289999695e-02
6.874874874874875275e+01 6.885637847319975435e+01 8.705226611200000270e-03
6.878878878878879277e+01 5.543419530370213977e+01 1.980247464029999752e-02
6.882882882882883280e+01 5.546971776463967529e+01 1.908586951529999895e-02
6.886886886886887282e+01 5.550534909909910652e+01 1.935694563529999704e-02
6.890890890890891285e+01 5.555780780780779082e+01 1.956440998929999744e-02
6.894894894894895288e+01 5.558693385768582118e+01 1.958801132899999631e-02
6.898898898898899290e+01 5.573037820535383702e+01 1.953097644289999643e-02
6.902902902902903293e+01 6.889441736658534410e+01 8.705804264499999306e-03
6.906906906906907295e+01 6.885343901029936831e+01 8.705226611200000270e-03
6.910910910910911298e+01 5.558402958622683343e+01 1.958801132899999631e-02
6.914914914914915300e+01 6.828478478478479019e+01 8.026725235899999367e-03
6.918918918918919303e+01 6.886803209459461073e+01 8.705648034899999416e-03
6.922922922922923306e+01 5.556930172359854936e+01 1.958782261999999705e-02
6.926926926926927308e+01 7.168073530073043287e+01 7.683081571600000430e-03
6.930930930930931311e+01 5.490258422484986767e+01 1.880967646449999489e-02
6.934934934934935313e+01 6.930871496496496320e+01 7.476936476700000653e-03
6.938938938938939316e+01 5.570124812312307938e+01 1.953173084289999695e-02
6.942942942942943318e+01 5.573338963963962556e+01 1.953097644289999643e-02
6.946946946946947321e+01 7.123016265777494027e+01 7.904993115099999759e-03
6.950950950950951324e+01 7.125053520317194966e+01 7.900531353499998938e-03
6.954954954954955326e+01 6.889412654842340089e+01 8.704714814499999245e-03
6.958958958958959329e+01 6.828478478478479019e+01 8.026725235899999367e-03
6.962962962962963331e+01 5.562168149594910460e+01 1.958801022299999639e-02
6.966966966966967334e+01 6.966286599099099419e+01 7.340481115899999930e-03
6.970970970970971337e+01 6.894725975975975985e+01 8.708508123299998904e-03
6.974974974974975339e+01 5.536365100452016463e+01 1.979303401859999756e-02
6.978978978978979342e+01 5.561011805262297969e+01 1.958801022299999639e-02
6.982982982982983344e+01 5.520585282548169204e+01 1.953146191100999657e-02
6.986986986986987347e+01 5.524086586586579983e+01 1.953302763839999748e-02
6.990990990990991349e+01 5.571265968116550482e+01 1.953173084289999695e-02
6.994994994994995352e+01 5.541347597597597030e+01 1.979203936959999729e-02
6.998998998998999355e+01 5.571859359359356745e+01 1.953173084289999695e-02
7.003003003003003357e+01 5.514864864864859584e+01 1.913470716319999598e-02
7.007007007007007360e+01 5.496099737432742671e+01 1.890321009640999472e-02
7.011011011011011362e+01 5.521171171171172176e+01 1.953617999200999572e-02
7.015015015015015365e+01 5.549072118993993286e+01 1.935694563529999704e-02
7.019019019019019368e+01 7.720920920920922015e+01 6.866750012799999366e-03
7.023023023023023370e+01 5.508726548814438218e+01 1.913447648680999605e-02
7.027027027027027373e+01 5.533440667229731247e+01 1.973822703859999875e-02
7.031031031031031375e+01 5.531443943943943964e+01 1.958864841829999551e-02
7.035035035035035378e+01 5.496099651897988281e+01 1.890321009640999472e-02
7.039039039039039380e+01 5.526745495495495675e+01 1.953319131829999583e-02
7.043043043043043383e+01 5.573886789621656135e+01 1.939792747689999750e-02
7.047047047047047386e+01 5.505494752565066108e+01 1.920292905290999635e-02
7.051051051051051388e+01 5.569228603603601613e+01 1.953173084289999695e-02
7.055055055055055391e+01 7.181836340735266333e+01 7.654441125900000170e-03
7.059059059059059393e+01 5.536949449449454619e+01 1.979303401859999756e-02
7.063063063063063396e+01 5.556665698902023109e+01 1.956459869829999670e-02
7.067067067067067399e+01 5.499039994584421720e+01 1.891761464690999706e-02
7.071071071071071401e+01 5.480080080080076499e+01 1.915493670324999384e-02
7.075075075075075404e+01 5.582676426426425564e+01 1.939461039759999769e-02
7.079079079079079406e+01 5.530573737800298062e+01 1.958864841829999551e-02
7.083083083083083409e+01 5.555793293293287860e+01 1.956440998929999744e-02
7.087087087087087411e+01 5.495260885885883795e+01 1.884813509640999654e-02
7.091091091091091414e+01 7.091091091091091414e+01 7.363204381399998319e-03
7.095095095095095417e+01 6.890002502502504456e+01 8.704886614299999978e-03
7.099099099099099419e+01 5.562463048986482050e+01 1.958801022299999639e-02
7.103103103103103422e+01 7.112814376876877986e+01 8.419884906099999594e-03
7.107107107107107424e+01 5.524665290290292319e+01 1.953302763839999748e-02
7.111111111111111427e+01 5.562456597222222854e+01 1.958801022299999639e-02
7.115115115115115429e+01 7.126232482482483022e+01 7.902136837499998748e-03
7.119119119119119432e+01 5.538130659956830470e+01 1.979274275059999741e-02
7.123123123123123435e+01 5.568070218656158943e+01 1.953173084289999695e-02
7.127127127127127437e+01 7.121537308793168108e+01 7.904993115099999759e-03
7.131131131131131440e+01 5.569803397147143897e+01 1.953173084289999695e-02
7.135135135135135442e+01 5.558984045080239156e+01 1.958801132899999631e-02
7.139139139139139445e+01 5.543998631199563931e+01 1.980247464029999752e-02
7.143143143143143448e+01 5.561004950262757518e+01 1.958801022299999639e-02
7.147147147147147450e+01 5.533477141692467427e+01 1.958864841829999551e-02
7.151151151151151453e+01 5.507262603179346883e+01 1.920811617080999539e-02
7.155155155155155455e+01 7.116036318300722030e+01 8.420422163099999108e-03
7.159159159159159458e+01 5.565127627627624918e+01 1.954075070399999628e-02
7.163163163163163460e+01 5.534619067309492380e+01 1.979294373859999748e-02
7.167167167167167463e+01 5.560142967674704551e+01 1.958801132899999631e-02
7.171171171171171466e+01 6.881221077034065559e+01 8.609593630100000408e-03
7.175175175175175468e+01 5.560716966966965202e+01 1.958801022299999639e-02
7.179179179179179471e+01 7.179179179179179471e+01 7.648879269900000707e-03
7.183183183183183473e+01 5.562758070570569657e+01 1.958801022299999639e-02
7.187187187187187476e+01 5.536369163352807732e+01 1.979303401859999756e-02
7.191191191191191479e+01 5.483283283283282827e+01 1.915493670324999384e-02
7.195195195195195481e+01 5.570698946016325692e+01 1.953173084289999695e-02
7.199199199199199484e+01 5.535779492871778018e+01 1.979303401859999756e-02
7.203203203203203486e+01 6.862739301801802583e+01 8.262069736000002620e-03
7.207207207207207489e+01 5.563041068412164236e+01 1.958801022299999639e-02
7.211211211211211491e+01 5.554886136136133956e+01 1.956440998929999744e-02
7.215215215215215494e+01 5.525580389960273919e+01 1.953319131829999583e-02
7.219219219219219497e+01 5.513092645868530184e+01 1.913477264680999573e-02
7.223223223223223499e+01 6.888866991991991995e+01 8.705715613899999566e-03
7.227227227227227502e+01 5.522047789366508397e+01 1.953617999200999572e-02
7.231231231231231504e+01 7.631974467142924823e+01 7.015079352300001257e-03
7.235235235235235507e+01 6.884756448342874080e+01 8.705226611200000270e-03
7.239239239239239510e+01 7.623834870026276178e+01 7.074674062600001985e-03
7.243243243243243512e+01 7.605316986908783861e+01 6.935859401820000832e-03
7.247247247247247515e+01 5.554335585585583601e+01 1.956440998929999744e-02
7.251251251251251517e+01 7.605316253753754552e+01 6.935859401820000832e-03
7.255255255255255520e+01 7.627937312312315044e+01 7.049573082600002309e-03
7.259259259259259522e+01 5.533767361111107164e+01 1.958864841829999551e-02
7.263263263263263525e+01 7.615055411857169076e+01 7.010498412600001464e-03
7.267267267267267528e+01 7.562500000000000000e+01 6.573587496900000840e-03
7.271271271271271530e+01 5.564215631647272886e+01 1.958789572889999692e-02
7.275275275275275533e+01 7.729979979979979987e+01 7.128255666699999035e-03
7.279279279279279535e+01 5.550450450450451001e+01 1.911170798129999820e-02
7.283283283283283538e+01 5.576263763763766690e+01 1.953018342689999756e-02
7.287287287287287540e+01 5.545159050652216592e+01 1.980500760629999579e-02
7.291291291291291543e+01 5.570980000997089121e+01 1.953173084289999695e-02
7.295295295295295546e+01 7.613050733839308748e+01 6.887452515820000933e-03
7.299299299299299548e+01 5.554310560560564625e+01 1.956440998929999744e-02
7.303303303303303551e+01 7.679879879879881344e+01 6.558481108600001074e-03
7.307307307307307553e+01 5.537546518686648511e+01 1.979274275059999741e-02
7.311311311311311556e+01 7.174235380399930762e+01 7.657639402100000804e-03
7.315315315315315559e+01 7.606784909909910652e+01 6.930018101820000810e-03
7.319319319319319561e+01 5.536664789789786312e+01 1.979274275059999741e-02
7.323323323323323564e+01 6.848451576576576372e+01 8.004167726570001612e-03
7.327327327327327566e+01 7.919720990521773274e+01 6.806950970999999136e-03
7.331331331331331569e+01 7.882635455279498160e+01 6.608925468099999603e-03
7.335335335335335571e+01 7.908419601241868691e+01 6.868717711499999420e-03
7.339339339339339574e+01 7.709173235735735830e+01 6.789531034399999034e-03
7.343343343343343577e+01 8.020330217913226534e+01 6.961547572500001620e-03
7.347347347347347579e+01 7.635788131881884055e+01 7.014818931600000189e-03
7.351351351351351582e+01 8.085050675675675791e+01 6.606744083600002253e-03
7.355355355355355584e+01 8.471576770862662897e+01 6.646699744299999942e-03
7.359359359359359587e+01 7.909873936436436281e+01 6.868717711499999420e-03
7.363363363363363590e+01 5.549937388560437768e+01 1.935694563529999704e-02
7.367367367367367592e+01 7.091091091091091414e+01 7.363204381399998319e-03
7.371371371371371595e+01 7.739939939939939961e+01 6.661373391699998772e-03
7.375375375375375597e+01 7.905480480480480310e+01 6.800881393400000016e-03
7.379379379379379600e+01 7.723835242713414573e+01 7.083446461399999124e-03
7.383383383383383602e+01 7.752744077084899743e+01 6.444545778500000016e-03
7.387387387387387605e+01 7.612471846846845835e+01 6.887452515820000933e-03
7.391391391391391608e+01 7.622383650740584926e+01 7.074674062600001985e-03
7.395395395395395610e+01 7.626501501501502389e+01 7.049573082600002309e-03
7.399399399399399613e+01 5.526449007601347319e+01 1.953319131829999583e-02
7.403403403403403615e+01 5.535200825825819493e+01 1.979294373859999748e-02
7.407407407407407618e+01 5.504913330078121447e+01 1.920311368760999754e-02
7.411411411411411621e+01 5.523817567567567721e+01 1.953302763839999748e-02
7.415415415415415623e+01 7.638434577155280181e+01 6.828127202800000559e-03
7.419419419419419626e+01 7.935300925925926663e+01 6.631718668919999241e-03
7.423423423423423628e+01 5.521171171171170045e+01 1.953617999200999572e-02
7.427427427427427631e+01 7.705944622601116123e+01 6.919594876899999060e-03
7.431431431431431633e+01 7.715915915915917367e+01 6.788877012799999361e-03
7.435435435435435636e+01 7.632939189189188767e+01 7.101738269700001716e-03
7.439439439439439639e+01 7.737301944278260635e+01 7.127720391699999408e-03
7.443443443443443641e+01 8.019147272272272176e+01 6.961547572500001620e-03
7.447447447447447644e+01 7.936208913992119562e+01 6.632151500919999249e-03
7.451451451451451646e+01 7.742523773773773144e+01 6.601028076300000276e-03
7.455455455455455649e+01 7.752144722847847902e+01 6.444545778500000016e-03
7.459459459459459651e+01 7.922943940033785282e+01 6.875940848999998432e-03
7.463463463463463654e+01 7.631464276776776501e+01 7.102821627500002094e-03
7.467467467467467657e+01 5.507262954482796147e+01 1.920811617080999539e-02
7.471471471471471659e+01 7.623258536857170498e+01 7.074674062600001985e-03
7.475475475475475662e+01 5.565725100100100065e+01 1.954075070399999628e-02
7.479479479479479664e+01 7.625608714182934023e+01 7.049573082600002309e-03
7.483483483483483667e+01 7.736720197981185265e+01 7.127720391699999408e-03
7.487487487487487670e+01 8.253785035035036799e+01 6.715392822199999640e-03
7.491491491491491672e+01 8.322590259937672386e+01 7.677888885299998141e-03
7.495495495495495675e+01 8.259330130912162815e+01 6.705757829200000020e-03
7.499499499499499677e+01 8.234801989489491802e+01 6.876394159699999835e-03
7.503503503503503680e+01 8.110232107107108845e+01 6.492429714499999178e-03
7.507507507507507682e+01 7.913675394144145514e+01 6.867130970099998531e-03
7.511511511511511685e+01 7.615675050050050743e+01 6.828565394820001327e-03
7.515515515515515688e+01 7.936789655255842035e+01 6.632151500919999249e-03
7.519519519519519690e+01 7.813250750750751195e+01 6.395120143749999549e-03
7.523523523523523693e+01 7.746901088099818367e+01 6.444530819600000245e-03
7.527527527527527695e+01 7.922649211711708972e+01 6.875795503999997636e-03
7.531531531531531698e+01 7.909579110360360232e+01 6.868717711499999420e-03
7.535535535535535701e+01 7.750416041041043513e+01 6.444545778500000016e-03
7.539539539539539703e+01 7.916884658095594318e+01 6.867130970099998531e-03
7.543543543543543706e+01 7.120692567567566300e+01 8.245246115100000189e-03
7.547547547547547708e+01 5.561893925175166942e+01 1.958801022299999639e-02
7.551551551551551711e+01 8.023523523523525114e+01 6.627720574800001138e-03
7.555555555555555713e+01 7.602397325303817865e+01 6.937470415820000229e-03
7.559559559559559716e+01 8.321421421421422338e+01 7.677888885299998141e-03
7.563563563563563719e+01 8.370146709209211622e+01 6.448010688099999402e-03
7.567567567567567721e+01 5.532305743243240670e+01 1.958864841829999551e-02
7.571571571571571724e+01 7.615936248748749904e+01 7.009324009600001286e-03
7.575575575575575726e+01 5.535200825825823756e+01 1.979294373859999748e-02
7.579579579579579729e+01 8.310890578078078761e+01 7.164464692499998913e-03
7.583583583583583732e+01 5.572156531531529566e+01 1.953097644289999643e-02
7.587587587587587734e+01 5.573593429855638703e+01 1.939792747689999750e-02
7.591591591591591737e+01 5.527627627627626339e+01 1.953393171829999678e-02
7.595595595595595739e+01 7.773617367367367592e+01 6.222168113519999967e-03
7.599599599599599742e+01 7.599228525400400258e+01 6.745698492419999366e-03
7.603603603603603744e+01 7.698648648648648418e+01 6.460440327899999273e-03
7.607607607607607747e+01 5.563051454775087734e+01 1.958801022299999639e-02
7.611611611611611750e+01 5.566014219786190154e+01 1.954075070399999628e-02
7.615615615615615752e+01 7.617114661047764912e+01 7.072761123600002087e-03
7.619619619619619755e+01 5.570405146357299486e+01 1.953173084289999695e-02
7.623623623623623757e+01 5.479491112205950287e+01 1.915491970664999141e-02
7.627627627627627760e+01 7.722961334136871869e+01 7.083353212799999542e-03
7.631631631631631763e+01 5.580630630630626143e+01 1.939390678359999981e-02
7.635635635635635765e+01 8.015926082332333635e+01 6.962992051500001625e-03
7.639639639639639768e+01 7.638135865357546095e+01 7.014729582800000897e-03
7.643643643643643770e+01 7.619757257257256811e+01 7.072761123600002087e-03
7.647647647647647773e+01 7.934434434434434991e+01 6.631718668919999241e-03
7.651651651651651775e+01 5.535491741741743255e+01 1.979303401859999756e-02
7.655655655655655778e+01 8.014537877721471659e+01 6.768229063500001003e-03
7.659659659659659781e+01 7.925578508195695804e+01 6.875895825419998768e-03
7.663663663663663783e+01 5.577134874131943576e+01 1.952751096359999980e-02
7.667667667667667786e+01 8.290665665665666495e+01 6.821753232719999366e-03
7.671671671671671788e+01 8.257547366702641511e+01 6.710464732199999602e-03
7.675675675675675791e+01 5.552859909470011957e+01 1.956440998929999744e-02
7.679679679679679793e+01 8.447272663288288186e+01 6.593016972499999087e-03
7.683683683683683796e+01 7.743700738091605729e+01 6.601028076300000276e-03
7.687687687687687799e+01 8.442942942942943318e+01 6.336272942399999615e-03
7.691691691691691801e+01 8.040221471471470238e+01 6.524006605800001038e-03
7.695695695695695804e+01 7.936209671585646674e+01 6.632151500919999249e-03
7.699699699699699806e+01 8.311765671921919818e+01 7.164464692499998913e-03
7.703703703703703809e+01 8.690740740740741899e+01 5.981825574000000818e-03
7.707707707707707812e+01 7.719739239972393818e+01 6.801513012799999258e-03
7.711711711711711814e+01 8.290090090090092190e+01 6.821753232719999366e-03
7.715715715715715817e+01 7.931213244494493608e+01 6.630604339419999063e-03
7.719719719719719819e+01 7.721227477477478374e+01 6.866750012799999366e-03
7.723723723723723822e+01 8.011854823573571593e+01 6.687657542500000281e-03
7.727727727727727824e+01 7.908115268588900904e+01 6.801401711499999864e-03
7.731731731731731827e+01 7.731743529418089622e+01 7.127122016699999514e-03
7.735735735735735830e+01 7.930628211219031698e+01 6.630604339419999063e-03
7.739739739739739832e+01 5.538727631440028176e+01 1.979274275059999741e-02
7.743743743743743835e+01 5.571865615615614331e+01 1.953173084289999695e-02
7.747747747747747837e+01 5.550534909909912074e+01 1.935694563529999704e-02
7.751751751751751840e+01 7.171884384384384248e+01 7.682215907300000805e-03
7.755755755755755843e+01 5.566875469219215233e+01 1.954068644289999601e-02
7.759759759759759845e+01 7.371748090864301162e+01 6.766643760780000766e-03
7.763763763763763848e+01 5.533150655538355522e+01 1.973822703859999875e-02
7.767767767767767850e+01 5.545154529529529697e+01 1.980500760629999579e-02
7.771771771771771853e+01 8.536841131903386781e+01 6.560876861500000018e-03
7.775775775775775855e+01 5.509877981008353487e+01 1.913477264680999573e-02
7.779779779779779858e+01 7.585279349784354963e+01 6.629943006999999659e-03
7.783783783783783861e+01 5.497273543074318525e+01 1.890321009640999472e-02
7.787787787787787863e+01 7.617406163487706294e+01 7.072761123600002087e-03
7.791791791791791866e+01 8.467498125566974920e+01 6.568586407299999673e-03
7.795795795795795868e+01 5.505792676221142301e+01 1.920292905290999635e-02
7.799799799799799871e+01 7.610898398398398967e+01 6.930028812300001104e-03
7.803803803803803874e+01 7.706256256256256165e+01 6.424171049899999285e-03
7.807807807807807876e+01 7.636964356935058618e+01 7.014818931600000189e-03
7.811811811811811879e+01 7.616516516516517754e+01 7.009324009600001286e-03
7.815815815815815881e+01 7.602102102102099934e+01 6.937470415820000229e-03
7.819819819819819884e+01 8.614020270270270885e+01 6.426179682699998709e-03
7.823823823823823886e+01 7.628228228228228147e+01 7.050576112600002478e-03
7.827827827827827889e+01 7.925866784753503680e+01 6.875895825419998768e-03
7.831831831831831892e+01 8.021509009009010072e+01 6.963139672500002000e-03
7.835835835835835894e+01 7.737887887887887928e+01 7.127720391699999408e-03
7.839839839839839897e+01 8.009805117617617043e+01 6.687657542500000281e-03
7.843843843843843899e+01 8.020023930180181537e+01 6.961547572500001620e-03
7.847847847847847902e+01 8.007197382929805940e+01 6.687657542500000281e-03
7.851851851851851904e+01 8.232175925925926663e+01 6.876394159699999835e-03
7.855855855855855907e+01 5.566586386190881086e+01 1.954068644289999601e-02
7.859859859859859910e+01 8.258993368368368237e+01 6.710363450899999201e-03
7.863863863863863912e+01 7.814714714714713750e+01 6.395120143749999549e-03
7.867867867867867915e+01 8.009243618618619109e+01 6.687657542500000281e-03
7.871871871871871917e+01 8.326976475987706294e+01 7.493434907299998358e-03
7.875875875875875920e+01 8.017395520520521757e+01 6.961547572500001620e-03
7.879879879879879923e+01 8.027615603885136863e+01 6.629201842800001160e-03
7.883883883883883925e+01 8.044025275275276954e+01 6.510327405800001022e-03
7.887887887887887928e+01 8.078898600749187153e+01 6.482012386600001681e-03
7.891891891891891930e+01 7.922719594594595094e+01 6.866758848999998492e-03
7.895895895895895933e+01 8.290690690690691156e+01 6.821753232719999366e-03
7.899899899899899935e+01 7.882927458708707036e+01 6.608925468099999603e-03
7.903903903903903938e+01 7.700107260580892898e+01 6.461196557899999415e-03
7.907907907907907941e+01 8.297149383269990608e+01 6.865367956119999837e-03
7.911911911911911943e+01 7.911923984531406973e+01 6.870222030099998496e-03
7.915915915915915946e+01 8.262237237237238219e+01 6.705656547899999619e-03
7.919919919919919948e+01 8.315855491722190607e+01 7.199192865799999494e-03
7.923923923923923951e+01 7.924697744619618334e+01 6.875895825419998768e-03
7.927927927927927954e+01 8.324336421382319884e+01 7.662756785299997507e-03
7.931931931931931956e+01 8.316146988052506117e+01 7.199192865799999494e-03
7.935935935935935959e+01 7.935887498826951969e+01 6.631718668919999241e-03
7.939939939939939961e+01 8.326081550300298773e+01 7.493151785299997751e-03
7.943943943943943964e+01 7.621221221221219366e+01 7.072761123600002087e-03
7.947947947947947966e+01 7.575387887887887928e+01 6.574495868000000513e-03
7.951951951951951969e+01 8.318487237237238219e+01 7.199192865799999494e-03
7.955955955955955972e+01 7.620265504762573983e+01 6.770284412599999850e-03
7.959959959959959974e+01 5.565801836993238538e+01 1.929267630999999261e-02
7.963963963963963977e+01 8.511486486486487024e+01 5.964899760600000586e-03
7.967967967967967979e+01 8.366342050057870949e+01 6.451218588119998765e-03
7.971971971971971982e+01 8.326973848848848547e+01 7.493434907299998358e-03
7.975975975975975985e+01 8.474523155968469723e+01 6.646982866300000549e-03
7.979979979979979987e+01 8.559751047434153293e+01 6.734938161899999692e-03
7.983983983983983990e+01 8.445582423243556036e+01 6.300873087400000669e-03
7.987987987987987992e+01 8.324981231231231504e+01 7.154515007299998459e-03
7.991991991991991995e+01 7.992004186803991672e+01 6.370680357600000052e-03
7.995995995995995997e+01 8.539473848848848547e+01 6.555118849500000261e-03
8.000000000000000000e+01 5.512500000000000000e+01 1.913477264680999573e-02
