4.000000000000000000e+01 3.853125000000000000e+01 7.807307391599999265e-03
4.004004004004004003e+01 4.104079665603103422e+01 8.053212735299998537e-03
4.008008008008008005e+01 5.598686186186185409e+01 2.015486532460000063e-02
4.012012012012012008e+01 4.090396108999624403e+01 7.977410996200001714e-03
4.016016016016016010e+01 4.166616616616616398e+01 7.167354047699999245e-03
4.020020020020020013e+01 5.653153153153154165e+01 1.971706115829999911e-02
4.024024024024024015e+01 4.086899399399399613e+01 8.084959149200002249e-03
4.028028028028028018e+01 4.028028028028028018e+01 7.682051006599998830e-03
4.032032032032032021e+01 3.918624978738504439e+01 7.225114243100000562e-03
4.036036036036036023e+01 3.837387387387387605e+01 7.442075899699998782e-03
4.040040040040040026e+01 4.040040040040040026e+01 7.560311602999998139e-03
4.044044044044044028e+01 4.448448448448448289e+01 8.357399412400001032e-03
4.048048048048048031e+01 5.540778119428022563e+01 1.990237568699999848e-02
4.052052052052052034e+01 5.615841427364868821e+01 2.017401739960000134e-02
4.056056056056056036e+01 5.475694242826816094e+01 2.123531092089999198e-02
4.060060060060060039e+01 4.466053675746059071e+01 8.055807239900000805e-03
4.064064064064064041e+01 4.266994411403592835e+01 7.862798382179998422e-03
4.068068068068068044e+01 4.017217217217216785e+01 7.570515470999999302e-03
4.072072072072072046e+01 4.266131756756757198e+01 7.862798382179998422e-03
4.076076076076076049e+01 5.502702702702703164e+01 2.023997084760999557e-02
4.080080080080080052e+01 4.185269644644644416e+01 7.912298740800001104e-03
4.084084084084084054e+01 4.275513061890014654e+01 7.941923621379999576e-03
4.088088088088088057e+01 4.094475725725725823e+01 8.287100531200001022e-03
4.092092092092092059e+01 4.270921311936938025e+01 8.449549890899996779e-03
4.096096096096096062e+01 3.890891281906906585e+01 7.280024329000001244e-03
4.100100100100100065e+01 4.097697697697697095e+01 8.051372202200000883e-03
4.104104104104104067e+01 4.094472585378346707e+01 8.287100531200001022e-03
4.108108108108108070e+01 4.100874287373310523e+01 8.025766212199999042e-03
4.112112112112112072e+01 4.095647600725726534e+01 8.283523063200001757e-03
4.116116116116116075e+01 4.093606106106105358e+01 8.287100531200001022e-03
4.120120120120120077e+01 4.065399774774775210e+01 7.610601451699998410e-03
4.124124124124124080e+01 5.621938344594596515e+01 2.046758240480000407e-02
4.128128128128128083e+01 5.469769769769766299e+01 2.047254998279999377e-02
4.132132132132132085e+01 4.093595157657657069e+01 8.287100531200001022e-03
4.136136136136136088e+01 5.477149024024026858e+01 2.111026092089999390e-02
4.140140140140140090e+01 4.276392799049048676e+01 7.768950821379998900e-03
4.144144144144144093e+01 4.493812629768441980e+01 7.704580956470001227e-03
4.148148148148148096e+01 4.148148148148148096e+01 7.846292695280001478e-03
4.152152152152152098e+01 4.106712645262449968e+01 8.053212735299998537e-03
4.156156156156156101e+01 5.480937272721936893e+01 2.113343972089999287e-02
4.160160160160160103e+01 5.512212212212212137e+01 2.028138879679999840e-02
4.164164164164164106e+01 5.514264264264268434e+01 1.990951907309999880e-02
4.168168168168168108e+01 5.492714015284813911e+01 2.076806503960999459e-02
4.172172172172172111e+01 4.266697947947947966e+01 7.862798382179998422e-03
4.176176176176176114e+01 5.598686186186191094e+01 2.015486532460000063e-02
4.180180180180180116e+01 5.492992504222974048e+01 2.076806503960999459e-02
4.184184184184184119e+01 5.609447460155470822e+01 2.037840941249999954e-02
4.188188188188188121e+01 4.188200969524211814e+01 7.903831388170003136e-03
4.192192192192192124e+01 5.492414008246531409e+01 2.076806503960999459e-02
4.196196196196196126e+01 5.638664250187686378e+01 2.054017241410000319e-02
4.200200200200200129e+01 4.265828328328327501e+01 7.862798382179998422e-03
4.204204204204204132e+01 4.098277965465465655e+01 8.051372202200000883e-03
4.208208208208208134e+01 5.470696355535223177e+01 2.074280398679999304e-02
4.212212212212212137e+01 5.627226542949202326e+01 2.018010614690000232e-02
4.216216216216216139e+01 5.643332321579399746e+01 2.054020666930000613e-02
4.220220220220220142e+01 5.486286286286288316e+01 2.064630033939999360e-02
4.224224224224224145e+01 5.544281402985014040e+01 1.987608258700000047e-02
4.228228228228228147e+01 4.439633187875375597e+01 8.594379058570000493e-03
4.232232232232232150e+01 5.606881099849854166e+01 2.060799347859999797e-02
4.236236236236236152e+01 5.643626438938939316e+01 2.054020666930000613e-02
4.240240240240240155e+01 5.492416775906762894e+01 2.076806503960999459e-02
4.244244244244244157e+01 5.477701822916667140e+01 2.074322279089999346e-02
4.248248248248248160e+01 5.643047405315474663e+01 2.054020666930000613e-02
4.252252252252252163e+01 5.474820193728889706e+01 2.091273092089999258e-02
4.256256256256256165e+01 5.639539539539540414e+01 2.054013850810000597e-02
4.260260260260260168e+01 4.260260260260260168e+01 7.863231330879998787e-03
4.264264264264264170e+01 4.477477477477477663e+01 7.752321099300000032e-03
4.268268268268268173e+01 5.586236773883261009e+01 2.004484301550000375e-02
4.272272272272272176e+01 5.590681831734077178e+01 1.992457001550000315e-02
4.276276276276276178e+01 4.062462462462462298e+01 7.610601451699998410e-03
4.280280280280280181e+01 5.477447295928739379e+01 2.113343972089999287e-02
4.284284284284284183e+01 5.516016016016017431e+01 1.990951907309999880e-02
4.288288288288288186e+01 4.073873873873873919e+01 7.617035374699997891e-03
4.292292292292292188e+01 5.502846303334583666e+01 2.027229433309999870e-02
4.296296296296296191e+01 5.659080222800928084e+01 1.974981803129999963e-02
4.300300300300300194e+01 5.593736876524967983e+01 2.015493366044000118e-02
4.304304304304304196e+01 5.482103196946948032e+01 2.113391120269999396e-02
4.308308308308308199e+01 5.668118118118115945e+01 1.982746027959999754e-02
4.312312312312312201e+01 5.470403997747748548e+01 2.074280398679999304e-02
4.316316316316316204e+01 5.617942283103420209e+01 2.009487534339999756e-02
4.320320320320320207e+01 5.508421592979698289e+01 2.028724308679999769e-02
4.324324324324324209e+01 5.484744510135130469e+01 2.052462820269999183e-02
4.328328328328328212e+01 5.606537787787786442e+01 2.037933654449999854e-02
4.332332332332332214e+01 5.463639848344440253e+01 2.041605894519999201e-02
4.336336336336336217e+01 5.583006566136452875e+01 1.979650935134000256e-02
4.340340340340340219e+01 5.615262332645145449e+01 2.017401739960000134e-02
4.344344344344344222e+01 5.490674268018021564e+01 2.076722655869999226e-02
4.348348348348348225e+01 5.571334591427364558e+01 1.970579623974000327e-02
4.352352352352352227e+01 4.406756756756756488e+01 7.954259277769997957e-03
4.356356356356356230e+01 5.636036036036034602e+01 2.054065914690000189e-02
4.360360360360360232e+01 5.475986130173143351e+01 2.123531092089999198e-02
4.364364364364364235e+01 5.622522119287253872e+01 2.046776395460000314e-02
4.368368368368368237e+01 5.497574527652653131e+01 2.029969268031000043e-02
4.372372372372372240e+01 5.518362124331365237e+01 1.991021953880000098e-02
4.376376376376376243e+01 5.491839495745744415e+01 2.076760787760999205e-02
4.380380380380380245e+01 5.626037683191005101e+01 2.018888053490000209e-02
4.384384384384384248e+01 5.596084365615620015e+01 2.015493366044000118e-02
4.388388388388388250e+01 5.595195195195196192e+01 2.015493366044000118e-02
4.392392392392392253e+01 5.655205205205203356e+01 1.971706115829999911e-02
4.396396396396396256e+01 5.607176414695946676e+01 2.060799347859999797e-02
4.400400400400400258e+01 5.471292520547893901e+01 2.074287476779999514e-02
4.404404404404404261e+01 5.506379181916291543e+01 2.039469914379999846e-02
4.408408408408408263e+01 5.469181681681678242e+01 2.047254998279999377e-02
4.412412412412412266e+01 5.612037037037040932e+01 2.017401739960000134e-02
4.416416416416416268e+01 5.603328328328328922e+01 2.036467257860000157e-02
4.420420420420420271e+01 5.636036036036038865e+01 2.054065914690000189e-02
4.424424424424424274e+01 5.610031906906905874e+01 2.037840941249999954e-02
4.428428428428428276e+01 5.645381318818820660e+01 2.054020666930000613e-02
4.432432432432432279e+01 5.613206028293918592e+01 2.017401739960000134e-02
4.436436436436436281e+01 4.437302927927927954e+01 8.193538058569999755e-03
4.440440440440440284e+01 5.495045045045043253e+01 2.076921149960999496e-02
4.444444444444444287e+01 5.667534722222222854e+01 1.982746027959999754e-02
4.448448448448448289e+01 5.623116866866864427e+01 2.017364495460000073e-02
4.452452452452452292e+01 5.476864364364369919e+01 2.123531092089999198e-02
4.456456456456456294e+01 5.500503237612613816e+01 2.027311727360999946e-02
4.460460460460460297e+01 5.519819819819818463e+01 1.992357873879999769e-02
4.464464464464464299e+01 5.475985568087620692e+01 2.123531092089999198e-02
4.468468468468468302e+01 5.498740366342909169e+01 2.029969268031000043e-02
4.472472472472472305e+01 5.636014139139139445e+01 2.054065914690000189e-02
4.476476476476476307e+01 5.588587439979039573e+01 2.004484301550000375e-02
4.480480480480480310e+01 5.485088213213212782e+01 2.032840205569999212e-02
4.484484484484484312e+01 5.479479479479481085e+01 2.113343972089999287e-02
4.488488488488488315e+01 5.636910347847847191e+01 2.054065914690000189e-02
4.492492492492492318e+01 5.601576576576577082e+01 2.036467257860000157e-02
4.496496496496496320e+01 5.495048600846944709e+01 2.076921149960999496e-02
4.500500500500500323e+01 5.486578179742242156e+01 2.064630033939999360e-02
4.504504504504504325e+01 5.608635979729731957e+01 2.060822744449999563e-02
4.508508508508508328e+01 5.603935185185184764e+01 2.036467257860000157e-02
4.512512512512512330e+01 5.605386636636639253e+01 2.036467257860000157e-02
4.516516516516516333e+01 5.606831831831830470e+01 2.037933654449999854e-02
4.520520520520520336e+01 5.613788984296797935e+01 2.017401739960000134e-02
4.524524524524524338e+01 5.485985985985983859e+01 2.067259343939999508e-02
4.528528528528528341e+01 5.618205705705706521e+01 2.024106134539999796e-02
4.532532532532532343e+01 5.582423536818070886e+01 1.979650935134000256e-02
4.536536536536536346e+01 5.670456082303009993e+01 1.977241527959999745e-02
4.540540540540540349e+01 5.672211518158785282e+01 1.977562736349999795e-02
4.544544544544544351e+01 5.476531218718716332e+01 2.074322279089999346e-02
4.548548548548548354e+01 5.602163296108610524e+01 2.036467257860000157e-02
4.552552552552552356e+01 5.592854157868809040e+01 2.015493366044000118e-02
4.556556556556556359e+01 5.525102934966215429e+01 2.009013962079999813e-02
4.560560560560560361e+01 5.558155347730540541e+01 1.982120049230000000e-02
4.564564564564564364e+01 5.563174502627626339e+01 1.985105138244000131e-02
4.568568568568568367e+01 5.603634884884885992e+01 2.036467257860000157e-02
4.572572572572572369e+01 5.501376376376379795e+01 2.027225579960999918e-02
4.576576576576576372e+01 5.565188626126126792e+01 1.972669478429999942e-02
4.580580580580580374e+01 5.496696696696699291e+01 2.029969268031000043e-02
4.584584584584584377e+01 5.502844641516516333e+01 2.027229433309999870e-02
4.588588588588588379e+01 5.595479072822825373e+01 2.015493366044000118e-02
4.592592592592592382e+01 5.485988362630207860e+01 2.067259343939999508e-02
4.596596596596596385e+01 5.594022147147150292e+01 2.015493366044000118e-02
4.600600600600600387e+01 5.635735735735734409e+01 2.054065914690000189e-02
4.604604604604604390e+01 5.609163851351351582e+01 2.037840941249999954e-02
4.608608608608608392e+01 5.474522960460458165e+01 2.086469092089999339e-02
4.612612612612612395e+01 5.564639639639639768e+01 1.985105138244000131e-02
4.616616616616616398e+01 5.613201678240742609e+01 2.017401739960000134e-02
4.620620620620620400e+01 5.628673986486489866e+01 2.019625914690000371e-02
4.624624624624624403e+01 5.600159607850038412e+01 2.015486532460000063e-02
4.628628628628628405e+01 5.496503559223283730e+01 2.076721479960999539e-02
4.632632632632632408e+01 5.615257444944945320e+01 2.017401739960000134e-02
4.636636636636636410e+01 5.614677177177179601e+01 2.017401739960000134e-02
4.640640640640640413e+01 5.641278778778778502e+01 2.053988192830000573e-02
4.644644644644644416e+01 5.457457457457455519e+01 2.005003163509999631e-02
4.648648648648648418e+01 5.492124155405404906e+01 2.076806503960999459e-02
4.652652652652652421e+01 5.466866866866867269e+01 2.047254998279999377e-02
4.656656656656656423e+01 5.471585782559906619e+01 2.074287476779999514e-02
4.660660660660660426e+01 5.476279832078172660e+01 2.123531092089999198e-02
4.664664664664664429e+01 5.480069913663665204e+01 2.113343972089999287e-02
4.668668668668668431e+01 5.485628695101350871e+01 2.052462820269999183e-02
4.672672672672672434e+01 5.490390390390392383e+01 2.076722655869999226e-02
4.676676676676676436e+01 5.498741612706454873e+01 2.029969268031000043e-02
4.680680680680680439e+01 5.609503253253254229e+01 2.008668744450000168e-02
4.684684684684684441e+01 5.603322072072069915e+01 2.036467257860000157e-02
4.688688688688688444e+01 5.561407501251252228e+01 1.984433363543999795e-02
4.692692692692692447e+01 5.597548329579580439e+01 2.015493366044000118e-02
4.696696696696696449e+01 5.636036036036035313e+01 2.054065914690000189e-02
4.700700700700700452e+01 5.611461461461462363e+01 2.017401739960000134e-02
4.704704704704704454e+01 5.586836836836839382e+01 2.004484301550000375e-02
4.708708708708708457e+01 5.570467928866366947e+01 1.970620299474000123e-02
4.712712712712712460e+01 5.596375110462022207e+01 2.015493366044000118e-02
4.716716716716716462e+01 5.571621621621621046e+01 1.970579623974000327e-02
4.720720720720720465e+01 5.663726751653999258e+01 1.979818192929999957e-02
4.724724724724724467e+01 5.611749689142266817e+01 2.017401739960000134e-02
4.728728728728728470e+01 5.630142642642639572e+01 2.019625914690000371e-02
4.732732732732732472e+01 5.505499249249251648e+01 2.039427981579999827e-02
4.736736736736736475e+01 5.624867647188204955e+01 2.018947238560000329e-02
4.740740740740740478e+01 5.618750000000002132e+01 1.997299689560000369e-02
4.744744744744744480e+01 5.500938438438438283e+01 2.022661164760999539e-02
4.748748748748748483e+01 5.594619619619621176e+01 2.015493366044000118e-02
4.752752752752752485e+01 5.584484484484483602e+01 2.004491135134000429e-02
4.756756756756756488e+01 5.589189189189190188e+01 1.985080511550000454e-02
4.760760760760760490e+01 5.593893893893892511e+01 1.986136442550000270e-02
4.764764764764764493e+01 5.479479479479479664e+01 2.113343972089999287e-02
4.768768768768768496e+01 5.543693693693691671e+01 1.987608258700000047e-02
4.772772772772772498e+01 5.608051704047800001e+01 2.060799347859999797e-02
4.776776776776776501e+01 5.493286004510370901e+01 2.076921149960999496e-02
4.780780780780780503e+01 5.468018018018017301e+01 2.047254998279999377e-02
4.784784784784784506e+01 5.610907782782783215e+01 2.037852349959999934e-02
4.788788788788788509e+01 5.566937738519771983e+01 1.970687586474000053e-02
4.792792792792792511e+01 5.541637413780968302e+01 1.990237568699999848e-02
4.796796796796796514e+01 5.516316316316314783e+01 1.990951907309999880e-02
4.800800800800800516e+01 5.611170350037537702e+01 2.017038149960000137e-02
4.804804804804804519e+01 5.614677177177178180e+01 2.017401739960000134e-02
4.808808808808808521e+01 5.627809059059062236e+01 2.018010614690000232e-02
4.812812812812812524e+01 5.594894894894895288e+01 2.015493366044000118e-02
4.816816816816816527e+01 5.584489647117823097e+01 2.004491135134000429e-02
4.820820820820820529e+01 5.604204204204204132e+01 2.036467257860000157e-02
4.824824824824824532e+01 5.605074740267613720e+01 2.037910257860000088e-02
4.828828828828828534e+01 5.609740990990990639e+01 2.037840941249999954e-02
4.832832832832832537e+01 5.606841216216217560e+01 2.037933654449999854e-02
4.836836836836836540e+01 5.607707707707707812e+01 2.037840941249999954e-02
4.840840840840840542e+01 5.578312687687687799e+01 2.006348336944000638e-02
4.844844844844844545e+01 5.503440940940939896e+01 2.027229433309999870e-02
4.848848848848848547e+01 5.528838934148993189e+01 1.976667051360000635e-02
4.852852852852852550e+01 5.493581081081082118e+01 2.076921149960999496e-02
4.856856856856856552e+01 5.598695497255069853e+01 2.015486532460000063e-02
4.860860860860860555e+01 5.559609609609610459e+01 1.982120049230000000e-02
4.864864864864864558e+01 5.473937988281250000e+01 2.086827279089999501e-02
4.868868868868868560e+01 5.614146959459459651e+01 2.010030439960000179e-02
4.872872872872872563e+01 5.483915189603666818e+01 2.032840205569999212e-02
4.876876876876876565e+01 5.474818177552551646e+01 2.086469092089999339e-02
4.880880880880880568e+01 5.498736529498247450e+01 2.029969268031000043e-02
4.884884884884884571e+01 5.613801301301300839e+01 2.017401739960000134e-02
4.888888888888888573e+01 5.561111111111111427e+01 1.984433363543999795e-02
4.892892892892892576e+01 5.611536536536538478e+01 2.010019031250000199e-02
4.896896896896896578e+01 5.509009009009009361e+01 2.028724308679999769e-02
4.900900900900900581e+01 5.636036036036037444e+01 2.054065914690000189e-02
4.904904904904904583e+01 5.617648898898898580e+01 2.009487534339999756e-02
4.908908908908908586e+01 5.587703988167856295e+01 2.004484301550000375e-02
4.912912912912912589e+01 5.611460221207535426e+01 2.017401739960000134e-02
4.916916916916916591e+01 5.594913663663663783e+01 2.015493366044000118e-02
4.920920920920920594e+01 5.612925425425424208e+01 2.017401739960000134e-02
4.924924924924924596e+01 5.571336350999436604e+01 1.970579623974000327e-02
4.928928928928928599e+01 5.489217042970705762e+01 2.076837033939999203e-02
4.932932932932932601e+01 5.595795795795795868e+01 2.015493366044000118e-02
4.936936936936936604e+01 5.500056306306306908e+01 2.022661164760999539e-02
4.940940940940940607e+01 5.666656720196761654e+01 1.982721702929999760e-02
4.944944944944944609e+01 5.501371977446196837e+01 2.027311727360999946e-02
4.948948948948948612e+01 5.583002827045795868e+01 1.979650935134000256e-02
4.952952952952952614e+01 5.479189088991334700e+01 2.113343972089999287e-02
4.956956956956956617e+01 5.479776138443129696e+01 2.113343972089999287e-02
4.960960960960960620e+01 5.493876689189188767e+01 2.076921149960999496e-02
4.964964964964964622e+01 5.591403903903903938e+01 2.013168766044000357e-02
4.968968968968968625e+01 5.620175644394394965e+01 2.038322270980000642e-02
4.972972972972972627e+01 5.586824324324324209e+01 2.004484301550000375e-02
4.976976976976976630e+01 5.630463410187533668e+01 2.052450614690000050e-02
4.980980980980980632e+01 5.541356542088963977e+01 1.990237568699999848e-02
4.984984984984984635e+01 5.491249703072212895e+01 2.076760787760999205e-02
4.988988988988988638e+01 5.604786866945070756e+01 2.036467257860000157e-02
4.992992992992992640e+01 5.648323323323324985e+01 1.978682799430000680e-02
4.996996996996996643e+01 5.488927012950449580e+01 2.076837033939999203e-02
5.001001001001000645e+01 5.493287037037036669e+01 2.076921149960999496e-02
5.005005005005004648e+01 5.474224224224224145e+01 2.074322279089999346e-02
5.009009009009008651e+01 5.635135135135136153e+01 2.054065914690000189e-02
5.013013013013012653e+01 5.482982982982983344e+01 2.052462820269999183e-02
5.017017017017016656e+01 5.479768244807306843e+01 2.073964092089999531e-02
5.021021021021020658e+01 5.609452567802178180e+01 2.037840941249999954e-02
5.025025025025024661e+01 5.629567678029592059e+01 2.018010614690000232e-02
5.029029029029028663e+01 5.551576576576577793e+01 1.952600943440000250e-02
5.033033033033032666e+01 5.607174801754879923e+01 2.060799347859999797e-02
5.037037037037036669e+01 5.674544722945601904e+01 1.976031357349999559e-02
5.041041041041040671e+01 5.482101364059371917e+01 2.113391120269999396e-02
5.045045045045044674e+01 5.602759009009008651e+01 2.036467257860000157e-02
5.049049049049048676e+01 5.467173423423425049e+01 2.047254998279999377e-02
5.053053053053052679e+01 5.597835335335335571e+01 2.015486532460000063e-02
5.057057057057056682e+01 5.531156156156156811e+01 1.957215101360000251e-02
5.061061061061060684e+01 5.592852422735234796e+01 2.015493366044000118e-02
5.065065065065064687e+01 5.627218038350850549e+01 2.018010614690000232e-02
5.069069069069068689e+01 5.536373873873873208e+01 1.990191817500000515e-02
5.073073073073072692e+01 5.497274129598348225e+01 2.029969268031000043e-02
5.077077077077076694e+01 5.584784784784784506e+01 2.004491135134000429e-02
5.081081081081080697e+01 5.613502956081081408e+01 2.017401739960000134e-02
5.085085085085084700e+01 5.611455327397710846e+01 2.017401739960000134e-02
5.089089089089088702e+01 5.498601726726727179e+01 2.022661164760999539e-02
5.093093093093092705e+01 5.475113932291666430e+01 2.091273092089999258e-02
5.097097097097096707e+01 5.638663663663663783e+01 2.054017241410000319e-02
5.101101101101100710e+01 5.609716747997997288e+01 2.036910149960000083e-02
5.105105105105104712e+01 5.496210092538828462e+01 2.076721479960999539e-02
5.109109109109108715e+01 5.645964714714714461e+01 2.054020666930000613e-02
5.113113113113112718e+01 5.528553553553553002e+01 1.976667051360000635e-02
5.117117117117116720e+01 5.564864864864864558e+01 1.980797586474000033e-02
5.121121121121120723e+01 5.489217330123092609e+01 2.076837033939999203e-02
5.125125125125124725e+01 5.601585960960960620e+01 2.002358507860000150e-02
5.129129129129128728e+01 5.489489269542981731e+01 2.064630033939999360e-02
5.133133133133132731e+01 5.518118118118118787e+01 1.976717873880000018e-02
5.137137137137136733e+01 5.506384546167261362e+01 2.039469914379999846e-02
5.141141141141140736e+01 5.619667506862330697e+01 2.023369815739999716e-02
5.145145145145144738e+01 5.627502502502503035e+01 2.018010614690000232e-02
5.149149149149148741e+01 5.583608608608608392e+01 2.004491135134000429e-02
5.153153153153152743e+01 5.567820945945946676e+01 1.970537923474000030e-02
5.157157157157156746e+01 5.479479479479479664e+01 2.113343972089999287e-02
5.161161161161160749e+01 5.586537990627344641e+01 2.004484301550000375e-02
5.165165165165164751e+01 5.645379876947259135e+01 2.054020666930000613e-02
5.169169169169168754e+01 5.597256766043387444e+01 2.015493366044000118e-02
5.173173173173172756e+01 5.629851580095721886e+01 2.019625914690000371e-02
5.177177177177176759e+01 5.601867492492493028e+01 2.036467257860000157e-02
5.181181181181180762e+01 5.482995104479479664e+01 2.052462820269999183e-02
5.185185185185184764e+01 5.541650842737267624e+01 1.990237568699999848e-02
5.189189189189188767e+01 5.487162162162161394e+01 2.064630033939999360e-02
5.193193193193192769e+01 5.589782751501501679e+01 1.985080511550000454e-02
5.197197197197196772e+01 5.633680555555555713e+01 2.054065914690000189e-02
5.201201201201200774e+01 5.481832418355855907e+01 2.052462820269999183e-02
5.205205205205204777e+01 5.619963224943693092e+01 2.022753587739999775e-02
5.209209209209208780e+01 5.616178678678678438e+01 2.010412184940000083e-02
5.213213213213212782e+01 5.606240615615615752e+01 2.037933654449999854e-02
5.217217217217216785e+01 5.607999014639639768e+01 2.037840941249999954e-02
5.221221221221220787e+01 5.593437187187186765e+01 2.015493366044000118e-02
5.225225225225224790e+01 5.476280968468467591e+01 2.123531092089999198e-02
5.229229229229228793e+01 5.500664653911724145e+01 2.023997084760999557e-02
5.233233233233232795e+01 5.658497315675049322e+01 1.974981803129999963e-02
5.237237237237236798e+01 5.484746562969219497e+01 2.052462820269999183e-02
5.241241241241240800e+01 5.601576576576575661e+01 2.036467257860000157e-02
5.245245245245244803e+01 5.638382523148148096e+01 2.054017241410000319e-02
5.249249249249248805e+01 5.478903903903903938e+01 2.113343972089999287e-02
5.253253253253252808e+01 5.616466466466465590e+01 2.010412184940000083e-02
5.257257257257256811e+01 5.516012887887887928e+01 1.990951907309999880e-02
5.261261261261260813e+01 5.606531531531532409e+01 2.037933654449999854e-02
5.265265265265264816e+01 5.594601437374874564e+01 2.015493366044000118e-02
5.269269269269268818e+01 5.584190440440440284e+01 2.004491135134000429e-02
5.273273273273272821e+01 5.561655405405404906e+01 1.982110788429999881e-02
5.277277277277276823e+01 5.611165560091341575e+01 2.017401739960000134e-02
5.281281281281280826e+01 5.598983358358357521e+01 2.015486532460000063e-02
5.285285285285285539e+01 5.613809121621622467e+01 2.017401739960000134e-02
5.289289289289289542e+01 5.603340840840841963e+01 2.036467257860000157e-02
5.293293293293293544e+01 5.642749512207520723e+01 2.053988192830000573e-02
5.297297297297297547e+01 5.612341638513514397e+01 2.017401739960000134e-02
5.301301301301301550e+01 5.566350188078704520e+01 1.970687586474000053e-02
5.305305305305305552e+01 5.491836135451858070e+01 2.076760787760999205e-02
5.309309309309309555e+01 5.491541370472035055e+01 2.076760787760999205e-02
5.313313313313313557e+01 5.643336097327797063e+01 2.054020666930000613e-02
5.317317317317317560e+01 5.508424635573072692e+01 2.028724308679999769e-02
5.321321321321321562e+01 5.592583990240240155e+01 2.013168766044000357e-02
5.325325325325325565e+01 5.475083848496935701e+01 2.074322279089999346e-02
5.329329329329329568e+01 5.595795795795796579e+01 2.015493366044000118e-02
5.333333333333333570e+01 5.566666666666667140e+01 1.972536183473999963e-02
5.337337337337337573e+01 5.604204204204204842e+01 2.036467257860000157e-02
5.341341341341341575e+01 5.499912412412413687e+01 2.027311727360999946e-02
5.345345345345345578e+01 5.627228791291292254e+01 2.018010614690000232e-02
5.349349349349349581e+01 5.478903903903903938e+01 2.113343972089999287e-02
5.353353353353353583e+01 5.466275650650651130e+01 2.047254998279999377e-02
5.357357357357357586e+01 5.625748404654655133e+01 2.018216013490000196e-02
5.361361361361361588e+01 5.476280983742532982e+01 2.123531092089999198e-02
5.365365365365365591e+01 5.594598504754753066e+01 2.015493366044000118e-02
5.369369369369369593e+01 5.568688854870495675e+01 1.970537923474000030e-02
5.373373373373373596e+01 5.615017752127128148e+01 2.010030439960000179e-02
5.377377377377377599e+01 5.612637637637638477e+01 2.017401739960000134e-02
5.381381381381381601e+01 5.488325825825827309e+01 2.064630033939999360e-02
5.385385385385385604e+01 5.591404973088322805e+01 2.013168766044000357e-02
5.389389389389389606e+01 5.625166951619588929e+01 2.018890206660000144e-02
5.393393393393393609e+01 5.599859234234234151e+01 2.015486532460000063e-02
5.397397397397397611e+01 5.498598598598598386e+01 2.022661164760999539e-02
5.401401401401401614e+01 5.612921124249249516e+01 2.017401739960000134e-02
5.405405405405405617e+01 5.642155827702703164e+01 2.053988192830000573e-02
5.409409409409409619e+01 5.498157532532532343e+01 2.029969268031000043e-02
5.413413413413413622e+01 5.624874874874875275e+01 2.018890206660000144e-02
5.417417417417417624e+01 5.603641141141141446e+01 2.036467257860000157e-02
5.421421421421421627e+01 5.488924471346346934e+01 2.064630033939999360e-02
5.425425425425425630e+01 5.476280510246574806e+01 2.123531092089999198e-02
5.429429429429429632e+01 5.471581737987987992e+01 2.074287476779999514e-02
5.433433433433433635e+01 5.636921882820320207e+01 2.054065914690000189e-02
5.437437437437437637e+01 5.594613363363363590e+01 2.015493366044000118e-02
5.441441441441441640e+01 5.610955095720721175e+01 2.010019031250000199e-02
5.445445445445445642e+01 5.615881506506507037e+01 2.010394029960000176e-02
5.449449449449449645e+01 5.611753837577813897e+01 2.017401739960000134e-02
5.453453453453453648e+01 5.606831831831832602e+01 2.037933654449999854e-02
5.457457457457457650e+01 5.474528666850444836e+01 2.091273092089999258e-02
5.461461461461461653e+01 5.643332394894895998e+01 2.054020666930000613e-02
5.465465465465465655e+01 5.499624624624624403e+01 2.027311727360999946e-02
5.469469469469469658e+01 5.478324308194913073e+01 2.113343972089999287e-02
5.473473473473473661e+01 5.609508531969470368e+01 2.008668744450000168e-02
5.477477477477477663e+01 5.614080095720720465e+01 2.017401739960000134e-02
5.481481481481481666e+01 5.498736572265625000e+01 2.029969268031000043e-02
5.485485485485485668e+01 5.619374990224599742e+01 2.023426847639999901e-02
5.489489489489489671e+01 5.489217259862402187e+01 2.076837033939999203e-02
5.493493493493493673e+01 5.488929273511793383e+01 2.076837033939999203e-02
5.497497497497497676e+01 5.488639225162664559e+01 2.076837033939999203e-02
5.501501501501501679e+01 5.501081770246810265e+01 2.027311727360999946e-02
5.505505505505505681e+01 5.488031977289789154e+01 2.064630033939999360e-02
5.509509509509509684e+01 5.588584287412411555e+01 2.004484301550000375e-02
5.513513513513513686e+01 5.608041464315878244e+01 2.008668744450000168e-02
5.517517517517517689e+01 5.483555014975913622e+01 2.056182720269999695e-02
5.521521521521521692e+01 5.585957246308808521e+01 2.004484301550000375e-02
5.525525525525525694e+01 5.616178678678679148e+01 2.010412184940000083e-02
5.529529529529529697e+01 5.594598700262763202e+01 2.015493366044000118e-02
5.533533533533533699e+01 5.568118118118118787e+01 1.970537923474000030e-02
5.537537537537537702e+01 5.468318318318318916e+01 2.047254998279999377e-02
5.541541541541541704e+01 5.680080080080080052e+01 1.974624411380000027e-02
5.545545545545545707e+01 5.601867492492492318e+01 2.036467257860000157e-02
5.549549549549549710e+01 5.601576576576577082e+01 2.036467257860000157e-02
5.553553553553553712e+01 5.631921570007507682e+01 2.052450614690000050e-02
5.557557557557557715e+01 5.592563657407407618e+01 2.015493366044000118e-02
5.561561561561561717e+01 5.635426051051050678e+01 2.054065914690000189e-02
5.565565565565565720e+01 5.635135135135135442e+01 2.054065914690000189e-02
5.569569569569569722e+01 5.491255995986220029e+01 2.076732539530999275e-02
5.573573573573573725e+01 5.630435318130631117e+01 2.019625914690000371e-02
5.577577577577577728e+01 5.630139710022523047e+01 2.019625914690000371e-02
5.581581581581581730e+01 5.616466466466467011e+01 2.010412184940000083e-02
5.585585585585585733e+01 5.607131545608108070e+01 2.037933654449999854e-02
5.589589589589589735e+01 5.484750668637386894e+01 2.052462820269999183e-02
5.593593593593593738e+01 5.595778591091091414e+01 2.015493366044000118e-02
5.597597597597597741e+01 5.536373873873873919e+01 1.990191817500000515e-02
5.601601601601601743e+01 5.636611611611611750e+01 2.054065914690000189e-02
5.605605605605605746e+01 5.617648898898899290e+01 2.009487534339999756e-02
5.609609609609609748e+01 5.587423165352852550e+01 2.004484301550000375e-02
5.613613613613613751e+01 5.476862299311029858e+01 2.111026092089999390e-02
5.617617617617617753e+01 5.635721268143144158e+01 2.054065914690000189e-02
5.621621621621621756e+01 5.567546452702703164e+01 1.972536183473999963e-02
5.625625625625625759e+01 5.507251941883289703e+01 2.028058226679999715e-02
5.629629629629629761e+01 5.485040509259259522e+01 2.052462820269999183e-02
5.633633633633633764e+01 5.594022147147147450e+01 2.015493366044000118e-02
5.637637637637637766e+01 5.496696696696696449e+01 2.029969268031000043e-02
5.641641641641641769e+01 5.482419528903904649e+01 2.052462820269999183e-02
5.645645645645645772e+01 5.605949699699699806e+01 2.037933654449999854e-02
5.649649649649649774e+01 5.508132546609108715e+01 2.028724308679999769e-02
5.653653653653653777e+01 5.496991131756756488e+01 2.029969268031000043e-02
5.657657657657657779e+01 5.551576576576576372e+01 1.952600943440000250e-02
5.661661661661661782e+01 5.608583583583583732e+01 2.037840941249999954e-02
5.665665665665665784e+01 5.586545529904904583e+01 2.004484301550000375e-02
5.669669669669669787e+01 5.611464198573574436e+01 2.017401739960000134e-02
5.673673673673673790e+01 5.602752752752752485e+01 2.036467257860000157e-02
5.677677677677677792e+01 5.642755316351508554e+01 2.054020666930000613e-02
5.681681681681681795e+01 5.610591304194819884e+01 2.017038149960000137e-02
5.685685685685685797e+01 5.624053741241240800e+01 2.003001365359999980e-02
5.689689689689689800e+01 5.565227727727727824e+01 1.985105138244000131e-02
5.693693693693693803e+01 5.622522522522522337e+01 2.046776395460000314e-02
5.697697697697697805e+01 5.528269089401902647e+01 1.977109708760000847e-02
5.701701701701701808e+01 5.665778962556306908e+01 1.985956782929999831e-02
5.705705705705705810e+01 5.473911411411410910e+01 2.074287476779999514e-02
5.709709709709709813e+01 5.567524555805806585e+01 1.970537923474000030e-02
5.713713713713713815e+01 5.607418551363863912e+01 2.037933654449999854e-02
5.717717717717717818e+01 5.646254970791103744e+01 1.985400069330000780e-02
5.721721721721721821e+01 5.614439439439439639e+01 2.010030439960000179e-02
5.725725725725725823e+01 5.688826002516188396e+01 1.912514991460000438e-02
5.729729729729729826e+01 5.505789761929898418e+01 2.039427981579999827e-02
5.733733733733733828e+01 5.608868243243243512e+01 2.037840941249999954e-02
5.737737737737737831e+01 5.630435318130629696e+01 2.019625914690000371e-02
5.741741741741741833e+01 5.608291103603603034e+01 2.037840941249999954e-02
5.745745745745745836e+01 5.486583996105480310e+01 2.064630033939999360e-02
5.749749749749749839e+01 5.607129004004004003e+01 2.037933654449999854e-02
5.753753753753753841e+01 5.494160566816817237e+01 2.076921149960999496e-02
5.757757757757757844e+01 5.605660738863863912e+01 2.037933654449999854e-02
5.761761761761761846e+01 5.635723223223222789e+01 2.054065914690000189e-02
5.765765765765765849e+01 5.590670748873873208e+01 1.985734301550000358e-02
5.769769769769769852e+01 5.482971643518517624e+01 2.056182720269999695e-02
5.773773773773773854e+01 5.485049844766641058e+01 2.052462820269999183e-02
5.777777777777777857e+01 5.487760416666666430e+01 2.064630033939999360e-02
5.781781781781781859e+01 5.492128065565566430e+01 2.076760787760999205e-02
5.785785785785785862e+01 5.487456206206206133e+01 2.064630033939999360e-02
5.789789789789789864e+01 5.518362472580001565e+01 1.991021953880000098e-02
5.793793793793793867e+01 5.522209709709709813e+01 1.976754568010000157e-02
5.797797797797797870e+01 5.489219175229918335e+01 2.076837033939999203e-02
5.801801801801801872e+01 5.493581081081081408e+01 2.076921149960999496e-02
5.805805805805805875e+01 5.487166854354354228e+01 2.064630033939999360e-02
5.809809809809809877e+01 5.621941326091715041e+01 2.046758240480000407e-02
5.813813813813813880e+01 5.595795795795795868e+01 2.015493366044000118e-02
5.817817817817817883e+01 5.497383320820820529e+01 2.039575479960999832e-02
5.821821821821821885e+01 5.631930367867866494e+01 2.052450614690000050e-02
5.825825825825825888e+01 5.588582723348348225e+01 2.004484301550000375e-02
5.829829829829829890e+01 5.610036990115114008e+01 2.037840941249999954e-02
5.833833833833833893e+01 5.592561506819318140e+01 2.015493366044000118e-02
5.837837837837837895e+01 5.480936576224661394e+01 2.113343972089999287e-02
5.841841841841841898e+01 5.605658001751751840e+01 2.037933654449999854e-02
5.845845845845845901e+01 5.626037903137512330e+01 2.018888053490000209e-02
5.849849849849849903e+01 5.632194303678679148e+01 2.019625914690000371e-02
5.853853853853853906e+01 5.497277550988487604e+01 2.029969268031000043e-02
5.857857857857857908e+01 5.675943912662663138e+01 1.947485990240000256e-02
5.861861861861861911e+01 5.607122747747747837e+01 2.037933654449999854e-02
5.865865865865865914e+01 5.630142838150649709e+01 2.019625914690000371e-02
5.869869869869869916e+01 5.593609087603228147e+01 1.994302142550000156e-02
5.873873873873873919e+01 5.481517454954956037e+01 2.113343972089999287e-02
5.877877877877877921e+01 5.493577170920920594e+01 2.076921149960999496e-02
5.881881881881881924e+01 5.618231121746745771e+01 2.009487534339999756e-02
5.885885885885885926e+01 5.619325380067567011e+01 1.997289770980000337e-02
5.889889889889889929e+01 5.508129112999717591e+01 2.028724308679999769e-02
5.893893893893893932e+01 5.636036036036036023e+01 2.054065914690000189e-02
5.897897897897897934e+01 5.626041666666666430e+01 2.018216013490000196e-02
5.901901901901901937e+01 5.605654091591591737e+01 2.037933654449999854e-02
5.905905905905905939e+01 5.608051288593280503e+01 2.060799347859999797e-02
5.909909909909909942e+01 5.613224063907657779e+01 2.017401739960000134e-02
5.913913913913913944e+01 5.470406466036349968e+01 2.074280398679999304e-02
5.917917917917917947e+01 5.624333708708708457e+01 2.003001365359999980e-02
5.921921921921921950e+01 5.631608952702703164e+01 2.019625914690000371e-02
5.925925925925925952e+01 5.475694444444442865e+01 2.123531092089999198e-02
5.929929929929929955e+01 5.596371371371370884e+01 2.015493366044000118e-02
5.933933933933933957e+01 5.486570945945945255e+01 2.064630033939999360e-02
5.937937937937937960e+01 5.485634071571571724e+01 2.052462820269999183e-02
5.941941941941941963e+01 5.606547172172172111e+01 2.037933654449999854e-02
5.945945945945945965e+01 5.506967905405404906e+01 2.039469914379999846e-02
5.949949949949949968e+01 5.610907391766765784e+01 2.037852349959999934e-02
5.953953953953953970e+01 5.595786411411410910e+01 2.015493366044000118e-02
5.957957957957957973e+01 5.606531531531531698e+01 2.037933654449999854e-02
5.961961961961961975e+01 5.612628253253252808e+01 2.017401739960000134e-02
5.965965965965965978e+01 5.555805805805805164e+01 1.982104973429999958e-02
5.969969969969969981e+01 5.503566066066064622e+01 2.023797414760999600e-02
5.973973973973973983e+01 5.507261815037693964e+01 2.040135996379999900e-02
5.977977977977977986e+01 5.586840746996996643e+01 2.004484301550000375e-02
5.981981981981981988e+01 5.559037162162161394e+01 1.982120049230000000e-02
5.985985985985985991e+01 5.595493931431430212e+01 2.015493366044000118e-02
5.989989989989989994e+01 5.606841216216214718e+01 2.037933654449999854e-02
5.993993993993993996e+01 5.628698400548986314e+01 2.018010614690000232e-02
5.997997997997997999e+01 5.637180930930931311e+01 2.054017241410000319e-02
6.002002002002002001e+01 5.482102023898899290e+01 2.113391120269999396e-02
6.006006006006006004e+01 5.608342717717717818e+01 2.060822744449999563e-02
6.010010010010010006e+01 5.484427591654154810e+01 2.056182720269999695e-02
6.014014014014014009e+01 5.505498736040726726e+01 2.039427981579999827e-02
6.018018018018018012e+01 5.634839527027025952e+01 2.054065914690000189e-02
6.022022022022022014e+01 5.477158408408409684e+01 2.125848972089999442e-02
6.026026026026026017e+01 5.617915767329830601e+01 2.024106134539999796e-02
6.030030030030030019e+01 5.663752815315315559e+01 1.975766547129999620e-02
6.034034034034034022e+01 5.473646693568566945e+01 2.086827279089999501e-02
6.038038038038038025e+01 5.492996756522144608e+01 2.076806503960999459e-02
6.042042042042042027e+01 5.593443284593188025e+01 2.015493366044000118e-02
6.046046046046046030e+01 5.592592592592590961e+01 2.013168766044000357e-02
6.050050050050050032e+01 5.557892658283283538e+01 1.987062673543999944e-02
6.054054054054054035e+01 5.611750422297295415e+01 2.017401739960000134e-02
6.058058058058058037e+01 5.546918653272412314e+01 1.987490638729999884e-02
6.062062062062062040e+01 5.607407407407406197e+01 2.037840941249999954e-02
6.066066066066066043e+01 5.503138911616694173e+01 2.027229433309999870e-02
6.070070070070070045e+01 5.607701451451450225e+01 2.037840941249999954e-02
6.074074074074074048e+01 5.637500000000000711e+01 2.054065914690000189e-02
6.078078078078078050e+01 5.626933623076200064e+01 2.018010614690000232e-02
6.082082082082082053e+01 5.492880380380380956e+01 2.029859744360999751e-02
6.086086086086086056e+01 5.612913694944943188e+01 2.017401739960000134e-02
6.090090090090090058e+01 5.604488668355854486e+01 2.037910257860000088e-02
6.094094094094094061e+01 5.504323855105104002e+01 2.039436433309999713e-02
6.098098098098098063e+01 6.402407485610609683e+01 1.118275471108000178e-02
6.102102102102102066e+01 5.615300798845720465e+01 2.010030439960000179e-02
6.106106106106106068e+01 5.600444194194194125e+01 2.015486532460000063e-02
6.110110110110110071e+01 5.482391766766765784e+01 2.056182720269999695e-02
6.114114114114114074e+01 5.502851973066817237e+01 2.027225579960999918e-02
6.118118118118118076e+01 5.611461461461460942e+01 2.017401739960000134e-02
6.122122122122122079e+01 5.501371671964933796e+01 2.027311727360999946e-02
6.126126126126126081e+01 5.588295326576576372e+01 2.004484301550000375e-02
6.130130130130130084e+01 5.603322072072073468e+01 2.036467257860000157e-02
6.134134134134134086e+01 5.540479566480541962e+01 1.990237568699999848e-02
6.138138138138138089e+01 5.611166391000375597e+01 2.017401739960000134e-02
6.142142142142142092e+01 5.508133915165164751e+01 2.028724308679999769e-02
6.146146146146146094e+01 5.616761292542543060e+01 2.009740144940000070e-02
6.150150150150150097e+01 5.604804804804803098e+01 2.036467257860000157e-02
6.154154154154154099e+01 5.538738738738737766e+01 1.990191817500000515e-02
6.158158158158158102e+01 5.619319319319317430e+01 1.997289770980000337e-02
6.162162162162162105e+01 5.618234005489864558e+01 2.009487534339999756e-02
6.166166166166166107e+01 5.482107107107104582e+01 2.052462820269999183e-02
6.170170170170170110e+01 5.523933910106395473e+01 2.009013962079999813e-02
6.174174174174174112e+01 5.595194608671169334e+01 2.015493366044000118e-02
6.178178178178178115e+01 5.490670140966160773e+01 2.076808803269999254e-02
6.182182182182182117e+01 5.525929054054051903e+01 1.977109708760000847e-02
6.186186186186186120e+01 5.510176191816816527e+01 2.028138879679999840e-02
6.190190190190190123e+01 5.455105105105103291e+01 2.005196506509999629e-02
6.194194194194194125e+01 5.478028296851539380e+01 2.113343972089999287e-02
6.198198198198198128e+01 5.656158502252251452e+01 1.976767248129999641e-02
6.202202202202202130e+01 5.639521943818819238e+01 2.054013850810000597e-02
6.206206206206206133e+01 5.600737456206205422e+01 2.015486532460000063e-02
6.210210210210210136e+01 5.609164657821885669e+01 2.037840941249999954e-02
6.214214214214214138e+01 5.631631631631631763e+01 2.052450614690000050e-02
6.218218218218218141e+01 5.469481590965967399e+01 2.047254998279999377e-02
6.222222222222222143e+01 5.541059027777777146e+01 1.990237568699999848e-02
6.226226226226226146e+01 5.619374379262073660e+01 2.023426847639999901e-02
6.230230230230230148e+01 5.625450328257942800e+01 2.018870986490000144e-02
6.234234234234234151e+01 5.493005701013512976e+01 2.076806503960999459e-02
6.238238238238238154e+01 5.594310716966964492e+01 2.015493366044000118e-02
6.242242242242242156e+01 5.608874108483482246e+01 2.037840941249999954e-02
6.246246246246246159e+01 5.494744744744741638e+01 2.076921149960999496e-02
6.250250250250250161e+01 5.604777629191691801e+01 2.037910257860000088e-02
6.254254254254254164e+01 5.506675425425423498e+01 2.039469914379999846e-02
6.258258258258258167e+01 5.475670396959459651e+01 2.074322279089999346e-02
6.262262262262262169e+01 5.479479479479477533e+01 2.113343972089999287e-02
6.266266266266266172e+01 5.482982982982983344e+01 2.052462820269999183e-02
6.270270270270270174e+01 5.506090648754221206e+01 2.039469914379999846e-02
6.274274274274274177e+01 5.470995604979979987e+01 2.074280398679999304e-02
6.278278278278278179e+01 5.489508258258256035e+01 2.076837033939999203e-02
6.282282282282282182e+01 5.499911141610360943e+01 2.027311727360999946e-02
6.286286286286286185e+01 5.490668586066534829e+01 2.076808803269999254e-02
6.290290290290290187e+01 5.640989817942944740e+01 2.053988192830000573e-02
6.294294294294294190e+01 5.630462151604727694e+01 2.052450614690000050e-02
6.298298298298298192e+01 5.610036990115116851e+01 2.037840941249999954e-02
6.302302302302302195e+01 5.617911661661662492e+01 2.024106134539999796e-02
6.306306306306306197e+01 5.631045779666384021e+01 2.052450614690000050e-02
6.310310310310310200e+01 5.639531719219216654e+01 2.054013850810000597e-02
6.314314314314314203e+01 5.609503644269268818e+01 2.008668744450000168e-02
6.318318318318318205e+01 5.512794435060057197e+01 2.028138879679999840e-02
6.322322322322322208e+01 5.499926488988988638e+01 2.027311727360999946e-02
6.326326326326326210e+01 5.515147960460457455e+01 1.990951907309999880e-02
6.330330330330330213e+01 5.613222597597597741e+01 2.017401739960000134e-02
6.334334334334334216e+01 5.610587149649646932e+01 2.017038149960000137e-02
6.338338338338338218e+01 5.585660660660660426e+01 2.004484301550000375e-02
6.342342342342342221e+01 5.588879504504502904e+01 2.004484301550000375e-02
6.346346346346346223e+01 5.595196759259260233e+01 2.015493366044000118e-02
6.350350350350350226e+01 5.488339902402400128e+01 2.064630033939999360e-02
6.354354354354354228e+01 5.476279561727254475e+01 2.123531092089999198e-02
6.358358358358358231e+01 5.638075575575574305e+01 2.054017241410000319e-02
6.362362362362362234e+01 5.606831831831833313e+01 2.037933654449999854e-02
6.366366366366366236e+01 5.508709881756753646e+01 2.028724308679999769e-02
6.370370370370370239e+01 5.636906828703703809e+01 2.054065914690000189e-02
6.374374374374374241e+01 5.606834959959959264e+01 2.037933654449999854e-02
6.378378378378378244e+01 5.521595228040541770e+01 2.008975873879999957e-02
6.382382382382382247e+01 5.564639639639639768e+01 1.985105138244000131e-02
6.386386386386386249e+01 5.478322072072070625e+01 2.113343972089999287e-02
6.390390390390390252e+01 5.488928589233759681e+01 2.076837033939999203e-02
6.394394394394394254e+01 5.520473012074573660e+01 1.976754568010000157e-02
6.398398398398398257e+01 5.608283674299295285e+01 2.037840941249999954e-02
6.402402402402401549e+01 5.612105855855855197e+01 2.010019031250000199e-02
6.406406406406406973e+01 5.615263701201200774e+01 2.017401739960000134e-02
6.410410410410409554e+01 5.591111130661911943e+01 2.013163073344000076e-02
6.414414414414414978e+01 5.592567567567569142e+01 2.013168766044000357e-02
6.418418418418417559e+01 5.596371957895395610e+01 2.015493366044000118e-02
6.422422422422422983e+01 5.599863144394392123e+01 2.015486532460000063e-02
6.426426426426425564e+01 5.490379997917837329e+01 2.076808803269999254e-02
6.430430430430430988e+01 5.606531531531530277e+01 2.037933654449999854e-02
6.434434434434433570e+01 5.613792698948947191e+01 2.017401739960000134e-02
6.438438438438438993e+01 5.613513513513511555e+01 2.017401739960000134e-02
6.442442442442441575e+01 5.617083147600722270e+01 2.009123944339999759e-02
6.446446446446446998e+01 5.479479479479478243e+01 2.113343972089999287e-02
6.450450450450449580e+01 5.467449676238736345e+01 2.047254998279999377e-02
6.454454454454455004e+01 5.486286286286285474e+01 2.064630033939999360e-02
6.458458458458457585e+01 5.509872372372370819e+01 2.028138879679999840e-02
6.462462462462463009e+01 5.573952761355104712e+01 1.970579623974000327e-02
6.466466466466465590e+01 5.476278921744007278e+01 2.123531092089999198e-02
6.470470470470471014e+01 5.601001001001000645e+01 2.002358507860000150e-02
6.474474474474473595e+01 5.599290232615427954e+01 2.015486532460000063e-02
6.478478478478479019e+01 5.597810310310310911e+01 2.015486532460000063e-02
6.482482482482481601e+01 5.631340129191691801e+01 2.052450614690000050e-02
6.486486486486487024e+01 5.635135135135135442e+01 2.054065914690000189e-02
6.490490490490489606e+01 5.517194220587775533e+01 1.990951907309999880e-02
6.494494494494495029e+01 5.631607510831145191e+01 2.019625914690000371e-02
6.498498498498497611e+01 5.610031906906907295e+01 2.037840941249999954e-02
6.502502502502503035e+01 5.565227727727724982e+01 1.985105138244000131e-02
6.506506506506505616e+01 5.632512395207703548e+01 2.052450614690000050e-02
6.510510510510511040e+01 5.614679523273271400e+01 2.017401739960000134e-02
6.514514514514513621e+01 5.598410910910907745e+01 2.015486532460000063e-02
6.518518518518519045e+01 5.612037037037035248e+01 2.017401739960000134e-02
6.522522522522521626e+01 5.630433008692283181e+01 2.019625914690000371e-02
6.526526526526527050e+01 6.526526526526527050e+01 1.063203593229999737e-02
6.530530530530529632e+01 5.594317755255252678e+01 2.015493366044000118e-02
6.534534534534535055e+01 5.636036036036035313e+01 2.054065914690000189e-02
6.538538538538537637e+01 5.605946754860326564e+01 2.037933654449999854e-02
6.542542542542543060e+01 5.596960656946008328e+01 2.015493366044000118e-02
6.546546546546545642e+01 5.482393098665070141e+01 2.056182720269999695e-02
6.550550550550551065e+01 5.480648617367367592e+01 2.113343972089999287e-02
6.554554554554553647e+01 5.612337337337336152e+01 2.017401739960000134e-02
6.558558558558559071e+01 5.533463541666667140e+01 1.957215101360000251e-02
6.562562562562561652e+01 5.598686186186185409e+01 2.015486532460000063e-02
6.566566566566567076e+01 5.622342068631131440e+01 2.009555683939999796e-02
6.570570570570571078e+01 5.487453078078076629e+01 2.064630033939999360e-02
6.574574574574575081e+01 5.475402935894881296e+01 2.123531092089999198e-02
6.578578578578579084e+01 5.612329773621280538e+01 2.017401739960000134e-02
6.582582582582583086e+01 5.636014921171168623e+01 2.054065914690000189e-02
6.586586586586587089e+01 5.680951031597999190e+01 1.940184411380000210e-02
6.590590590590591091e+01 5.625161990603883311e+01 2.018890206660000144e-02
6.594594594594595094e+01 5.605073341163429035e+01 2.037933654449999854e-02
6.598598598598599096e+01 5.619078844469467526e+01 2.024098887639999914e-02
6.602602602602603099e+01 5.566110055367864362e+01 1.985105138244000131e-02
6.606606606606607102e+01 5.614970439189187346e+01 2.017401739960000134e-02
6.610610610610611104e+01 5.613208912037038800e+01 2.017401739960000134e-02
6.614614614614615107e+01 5.614670920920919173e+01 2.017401739960000134e-02
6.618618618618619109e+01 5.625452155035893043e+01 2.018870986490000144e-02
6.622622622622623112e+01 5.505055055055053970e+01 2.023811017390999764e-02
6.626626626626627115e+01 5.499323542292294320e+01 2.029941037360999748e-02
6.630630630630631117e+01 5.636036036036036023e+01 2.054065914690000189e-02
6.634634634634635120e+01 5.470992043068457633e+01 2.074280398679999304e-02
6.638638638638639122e+01 6.970560440811907199e+01 7.962388438299999524e-03
6.642642642642643125e+01 5.596965654619465624e+01 2.015493366044000118e-02
6.646646646646647127e+01 5.525106160848348225e+01 1.976755962080000220e-02
6.650650650650651130e+01 5.483864137575073983e+01 2.052462820269999183e-02
6.654654654654655133e+01 6.836617867867869336e+01 8.607683178900002105e-03
6.658658658658659135e+01 5.620762999327455844e+01 2.038322270980000642e-02
6.662662662662663138e+01 5.486286286286283342e+01 2.064630033939999360e-02
6.666666666666667140e+01 5.541361490885411456e+01 1.990237568699999848e-02
6.670670670670671143e+01 5.617914740912785021e+01 2.024106134539999796e-02
6.674674674674675146e+01 5.608291103603603744e+01 2.037840941249999954e-02
6.678678678678679148e+01 5.635135135135133311e+01 2.054065914690000189e-02
6.682682682682683151e+01 5.615019707207203226e+01 2.010048594940000086e-02
6.686686686686687153e+01 5.644503878878877856e+01 2.054020666930000613e-02
6.690690690690691156e+01 5.475409870319539607e+01 2.091273092089999258e-02
6.694694694694695158e+01 5.601576576576574951e+01 2.036467257860000157e-02
6.698698698698699161e+01 5.593151745495492833e+01 2.015493366044000118e-02
6.702702702702703164e+01 5.605658783783783861e+01 2.037933654449999854e-02
6.706706706706707166e+01 7.125855408631286991e+01 7.732175366199998262e-03
6.710710710710711169e+01 5.607123603095283215e+01 2.037933654449999854e-02
6.714714714714715171e+01 5.625166801933767147e+01 2.018890206660000144e-02
6.718718718718719174e+01 5.626926926926927308e+01 2.018010614690000232e-02
6.722722722722723177e+01 5.467464339339343837e+01 2.047254998279999377e-02
6.726726726726727179e+01 7.118232979072823241e+01 7.493153829999999946e-03
6.730730730730731182e+01 5.484165219907405486e+01 2.052462820269999183e-02
6.734734734734735184e+01 7.153024899899899935e+01 7.663765420599999607e-03
6.738738738738739187e+01 5.511913182713968240e+01 2.028138879679999840e-02
6.742742742742743189e+01 5.573956769269266687e+01 1.970579623974000327e-02
6.746746746746747192e+01 6.409409409409408909e+01 1.107688990050000218e-02
6.750750750750751195e+01 5.506091381909249804e+01 2.039469914379999846e-02
6.754754754754755197e+01 7.435795976640704907e+01 7.616586721390000529e-03
6.758758758758759200e+01 5.612937937937935828e+01 2.017401739960000134e-02
6.762762762762763202e+01 5.494744744744740217e+01 2.076921149960999496e-02
6.766766766766767205e+01 7.104418474871354761e+01 7.596219736999998765e-03
6.770770770770771207e+01 5.490671921921922660e+01 2.076722655869999226e-02
6.774774774774775210e+01 7.124099099099099419e+01 7.732408546199998067e-03
6.778778778778779213e+01 7.117076414793700678e+01 7.493153829999999946e-03
6.782782782782783215e+01 5.595795795795795158e+01 2.015493366044000118e-02
6.786786786786787218e+01 5.477149024024025437e+01 2.111026092089999390e-02
6.790790790790791220e+01 5.475406656656655713e+01 2.091273092089999258e-02
6.794794794794795223e+01 7.049599599599599742e+01 7.458374966700000684e-03
6.798798798798799226e+01 5.651833474099100130e+01 1.955496218830000618e-02
6.802802802802803228e+01 5.614969657157159588e+01 2.017401739960000134e-02
6.806806806806807231e+01 7.123216966966968755e+01 7.732408546199998067e-03
6.810810810810811233e+01 5.512499999999998579e+01 2.028138879679999840e-02
6.814814814814815236e+01 7.110300925925925242e+01 7.602164485000000027e-03
6.818818818818819238e+01 7.157096158658659135e+01 7.695738050599999595e-03
6.822822822822823241e+01 5.621166478978975078e+01 2.009555683939999796e-02
6.826826826826827244e+01 5.600152215203479500e+01 2.015486532460000063e-02
6.830830830830831246e+01 5.635435435435432794e+01 2.054065914690000189e-02
6.834834834834835249e+01 5.489205868466122951e+01 2.064630033939999360e-02
6.838838838838839251e+01 5.598986242101473465e+01 2.015486532460000063e-02
6.842842842842843254e+01 5.493006055371773044e+01 2.076806503960999459e-02
6.846846846846847257e+01 5.587113114090652743e+01 2.004484301550000375e-02
6.850850850850851259e+01 7.171984484484485733e+01 7.610557638909998257e-03
6.854854854854855262e+01 5.486582480918417559e+01 2.064630033939999360e-02
6.858858858858859264e+01 5.490090768258488652e+01 2.076808803269999254e-02
6.862862862862863267e+01 5.495672845697259135e+01 2.022504585960999482e-02
6.866866866866867269e+01 5.500199418168170951e+01 2.027311727360999946e-02
6.870870870870871272e+01 7.442569767032658490e+01 7.506504929390000504e-03
6.874874874874875275e+01 5.564351851851849062e+01 1.985105138244000131e-02
6.878878878878879277e+01 5.610585585585586443e+01 2.017038149960000137e-02
6.882882882882883280e+01 7.033445945945945255e+01 7.007799544799999704e-03
6.886886886886887282e+01 5.638659655749499677e+01 2.054017241410000319e-02
6.890890890890891285e+01 5.593444311010227210e+01 2.015493366044000118e-02
6.894894894894895288e+01 7.498177156648836217e+01 8.108021064800002148e-03
6.898898898898899290e+01 5.608050237737742094e+01 2.060799347859999797e-02
6.902902902902903293e+01 7.420599554632761397e+01 7.787100472699999727e-03
6.906906906906907295e+01 7.492375187687687799e+01 8.077976748800001772e-03
6.910910910910911298e+01 5.596218093093091284e+01 1.986181017950000224e-02
6.914914914914915300e+01 7.271449388231005173e+01 7.672402266000002448e-03
6.918918918918919303e+01 5.589168074324322788e+01 2.004484301550000375e-02
6.922922922922923306e+01 7.117630130130132216e+01 7.539989014000000357e-03
6.926926926926927308e+01 7.630765317319276164e+01 7.853364324050000206e-03
6.930930930930931311e+01 5.610071222345392528e+01 2.010019031250000199e-02
6.934934934934935313e+01 7.119122980402278245e+01 7.493047543199999813e-03
6.938938938938939316e+01 7.632811656871717787e+01 7.995109450049999247e-03
6.942942942942943318e+01 5.475693234738643156e+01 2.123531092089999198e-02
6.946946946946947321e+01 7.120599420221003584e+01 7.775853426199998142e-03
6.950950950950951324e+01 7.168168168168169530e+01 7.612533590709997730e-03
6.954954954954955326e+01 5.607421820013369995e+01 2.037933654449999854e-02
6.958958958958959329e+01 7.165595527167792511e+01 7.612784116209998266e-03
6.962962962962963331e+01 5.472453703703707362e+01 2.074287476779999514e-02
6.966966966966967334e+01 5.606528892173424339e+01 2.037933654449999854e-02
6.970970970970971337e+01 7.494091625805492640e+01 8.108021064800002148e-03
6.974974974974975339e+01 7.062162162162162815e+01 8.141854234299999993e-03
6.978978978978979342e+01 5.648611111111115690e+01 1.978664632830000672e-02
6.982982982982983344e+01 7.430490158126879408e+01 7.705564884100000490e-03
6.986986986986987347e+01 5.496793668668662747e+01 2.076721479960999539e-02
6.990990990990991349e+01 7.428269284909910652e+01 7.543788856989999854e-03
6.994994994994995352e+01 6.798260760760760490e+01 7.972237620879998529e-03
6.998998998998999355e+01 5.511626274712209295e+01 2.028138879679999840e-02
7.003003003003003357e+01 5.497086473986187372e+01 2.076721479960999539e-02
7.007007007007007360e+01 7.429035480793294255e+01 7.705465224100000593e-03
7.011011011011011362e+01 5.617367171859361008e+01 2.009123944339999759e-02
7.015015015015015365e+01 5.655866559919292058e+01 1.976767248129999641e-02
7.019019019019019368e+01 5.483265883070566815e+01 2.056182720269999695e-02
7.023023023023023370e+01 5.574524524524523628e+01 1.970579623974000327e-02
7.027027027027027373e+01 5.533751616606843982e+01 1.957217525660000235e-02
7.031031031031031375e+01 5.583611284624467430e+01 2.004491135134000429e-02
7.035035035035035378e+01 5.617035785785783020e+01 2.024019829959999850e-02
7.039039039039039380e+01 5.614389780405404906e+01 2.017401739960000134e-02
7.043043043043043383e+01 5.613800519269273082e+01 2.017401739960000134e-02
7.047047047047047386e+01 5.626626626626627115e+01 2.018010614690000232e-02
7.051051051051051388e+01 7.051072569151182279e+01 7.458360065500001072e-03
7.055055055055055391e+01 5.627508758758759910e+01 2.018010614690000232e-02
7.059059059059059393e+01 5.536949449449454619e+01 1.990277964900000196e-02
7.063063063063063396e+01 7.410698198198198838e+01 7.575854566899999087e-03
7.067067067067067399e+01 5.614962496676356807e+01 2.017401739960000134e-02
7.071071071071071401e+01 7.347284784784785927e+01 7.205471403000000309e-03
7.075075075075075404e+01 7.434272564495648794e+01 7.956970746000002065e-03
7.079079079079079406e+01 5.486286286286283342e+01 2.064630033939999360e-02
7.083083083083083409e+01 7.481503804524741952e+01 7.796644174800001874e-03
7.087087087087087411e+01 7.458051801801801162e+01 7.463915059409999275e-03
7.091091091091091414e+01 7.484511611220597160e+01 7.637890926800000937e-03
7.095095095095095417e+01 7.427677677677678503e+01 7.543788856989999854e-03
7.099099099099099419e+01 7.347290259009011493e+01 7.205471403000000309e-03
7.103103103103103422e+01 7.424962462462463009e+01 7.662583371699999493e-03
7.107107107107107424e+01 7.428453844469468947e+01 7.595792224100000357e-03
7.111111111111111427e+01 7.488888888888888573e+01 7.637379048800001062e-03
7.115115115115115429e+01 7.441514072666414847e+01 7.908509993100000871e-03
7.119119119119119432e+01 7.113557307307307553e+01 7.581551201000000240e-03
7.123123123123123435e+01 7.437890038475975985e+01 7.507055049389999360e-03
7.127127127127127437e+01 7.437894926176176114e+01 7.507055049389999360e-03
7.131131131131131440e+01 7.493237121398742318e+01 8.078006376800003080e-03
7.135135135135135442e+01 7.151858108108108070e+01 7.661542810599999802e-03
7.139139139139139445e+01 7.508645364114113363e+01 7.236603481200000292e-03
7.143143143143143448e+01 7.589589589589590446e+01 7.446615960900000372e-03
7.147147147147147450e+01 7.152730855855855907e+01 7.663765420599999607e-03
7.151151151151151453e+01 7.514295545545546418e+01 6.894877441199999055e-03
7.155155155155155455e+01 5.588589309524368076e+01 2.004484301550000375e-02
7.159159159159159458e+01 5.576270117774020463e+01 1.970759508674000196e-02
7.163163163163163460e+01 7.442974224224224145e+01 7.825272093100001103e-03
7.167167167167167463e+01 5.621757682975942316e+01 2.009555683939999796e-02
7.171171171171171466e+01 5.473642380173142641e+01 2.086827279089999501e-02
7.175175175175175468e+01 5.611167417417415493e+01 2.017401739960000134e-02
7.179179179179179471e+01 5.618527108651615976e+01 2.009487534339999756e-02
7.183183183183183473e+01 5.606293842670794447e+01 2.059209357860000006e-02
7.187187187187187476e+01 5.659953777019208587e+01 1.974981803129999963e-02
7.191191191191191479e+01 5.668703126955080052e+01 1.982746027959999754e-02
7.195195195195195481e+01 5.576276276276273336e+01 1.970759508674000196e-02
7.199199199199199484e+01 5.500638138138138800e+01 2.022661164760999539e-02
7.203203203203203486e+01 5.492420460010795580e+01 2.076806503960999459e-02
7.207207207207207489e+01 5.585937500000001421e+01 2.004484301550000375e-02
7.211211211211211491e+01 7.570346826929468875e+01 7.560170016400000019e-03
7.215215215215215494e+01 5.636908905976290640e+01 2.054065914690000189e-02
7.219219219219219497e+01 5.594894894894899551e+01 2.015493366044000118e-02
7.223223223223223499e+01 7.494094094094094771e+01 8.108021064800002148e-03
7.227227227227227502e+01 7.949597057995498517e+01 6.260402861800000267e-03
7.231231231231231504e+01 7.592881064658408263e+01 6.743983508200000580e-03
7.235235235235235507e+01 7.137729135385384893e+01 7.261411512200000029e-03
7.239239239239239510e+01 7.063913913913913234e+01 8.140552013299998807e-03
7.243243243243243512e+01 7.512742820945945255e+01 7.236603481200000292e-03
7.247247247247247515e+01 7.292542542542543060e+01 6.971072306700000498e-03
7.251251251251251517e+01 7.421180323389796740e+01 7.661990472700000269e-03
7.255255255255255520e+01 7.045510891751125371e+01 7.458703897700000827e-03
7.259259259259259522e+01 7.432233796296297612e+01 7.544677155000001183e-03
7.263263263263263525e+01 7.263285428983671466e+01 7.632620875800001647e-03
7.267267267267267528e+01 5.608002533783785992e+01 2.037840941249999954e-02
7.271271271271271530e+01 7.634834834834835249e+01 7.995109450049999247e-03
7.275275275275275533e+01 7.276718429855637282e+01 7.672668973000002293e-03
7.279279279279279535e+01 5.587415540540539638e+01 2.004484301550000375e-02
7.283283283283283538e+01 5.498736627252256426e+01 2.029969268031000043e-02
7.287287287287287540e+01 7.147781815018143448e+01 7.527847144999999691e-03
7.291291291291291543e+01 5.558185529279276693e+01 1.987062673543999944e-02
7.295295295295295546e+01 5.606833395895898065e+01 2.037933654449999854e-02
7.299299299299299548e+01 7.208058058058058748e+01 7.590972435699999167e-03
7.303303303303303551e+01 5.509594359984980372e+01 2.028724308679999769e-02
7.307307307307307553e+01 5.663163163163156355e+01 1.975766547129999620e-02
7.311311311311311556e+01 7.118532595095095417e+01 7.493047543199999813e-03
7.315315315315315559e+01 5.473627533783783861e+01 2.074287476779999514e-02
7.319319319319319561e+01 5.489509034180662184e+01 2.076837033939999203e-02
7.323323323323323564e+01 7.037334227538083553e+01 7.288528352600000260e-03
7.327327327327327566e+01 5.619991634701104743e+01 2.009555683939999796e-02
7.331331331331331569e+01 5.482395209540597136e+01 2.113391120269999396e-02
7.335335335335335571e+01 5.478578578578576241e+01 2.073964092089999531e-02
7.339339339339339574e+01 5.607758759736294962e+01 2.060799347859999797e-02
7.343343343343343577e+01 5.602167792792791801e+01 2.036467257860000157e-02
7.347347347347347579e+01 5.493290165165167593e+01 2.076806503960999459e-02
7.351351351351351582e+01 7.259459459459459651e+01 7.636315889600001593e-03
7.355355355355355584e+01 5.559659195328138281e+01 1.984433363543999795e-02
7.359359359359359587e+01 5.614386261261261524e+01 2.017401739960000134e-02
7.363363363363363590e+01 7.453989719700169303e+01 7.470624372409999034e-03
7.367367367367367592e+01 5.616178678678679859e+01 2.010412184940000083e-02
7.371371371371371595e+01 7.421761605355355584e+01 7.661990472700000269e-03
7.375375375375375597e+01 5.619374079890438622e+01 2.023426847639999901e-02
7.379379379379379600e+01 7.061576029154156231e+01 8.141854234299999993e-03
7.383383383383383602e+01 5.537537537537532728e+01 1.990191817500000515e-02
7.387387387387387605e+01 5.612637906461142023e+01 2.017401739960000134e-02
7.391391391391391608e+01 5.596957895395391347e+01 2.015493366044000118e-02
7.395395395395395610e+01 8.158051187784465696e+01 6.572520763000000085e-03
7.399399399399399613e+01 5.601576576576573530e+01 2.036467257860000157e-02
7.403403403403403615e+01 7.429430993493494384e+01 7.544280008990000147e-03
7.407407407407407618e+01 7.424728958695024517e+01 7.738432690599999879e-03
7.411411411411411621e+01 5.613203242304805940e+01 2.017401739960000134e-02
7.415415415415415623e+01 7.421208708708708457e+01 7.738268719699999652e-03
7.419419419419419626e+01 5.471878427499760988e+01 2.074287476779999514e-02
7.423423423423423628e+01 7.797494369369370304e+01 6.270049676200000269e-03
7.427427427427427631e+01 7.436088943863296663e+01 7.616586721390000529e-03
7.431431431431431633e+01 7.425608616428928599e+01 7.738432690599999879e-03
7.435435435435435636e+01 7.429615155927412218e+01 7.705564884100000490e-03
7.439439439439439639e+01 7.455445313477540026e+01 7.470624372409999034e-03
7.443443443443443641e+01 7.432857980050364688e+01 7.613939855000000610e-03
7.447447447447447644e+01 7.424083262950451001e+01 7.662583371699999493e-03
7.451451451451451646e+01 5.636615521771769721e+01 2.054065914690000189e-02
7.455455455455455649e+01 7.456900222976884152e+01 7.470624372409999034e-03
7.459459459459459651e+01 7.497339527027028794e+01 8.114755805200001698e-03
7.463463463463463654e+01 7.416805428475350936e+01 7.847311607899998612e-03
7.467467467467467657e+01 5.507262954482794015e+01 2.040135996379999900e-02
7.471471471471471659e+01 7.430782870272616947e+01 7.957574184100004583e-03
7.475475475475475662e+01 7.431673861361360878e+01 7.613939855000000610e-03
7.479479479479479664e+01 7.578816316316317625e+01 7.753826832599999483e-03
7.483483483483483667e+01 7.857657657657658490e+01 6.615395074899999873e-03
7.487487487487487670e+01 7.438188615861957942e+01 7.507320010390000978e-03
7.491491491491491672e+01 7.497298494783845513e+01 8.108021064800002148e-03
7.495495495495495675e+01 7.783896396396396256e+01 6.389396848800001083e-03
7.499499499499499677e+01 7.171396396396396256e+01 7.618235458909997787e-03
7.503503503503503680e+01 7.425830518018018722e+01 7.660438371699999222e-03
7.507507507507507682e+01 7.272897897897900066e+01 7.672668973000002293e-03
7.511511511511511685e+01 5.645370370370369528e+01 1.985332466930000636e-02
7.515515515515515688e+01 5.590077504262070818e+01 1.985080511550000454e-02
7.519519519519519690e+01 5.613203828828829955e+01 2.017401739960000134e-02
7.523523523523523693e+01 5.614677397123691094e+01 2.017401739960000134e-02
7.527527527527527695e+01 5.473641365975352358e+01 2.086827279089999501e-02
7.531531531531531698e+01 5.601576576576573530e+01 2.036467257860000157e-02
7.535535535535535701e+01 7.913778347439236427e+01 7.693105695659998786e-03
7.539539539539539703e+01 5.660544919919925633e+01 1.975719783129999824e-02
7.543543543543543706e+01 5.551576576576570687e+01 1.952600943440000250e-02
7.547547547547547708e+01 5.618832211117359066e+01 2.009487534339999756e-02
7.551551551551551711e+01 5.592856345114640959e+01 2.015493366044000118e-02
7.555555555555555713e+01 5.569270833333332149e+01 1.970537923474000030e-02
7.559559559559559716e+01 5.476251251251247254e+01 2.074322279089999346e-02
7.563563563563563719e+01 7.432087556306304066e+01 7.544421336989999213e-03
7.567567567567567721e+01 5.493876689189185925e+01 2.076921149960999496e-02
7.571571571571571724e+01 5.503449757130177034e+01 2.039432579960999761e-02
7.575575575575575726e+01 7.577055180180180116e+01 7.753652384099999836e-03
7.579579579579579729e+01 7.485031448685012379e+01 7.614776916799999816e-03
7.583583583583583732e+01 8.341941941941942673e+01 6.358614228600000320e-03
7.587587587587587734e+01 5.636622645594816561e+01 2.054065914690000189e-02
7.591591591591591737e+01 7.450731981981981278e+01 7.454258874799999865e-03
7.595595595595595739e+01 5.506088229342619655e+01 2.039469914379999846e-02
7.599599599599599742e+01 7.504610402638965638e+01 7.897783532199999582e-03
7.603603603603603744e+01 5.595777027027030925e+01 2.015493366044000118e-02
7.607607607607607747e+01 7.420017673923922530e+01 7.755077842700000904e-03
7.611611611611611750e+01 5.625456706706704324e+01 2.018870986490000144e-02
7.615615615615615752e+01 5.521344562335774953e+01 1.976754568010000157e-02
7.619619619619619755e+01 7.443267095220218721e+01 7.825272093100001103e-03
7.623623623623623757e+01 5.646252062609479339e+01 1.985332466930000636e-02
7.627627627627627760e+01 5.506961856876398542e+01 2.039469914379999846e-02
7.631631631631631763e+01 7.490029091591590316e+01 8.077976748800001772e-03
7.635635635635635765e+01 5.500789461336336927e+01 2.027311727360999946e-02
7.639639639639639768e+01 7.436711711711711814e+01 7.507055049389999360e-03
7.643643643643643770e+01 7.463002846596596385e+01 7.275089059409998830e-03
7.647647647647647773e+01 7.156226539039036538e+01 7.695738050599999595e-03
7.651651651651651775e+01 5.613203828828829955e+01 2.017401739960000134e-02
7.655655655655655778e+01 5.586236236236234021e+01 2.004484301550000375e-02
7.659659659659659781e+01 8.129412224724725888e+01 6.530675715699999807e-03
7.663663663663663783e+01 5.632505124753659231e+01 2.054065914690000189e-02
7.667667667667667786e+01 8.856790292489756666e+01 7.643962505500001038e-03
7.671671671671671788e+01 8.055266961297235184e+01 6.574645208920999913e-03
7.675675675675675791e+01 7.801604729729731957e+01 6.270193394200000193e-03
7.679679679679679793e+01 5.594016672922923306e+01 2.015493366044000118e-02
7.683683683683683796e+01 8.019844844844845966e+01 5.748534765000000435e-03
7.687687687687687799e+01 5.489507085210210846e+01 2.076837033939999203e-02
7.691691691691691801e+01 5.468312062062059198e+01 2.047254998279999377e-02
7.695695695695695804e+01 8.056431431431431633e+01 6.574645208920999913e-03
7.699699699699699806e+01 7.421511391762854259e+01 7.738268719699999652e-03
7.703703703703703809e+01 8.486134620949076179e+01 6.757837767999998711e-03
7.707707707707707812e+01 8.490498249714562462e+01 6.752254834899999898e-03
7.711711711711711814e+01 5.506667678420602385e+01 2.039469914379999846e-02
7.715715715715715817e+01 8.101501501501502389e+01 6.824295699909999069e-03
7.719719719719719819e+01 8.491691691691693222e+01 6.766358751899999822e-03
7.723723723723723822e+01 8.103852179816536250e+01 6.824618170909999872e-03
7.727727727727727824e+01 8.124962364708457585e+01 6.438714588999999711e-03
7.731731731731731827e+01 8.337271579440772484e+01 6.415549161099999217e-03
7.735735735735735830e+01 8.098348348348349646e+01 6.445681528299999213e-03
7.739739739739739832e+01 8.124081307870370949e+01 6.438714588999999711e-03
7.743743743743743835e+01 5.565815815815814460e+01 1.985105138244000131e-02
7.747747747747747837e+01 8.353087829039978374e+01 6.084153641900000298e-03
7.751751751751751840e+01 8.139315682870369528e+01 6.397039261300000931e-03
7.755755755755755843e+01 7.755755755755755843e+01 6.559453374730000313e-03
7.759759759759759845e+01 8.123498498498497611e+01 6.438714588999999711e-03
7.763763763763763848e+01 5.627212368618622662e+01 2.018010614690000232e-02
7.767767767767767850e+01 5.631631631631632473e+01 2.052450614690000050e-02
7.771771771771771853e+01 8.160360360360360232e+01 6.058271203690001119e-03
7.775775775775775855e+01 5.594913663663665204e+01 2.015493366044000118e-02
7.779779779779779858e+01 5.594755693193198454e+01 1.986181017950000224e-02
7.783783783783783861e+01 5.590081292229724852e+01 1.985080511550000454e-02
7.787787787787787863e+01 5.524461961961952738e+01 1.977109708760000847e-02
7.791791791791791866e+01 5.629265202702696769e+01 2.019625914690000371e-02
7.795795795795795868e+01 7.442572589679519979e+01 7.506504929390000504e-03
7.799799799799799871e+01 7.444895579172924727e+01 7.455126229390001205e-03
7.803803803803803874e+01 7.413613613613613040e+01 7.771028206899999874e-03
7.807807807807807876e+01 7.441816816816816527e+01 7.825272093100001103e-03
7.811811811811811879e+01 7.421209301342358344e+01 7.738268719699999652e-03
7.815815815815815881e+01 7.425013099036536346e+01 7.631263990600000574e-03
7.819819819819819884e+01 8.614044134466499258e+01 6.797996889400000423e-03
7.823823823823823886e+01 7.438768871410471206e+01 7.507320010390000978e-03
7.827827827827827889e+01 7.442575815561656327e+01 7.506504929390000504e-03
7.831831831831831892e+01 7.636024085609047063e+01 8.003994240049997627e-03
7.835835835835835894e+01 7.450153834254176388e+01 7.454258874799999865e-03
7.839839839839839897e+01 7.453972722722723177e+01 7.470624372409999034e-03
7.843843843843843899e+01 7.430209625519074734e+01 7.613939855000000610e-03
7.847847847847847902e+01 7.435146083583583732e+01 7.846582946000001807e-03
7.851851851851851904e+01 7.275231481481480955e+01 7.672668973000002293e-03
7.855855855855855907e+01 8.125900900900899160e+01 6.530864425300000019e-03
7.859859859859859910e+01 7.430791338213214203e+01 7.613939855000000610e-03
7.863863863863863912e+01 7.274074074074073337e+01 7.672668973000002293e-03
7.867867867867867915e+01 5.556681681681672558e+01 1.982104973429999958e-02
7.871871871871871917e+01 5.501085460460455323e+01 2.027225579960999918e-02
7.875875875875875920e+01 7.334409409409408909e+01 7.271026595000000536e-03
7.879879879879879923e+01 7.578228228228228147e+01 7.753826832599999483e-03
7.883883883883883925e+01 7.495848973973973273e+01 8.108021064800002148e-03
7.887887887887887928e+01 7.499655905905906650e+01 8.114755805200001698e-03
7.891891891891891930e+01 7.497297297297296836e+01 8.108021064800002148e-03
7.895895895895895933e+01 7.501107125191597902e+01 8.128420155200001204e-03
7.899899899899899935e+01 7.504929013486142253e+01 7.119521969199999085e-03
7.903903903903903938e+01 8.107676426426426985e+01 6.982279038909998577e-03
7.907907907907907941e+01 7.914073894451092883e+01 7.693105695659998786e-03
7.911911911911911943e+01 8.109709709709710523e+01 6.982103833909999134e-03
7.915915915915915946e+01 5.596799924924920333e+01 1.986181017950000224e-02
7.919919919919919948e+01 5.593443443443443641e+01 2.015493366044000118e-02
7.923923923923923951e+01 8.134378971256413138e+01 6.530287529299999734e-03
7.927927927927927954e+01 8.126126126126126792e+01 6.438714588999999711e-03
7.931931931931931956e+01 8.114677659837572321e+01 6.989143236510000565e-03
7.935935935935935959e+01 8.118810240904969078e+01 6.522047047509999841e-03
7.939939939939939961e+01 8.129121705934448983e+01 6.530675715699999807e-03
7.943943943943943964e+01 8.142548603290791220e+01 6.384186305899999803e-03
7.947947947947947966e+01 8.146646646646647127e+01 6.609371133000000072e-03
7.951951951951951969e+01 8.150756817608623805e+01 6.616646035000000627e-03
7.955955955955955972e+01 8.129992492492493739e+01 6.530675715699999807e-03
7.959959959959959974e+01 5.466278045623744219e+01 2.047254998279999377e-02
7.963963963963963977e+01 8.337274774774775210e+01 6.415549161099999217e-03
7.967967967967967979e+01 5.499765390390387410e+01 2.022661164760999539e-02
7.971971971971971982e+01 5.518099349349351002e+01 1.976717873880000018e-02
7.975975975975975985e+01 5.508420578781903743e+01 2.028724308679999769e-02
7.979979979979979987e+01 5.486278853927162658e+01 2.067259343939999508e-02
7.983983983983983990e+01 8.844781622442755520e+01 7.799367783370002305e-03
7.987987987987987992e+01 5.498031112166857781e+01 2.022661164760999539e-02
7.991991991991991995e+01 8.828653653653654487e+01 7.879755630310000813e-03
7.995995995995995997e+01 5.572209709709704839e+01 1.970579623974000327e-02
8.000000000000000000e+01 8.850048828125000000e+01 7.794675811460001665e-03
