4.000000000000000000e+01 3.984362792968750000e+01 9.761670697500002269e-03
4.004004004004004003e+01 3.947746574699699096e+01 9.336818563600000204e-03
4.008008008008008005e+01 4.008032470947510006e+01 9.763012604699999875e-03
4.012012012012012008e+01 4.237663200309684441e+01 1.039661091239999988e-02
4.016016016016016010e+01 4.235592868258883925e+01 9.907229333700001694e-03
4.020020020020020013e+01 4.246133878018644481e+01 1.040096031759999914e-02
4.024024024024024015e+01 4.229916317684872951e+01 9.709538198700001094e-03
4.028028028028028018e+01 4.231789602102102776e+01 9.907050345000001368e-03
4.032032032032032021e+01 4.228920900881350065e+01 9.785113306999998137e-03
4.036036036036036023e+01 4.439639639639639768e+01 9.547522879900001078e-03
4.040040040040040026e+01 4.242042042042042027e+01 1.040838616709999914e-02
4.044044044044044028e+01 4.081944615513950936e+01 9.957872717599996343e-03
4.048048048048048031e+01 3.997447447447447644e+01 1.000175786970000300e-02
4.052052052052052034e+01 4.102690336821196837e+01 9.793250621699998645e-03
4.056056056056056036e+01 4.002161805360047708e+01 9.914190618700000762e-03
4.060060060060060039e+01 4.240871999929617431e+01 1.040672562409999946e-02
4.064064064064064041e+01 4.276730404721126888e+01 9.540480344400000326e-03
4.068068068068068044e+01 4.195195195195194771e+01 9.469841596900004793e-03
4.072072072072072046e+01 4.250212798247466139e+01 9.978348392099998035e-03
4.076076076076076049e+01 4.235297797797797159e+01 9.907229333700001694e-03
4.080080080080080052e+01 4.188457207207207489e+01 9.726195878400003755e-03
4.084084084084084054e+01 4.262762762762762492e+01 9.319713688899999848e-03
4.088088088088088057e+01 4.084894269269268818e+01 9.750482122399997675e-03
4.092092092092092059e+01 4.245545545545546418e+01 1.040156381760000068e-02
4.096096096096096062e+01 4.377702702702703164e+01 8.832780209000003213e-03
4.100100100100100065e+01 4.093693693693693803e+01 9.812878963699998847e-03
4.104104104104104067e+01 4.234712006928803874e+01 9.907229333700001694e-03
4.108108108108108070e+01 4.296087151604730536e+01 1.014637397889999598e-02
4.112112112112112072e+01 4.024970673798797804e+01 9.576514048199999060e-03
4.116116116116116075e+01 4.277894251673549064e+01 9.540480344400000326e-03
4.120120120120120077e+01 5.597594591661972174e+01 2.180829764637999199e-02
4.124124124124124080e+01 4.046847140108858554e+01 9.268162096699998631e-03
4.128128128128128083e+01 4.537715840840840542e+01 8.786972187900003381e-03
4.132132132132132085e+01 4.080480480480480310e+01 9.959475290599997810e-03
4.136136136136136088e+01 4.052120870870871272e+01 9.268551330999998117e-03
4.140140140140140090e+01 4.350381631631631763e+01 8.904407095170001687e-03
4.144144144144144093e+01 3.988751385663006488e+01 9.732722541700003505e-03
4.148148148148148096e+01 5.510063114872690448e+01 2.294960525568999835e-02
4.152152152152152098e+01 3.944544544544544351e+01 9.336855321699999780e-03
4.156156156156156101e+01 3.948348348348348225e+01 9.346768853600001536e-03
4.160160160160160103e+01 4.003316231270332537e+01 9.914190618700000762e-03
4.164164164164164106e+01 4.008020716028528341e+01 9.763012604699999875e-03
4.168168168168168108e+01 5.644937124624624403e+01 2.183135050340999708e-02
4.172172172172172111e+01 3.957044544544544351e+01 9.508309088750001650e-03
4.176176176176176114e+01 4.277317942942941897e+01 9.540480344400000326e-03
4.180180180180180116e+01 4.010360360360360232e+01 9.651544504699998556e-03
4.184184184184184119e+01 4.602628140836149129e+01 9.265496457863999988e-03
4.188188188188188121e+01 4.188188188188188121e+01 9.726059900400004996e-03
4.192192192192192124e+01 5.613607357357359717e+01 2.181138976450000197e-02
4.196196196196196126e+01 4.615828621590340219e+01 9.164514118964000450e-03
4.200200200200200129e+01 4.003315815815815881e+01 9.914190618700000762e-03
4.204204204204204132e+01 5.517992357591964492e+01 2.277484888192999810e-02
4.208208208208208134e+01 3.984659989579422756e+01 1.050136469750000308e-02
4.212212212212212137e+01 3.998310810810809812e+01 1.000169459810000029e-02
4.216216216216216139e+01 4.268944652660473338e+01 9.322187630899999786e-03
4.220220220220220142e+01 3.956456456456456294e+01 9.508309088750001650e-03
4.224224224224224145e+01 4.290214836418451227e+01 1.014284400499999676e-02
4.228228228228228147e+01 4.439639639639639768e+01 9.547522879900001078e-03
4.232232232232232150e+01 4.009048110610609683e+01 9.360732160600003862e-03
4.236236236236236152e+01 4.229203422172172111e+01 9.785024627999999031e-03
4.240240240240240155e+01 4.234132472316065332e+01 9.907229333700001694e-03
4.244244244244244157e+01 4.279112119932432279e+01 9.828364576399999802e-03
4.248248248248248160e+01 4.460660660660660426e+01 9.632109675300003226e-03
4.252252252252252163e+01 4.252252252252252163e+01 9.978348392099998035e-03
4.256256256256256165e+01 4.276155501204328857e+01 9.495896033400001712e-03
4.260260260260260168e+01 4.452464720579955326e+01 9.557920725000000270e-03
4.264264264264264170e+01 4.230962713201482472e+01 9.785203616699999357e-03
4.268268268268268173e+01 5.655455455455458491e+01 2.189548913609999994e-02
4.272272272272272176e+01 4.245544494690002324e+01 1.040156381760000068e-02
4.276276276276276178e+01 4.289626589480105423e+01 1.014284400499999676e-02
4.280280280280280181e+01 4.237657738304710620e+01 9.907613912399998446e-03
4.284284284284284183e+01 3.963799737237237508e+01 9.446288793350000879e-03
4.288288288288288186e+01 4.233847128378378244e+01 9.907229333700001694e-03
4.292292292292292188e+01 4.273848848848849968e+01 9.517382639399999539e-03
4.296296296296296191e+01 3.999182128906250000e+01 1.000169459810000029e-02
4.300300300300300194e+01 4.008027387739301162e+01 9.763012604699999875e-03
4.304304304304304196e+01 4.237075820938125048e+01 1.039661091239999988e-02
4.308308308308308199e+01 4.292281001704829180e+01 1.011172876789999744e-02
4.312312312312312201e+01 4.232667188673048031e+01 9.907050345000001368e-03
4.316316316316316204e+01 5.523549208388078569e+01 2.277535045680000036e-02
4.320320320320320207e+01 5.502488535899180278e+01 2.209104604269000044e-02
4.324324324324324209e+01 5.567778716216211876e+01 2.202193028599999311e-02
4.328328328328328212e+01 5.673296123271708069e+01 2.185583287990000220e-02
4.332332332332332214e+01 5.505108233233235637e+01 2.217486765569000318e-02
4.336336336336336217e+01 5.650801521736585187e+01 2.183263613610000181e-02
4.340340340340340219e+01 5.505111361361360878e+01 2.208844765568999946e-02
4.344344344344344222e+01 5.607767924174177665e+01 2.135083272637999449e-02
4.348348348348348225e+01 5.653702139639639768e+01 2.189548913609999994e-02
4.352352352352352227e+01 4.569969969969969981e+01 9.675329831500000671e-03
4.356356356356356230e+01 4.453340058808807100e+01 9.557730793000001127e-03
4.360360360360360232e+01 5.615667229729731247e+01 2.166547976449999940e-02
4.364364364364364235e+01 5.646396396396394834e+01 2.183217821650999813e-02
4.368368368368368237e+01 4.369221565315315559e+01 8.841243547400002428e-03
4.372372372372372240e+01 5.493646771771774695e+01 2.190585573006700523e-02
4.376376376376376243e+01 5.497822822822821820e+01 2.208983904909700077e-02
4.380380380380380245e+01 5.516541541541543126e+01 2.277489451668999673e-02
4.384384384384384248e+01 5.648748357732737446e+01 2.183222379310000016e-02
4.388388388388388250e+01 5.502199074074075469e+01 2.209104604269000044e-02
4.392392392392392253e+01 4.611985202976413234e+01 9.146062758964000963e-03
4.396396396396396256e+01 4.245256853533220465e+01 1.040156381760000068e-02
4.400400400400400258e+01 4.785328003785035378e+01 1.062082387280000040e-02
4.404404404404404261e+01 4.780327202202201420e+01 1.062323448780000054e-02
4.408408408408408263e+01 5.501900337837835053e+01 2.209104604269000044e-02
4.412412412412412266e+01 5.524126775701486736e+01 2.277535045680000036e-02
4.416416416416416268e+01 5.618854792292293610e+01 2.148236466950000090e-02
4.420420420420420271e+01 5.522072072072074889e+01 2.277535045680000036e-02
4.424424424424424274e+01 5.530530530530530342e+01 2.226363199579999702e-02
4.428428428428428276e+01 5.618568568568570498e+01 2.148236466950000090e-02
4.432432432432432279e+01 5.649619932432430858e+01 2.183222379310000016e-02
4.436436436436436281e+01 4.432970470470471014e+01 9.562354449899997805e-03
4.440440440440440284e+01 5.658092467467465525e+01 2.189755003540000411e-02
4.444444444444444287e+01 5.515665690104167140e+01 2.277489451668999673e-02
4.448448448448448289e+01 4.448448448448448289e+01 9.525867908000001938e-03
4.452452452452452292e+01 4.236786786786785797e+01 1.039661091239999988e-02
4.456456456456456294e+01 4.289339339339338864e+01 1.014284400499999676e-02
4.460460460460460297e+01 4.007662740865863782e+01 9.791249128699998708e-03
4.464464464464464299e+01 5.643471107826577793e+01 2.183135050340999708e-02
4.468468468468468302e+01 5.578600194432718240e+01 2.171361714989999622e-02
4.472472472472472305e+01 4.472472472472472305e+01 8.941647713199999542e-03
4.476476476476476307e+01 4.476271559645582698e+01 8.953686099200003010e-03
4.480480480480480310e+01 5.488383488468937799e+01 2.190353115006700088e-02
4.484484484484484312e+01 5.521494150400403100e+01 2.277535045680000036e-02
4.488488488488488315e+01 5.521191504004002581e+01 2.277535045680000036e-02
4.492492492492492318e+01 5.518850442239114784e+01 2.277509643882999826e-02
4.496496496496496320e+01 5.657505943443446483e+01 2.189755003540000411e-02
4.500500500500500323e+01 5.538041117289163395e+01 2.120263534419999235e-02
4.504504504504504325e+01 5.517990524704394062e+01 2.277484888192999810e-02
4.508508508508508328e+01 5.522950440675049322e+01 2.277535045680000036e-02
4.512512512512512330e+01 5.529342648312376696e+01 2.226384340579999621e-02
4.516516516516516333e+01 5.615680719782280050e+01 2.166547976449999940e-02
4.520520520520520336e+01 5.671840590590591091e+01 2.185583287990000220e-02
4.524524524524524338e+01 5.669794794794792381e+01 2.185583287990000220e-02
4.528528528528528341e+01 5.665981350002346062e+01 2.185033849489999985e-02
4.532532532532532343e+01 5.670977227227228923e+01 2.185583287990000220e-02
4.536536536536536346e+01 5.670670670670675406e+01 2.185583287990000220e-02
4.540540540540540349e+01 5.594073981207772306e+01 2.190313604637999373e-02
4.544544544544544351e+01 5.497833771271270109e+01 2.208983904909700077e-02
4.548548548548548354e+01 5.513560435435435636e+01 2.276829525569000132e-02
4.552552552552552356e+01 5.658680555555559266e+01 2.189755003540000411e-02
4.556556556556556359e+01 5.602278499202327566e+01 2.179942564637999541e-02
4.560560560560560361e+01 5.486924424424421431e+01 2.166726115006700412e-02
4.564564564564564364e+01 5.505100559543917882e+01 2.288379765568999968e-02
4.568568568568568367e+01 5.530243329266766494e+01 2.226363199579999702e-02
4.572572572572572369e+01 4.586861861861861911e+01 9.416132212599999038e-03
4.576576576576576372e+01 5.492785754504504325e+01 2.190585573006700523e-02
4.580580580580580374e+01 5.507432432432435121e+01 2.288379765568999968e-02
4.584584584584584377e+01 5.509770207218937799e+01 2.294960525568999835e-02
4.588588588588588379e+01 4.602927927927927954e+01 9.265496457863999988e-03
4.592592592592592382e+01 5.503935185185184764e+01 2.256112302268999809e-02
4.596596596596596385e+01 4.768968968968969335e+01 1.070832580450000078e-02
4.600600600600600387e+01 5.666286599099097998e+01 2.184972941490000153e-02
4.604604604604604390e+01 5.526424862362362944e+01 2.226419771580000206e-02
4.608608608608608392e+01 5.587937937937935828e+01 2.182051898397999873e-02
4.612612612612612395e+01 5.652252252252251452e+01 2.183263613610000181e-02
4.616616616616616398e+01 4.782977117742742479e+01 1.062157952480000112e-02
4.620620620620620400e+01 5.645792618790669337e+01 2.183217821650999813e-02
4.624624624624624403e+01 5.592905405405406327e+01 2.188894498397999516e-02
4.628628628628628405e+01 5.670974099099096577e+01 2.185583287990000220e-02
4.632632632632632408e+01 5.609814440905751098e+01 2.167453390867999860e-02
4.636636636636636410e+01 5.505100412912915431e+01 2.288379765568999968e-02
4.640640640640640413e+01 5.654874405655655778e+01 2.189548913609999994e-02
4.644644644644644416e+01 5.653403403403400773e+01 2.189548913609999994e-02
4.648648648648648418e+01 5.512105910842481649e+01 2.294960525568999835e-02
4.652652652652652421e+01 4.768968968968968625e+01 1.070832580450000078e-02
4.656656656656656423e+01 5.573336459017613009e+01 2.201862649749999207e-02
4.660660660660660426e+01 5.512687687687687088e+01 2.276829525569000132e-02
4.664664664664664429e+01 5.597597597597599872e+01 2.199736364637999014e-02
4.668668668668668431e+01 5.487509384384384248e+01 2.166726115006700412e-02
4.672672672672672434e+01 5.592619364970440898e+01 2.188894498397999516e-02
4.676676676676676436e+01 5.531403278278277469e+01 2.226363199579999702e-02
4.680680680680680439e+01 5.514426926926927308e+01 2.276824962093000268e-02
4.684684684684684441e+01 5.519144144144141961e+01 2.277509643882999826e-02
4.688688688688688444e+01 5.516535285285285539e+01 2.277489451668999673e-02
4.692692692692692447e+01 5.512968730449200905e+01 2.276829525569000132e-02
4.696696696696696449e+01 5.672714645798140509e+01 2.185583287990000220e-02
4.700700700700700452e+01 5.589398236126751840e+01 2.186343398397999627e-02
4.704704704704704454e+01 5.616269956479919756e+01 2.166547976449999940e-02
4.708708708708708457e+01 5.657807807807808587e+01 2.189755003540000411e-02
4.712712712712712460e+01 5.503380724474472885e+01 2.209103067569000156e-02
4.716716716716716462e+01 5.601101101101100710e+01 2.180781504637999482e-02
4.720720720720720465e+01 5.658381941511825630e+01 2.189755003540000411e-02
4.724724724724724467e+01 5.654876067473723822e+01 2.189548913609999994e-02
4.728728728728728470e+01 5.674474474474471464e+01 2.184937178647000308e-02
4.732732732732732472e+01 5.509189475119653423e+01 2.287371367569000086e-02
4.736736736736736475e+01 5.661909541377315236e+01 2.189686586240000010e-02
4.740740740740740478e+01 5.659259259259261654e+01 2.189755003540000411e-02
4.744744744744744480e+01 5.571368243243243512e+01 2.121319913189999642e-02
4.748748748748748483e+01 5.579787025795327793e+01 2.101909438218999698e-02
4.752752752752752485e+01 5.599336836836836540e+01 2.180829764637999199e-02
4.756756756756756488e+01 5.634016047297298968e+01 2.144598232310000047e-02
4.760760760760760490e+01 5.474874874874873854e+01 2.123567757816699833e-02
4.764764764764764493e+01 5.512967190823636088e+01 2.276829525569000132e-02
4.768768768768768496e+01 5.513903442016233214e+01 2.269691116669000225e-02
4.772772772772772498e+01 5.513850324934312397e+01 2.276829525569000132e-02
4.776776776776776501e+01 5.520320100373812977e+01 2.277532973479999903e-02
4.780780780780780503e+01 5.617388237847221433e+01 2.148236466950000090e-02
4.784784784784784506e+01 5.502487900498154971e+01 2.209104604269000044e-02
4.788788788788788509e+01 5.522072072072073468e+01 2.277535045680000036e-02
4.792792792792792511e+01 5.522974072705518722e+01 2.277535045680000036e-02
4.796796796796796514e+01 5.598775899923359134e+01 2.199736364637999014e-02
4.800800800800800516e+01 5.520920920920920594e+01 2.277532973479999903e-02
4.804804804804804519e+01 5.521771771771772563e+01 2.277535045680000036e-02
4.808808808808808521e+01 5.661620995995998840e+01 2.189686586240000010e-02
4.812812812812812524e+01 5.515956715993337411e+01 2.277489451668999673e-02
4.816816816816816527e+01 5.592037973031627729e+01 2.188894498397999516e-02
4.820820820820820529e+01 5.592905405405404906e+01 2.188894498397999516e-02
4.824824824824824532e+01 5.642783408408410395e+01 2.160586120870999771e-02
4.828828828828828534e+01 5.670101351351350871e+01 2.185583287990000220e-02
4.832832832832832537e+01 5.640829446389750501e+01 2.183135050340999708e-02
4.836836836836836540e+01 5.588813813813812459e+01 2.186343398397999627e-02
4.840840840840840542e+01 5.495051643440315559e+01 2.233428012366000387e-02
4.844844844844844545e+01 5.522366116116114654e+01 2.277535045680000036e-02
4.848848848848848547e+01 5.508891887492962525e+01 2.288379765568999968e-02
4.852852852852852550e+01 5.652822720181120530e+01 2.189548913609999994e-02
4.856856856856856552e+01 5.516833862671266075e+01 2.277489451668999673e-02
4.860860860860860555e+01 5.574799799799800581e+01 2.201974664349999264e-02
4.864864864864864558e+01 5.648754222972971206e+01 2.183222379310000016e-02
4.868868868868868560e+01 5.489854698448448289e+01 2.190353115006700088e-02
4.872872872872872563e+01 5.520051301301302260e+01 2.277532973479999903e-02
4.876876876876876565e+01 5.597007994322447644e+01 2.199736364637999014e-02
4.880880880880880568e+01 5.521481601230134828e+01 2.277535045680000036e-02
4.884884884884884571e+01 5.498119212962962621e+01 2.208983904909700077e-02
4.888888888888888573e+01 5.501909722222222854e+01 2.209104604269000044e-02
4.892892892892892576e+01 5.508312145152966366e+01 2.288379765568999968e-02
4.896896896896896578e+01 5.497531906906907295e+01 2.208983904909700077e-02
4.900900900900900581e+01 5.485754504504504325e+01 2.166727314106700261e-02
4.904904904904904583e+01 5.510354104104104778e+01 2.294960525568999835e-02
4.908908908908908586e+01 5.593501558198823886e+01 2.188894498397999516e-02
4.912912912912912589e+01 5.527012034006662589e+01 2.226419771580000206e-02
4.916916916916916591e+01 5.562262262262262880e+01 2.091634169899999479e-02
4.920920920920920594e+01 5.536066070953765461e+01 2.181231564769999659e-02
4.924924924924924596e+01 5.663663663663663783e+01 2.189686586240000010e-02
4.928928928928928599e+01 5.622059559559561137e+01 2.149913276050000391e-02
4.932932932932932601e+01 5.575088858389638347e+01 2.201974664349999264e-02
4.936936936936936604e+01 5.522957136824324920e+01 2.277535045680000036e-02
4.940940940940940607e+01 5.620305241765204585e+01 2.149847256950000382e-02
4.944944944944944609e+01 5.508019463555352502e+01 2.288379765568999968e-02
4.948948948948948612e+01 5.520899317286034602e+01 2.277535045680000036e-02
4.952952952952952614e+01 5.505973246195414106e+01 2.288379765568999968e-02
4.956956956956956617e+01 5.506854241937249128e+01 2.288379765568999968e-02
4.960960960960960620e+01 5.534609921200495819e+01 2.207463997769999742e-02
4.964964964964964622e+01 5.523553827264764493e+01 2.277535045680000036e-02
4.968968968968968625e+01 5.667760558409972305e+01 2.184972941490000153e-02
4.972972972972972627e+01 5.664527027027027373e+01 2.180137486240000047e-02
4.976976976976976630e+01 5.497821991913789930e+01 2.208983904909700077e-02
4.980980980980980632e+01 5.518008193740617173e+01 2.277512781265999750e-02
4.984984984984984635e+01 5.495425662478885442e+01 2.190579356406700470e-02
4.988988988988988638e+01 5.499596056016955004e+01 2.208983904909700077e-02
4.992992992992992640e+01 5.511796171171171466e+01 2.276829525569000132e-02
4.996996996996996643e+01 5.652822353603603744e+01 2.189548913609999994e-02
5.001001001001000645e+01 5.508892272399351953e+01 2.288379765568999968e-02
5.005005005005004648e+01 5.599349349349348870e+01 2.180829764637999199e-02
5.009009009009008651e+01 5.518011639569257909e+01 2.277512781265999750e-02
5.013013013013012653e+01 5.498403872622623112e+01 2.208983904909700077e-02
5.017017017017016656e+01 5.502780258285630310e+01 2.209104604269000044e-02
5.021021021021020658e+01 5.572156531531531698e+01 2.201862649749999207e-02
5.025025025025024661e+01 5.511808989164945416e+01 2.276829525569000132e-02
5.029029029029028663e+01 5.516246910973474371e+01 2.277489451668999673e-02
5.033033033033032666e+01 5.654298048048047320e+01 2.189548913609999994e-02
5.037037037037036669e+01 5.611554859302661669e+01 2.181499823868000149e-02
5.041041041041040671e+01 5.646679785254002581e+01 2.183217821650999813e-02
5.045045045045044674e+01 5.616546355926237766e+01 2.166594466949999659e-02
5.049049049049048676e+01 5.640233709050848177e+01 2.172230353340999856e-02
5.053053053053052679e+01 5.645207707707709233e+01 2.183217821650999813e-02
5.057057057057056682e+01 5.523254504504505746e+01 2.277535045680000036e-02
5.061061061061060684e+01 5.519750609984984635e+01 2.277532973479999903e-02
5.065065065065064687e+01 5.571571571571571724e+01 2.202220269749999293e-02
5.069069069069068689e+01 5.518305414789789864e+01 2.277512781265999750e-02
5.073073073073072692e+01 5.532564870778982424e+01 2.226370597769999557e-02
5.077077077077076694e+01 5.616253118352727824e+01 2.166594466949999659e-02
5.081081081081080697e+01 5.581312024915540349e+01 2.114999749799999218e-02
5.085085085085084700e+01 5.665133639498873919e+01 2.189625678240000178e-02
5.089089089089088702e+01 5.499595689439439639e+01 2.208983904909700077e-02
5.093093093093092705e+01 5.658092565221471659e+01 2.189755003540000411e-02
5.097097097097096707e+01 5.511228458683292786e+01 2.294960525568999835e-02
5.101101101101100710e+01 5.513604082598223499e+01 2.247755154669000069e-02
5.105105105105104712e+01 5.503941441441441640e+01 2.208844765568999946e-02
5.109109109109108715e+01 5.516241241241240090e+01 2.277489451668999673e-02
5.113113113113112718e+01 5.504835499562062040e+01 2.208844765568999946e-02
5.117117117117116720e+01 5.508892492345860603e+01 2.288379765568999968e-02
5.121121121121120723e+01 5.521193080287318367e+01 2.277535045680000036e-02
5.125125125125124725e+01 5.511511511511510975e+01 2.276829525569000132e-02
5.129129129129128728e+01 5.502778547590558844e+01 2.209104604269000044e-02
5.133133133133132731e+01 5.524133508508509038e+01 2.277499614680000145e-02
5.137137137137136733e+01 5.562556306306306908e+01 2.091634169899999479e-02
5.141141141141140736e+01 5.510644971143018722e+01 2.294960525568999835e-02
5.145145145145144738e+01 5.510924956939361152e+01 2.277782835569000172e-02
5.149149149149148741e+01 5.585619994994994642e+01 2.182024657247999891e-02
5.153153153153152743e+01 5.507432432432432279e+01 2.288379765568999968e-02
5.157157157157156746e+01 5.612453175832081342e+01 2.166547976449999940e-02
5.161161161161160749e+01 5.613030523198979438e+01 2.166547976449999940e-02
5.165165165165164751e+01 5.617117117117116720e+01 2.148236466950000090e-02
5.169169169169168754e+01 5.617433058058058037e+01 2.166594466949999659e-02
5.173173173173172756e+01 5.686448948948950033e+01 2.095459930817000424e-02
5.177177177177176759e+01 5.502773085585586443e+01 2.256112302268999809e-02
5.181181181181180762e+01 5.646677927927928664e+01 2.183217821650999813e-02
5.185185185185184764e+01 5.513563368055555003e+01 2.276829525569000132e-02
5.189189189189188767e+01 5.503378378378377533e+01 2.209103067569000156e-02
5.193193193193192769e+01 5.582682682682682440e+01 2.181937566918999358e-02
5.197197197197196772e+01 5.485479229229228082e+01 2.166726115006700412e-02
5.201201201201200774e+01 5.652242867867867204e+01 2.183263613610000181e-02
5.205205205205204777e+01 5.524430680680680439e+01 2.277499614680000145e-02
5.209209209209208780e+01 5.593779460612955745e+01 2.189013474637999460e-02
5.213213213213212782e+01 5.587642452022335959e+01 2.186343398397999627e-02
5.217217217217216785e+01 5.518566918969750645e+01 2.277509643882999826e-02
5.221221221221220787e+01 5.490440440440440284e+01 2.190353115006700088e-02
5.225225225225224790e+01 5.654877533783783150e+01 2.189548913609999994e-02
5.229229229229228793e+01 5.499882695195194771e+01 2.208983904909700077e-02
5.233233233233232795e+01 5.519138205588399160e+01 2.277509643882999826e-02
5.237237237237236798e+01 5.595267484281154680e+01 2.194032720037999290e-02
5.241241241241240800e+01 5.515075622497496965e+01 2.277280274668999974e-02
5.245245245245244803e+01 5.515959318693692381e+01 2.277489451668999673e-02
5.249249249249248805e+01 5.529637462169201001e+01 2.226384340579999621e-02
5.253253253253252808e+01 5.522072072072072046e+01 2.277535045680000036e-02
5.257257257257256811e+01 5.600227192524555164e+01 2.180829764637999199e-02
5.261261261261260813e+01 5.528177787162162105e+01 2.226384340579999621e-02
5.265265265265264816e+01 5.660160160160160103e+01 2.189675806140000541e-02
5.269269269269268818e+01 5.646968843843842478e+01 2.183222379310000016e-02
5.273273273273272821e+01 5.600792980480480310e+01 2.180781504637999482e-02
5.277277277277276823e+01 5.664811222355167786e+01 2.185039216239999943e-02
5.281281281281280826e+01 5.681503378378377533e+01 2.135010755847000646e-02
5.285285285285285539e+01 5.608647710210210846e+01 2.143837732637999746e-02
5.289289289289289542e+01 5.587070077890390962e+01 2.182024657247999891e-02
5.293293293293293544e+01 5.657207207207207489e+01 2.189755003540000411e-02
5.297297297297297547e+01 5.529054054054054745e+01 2.226384340579999621e-02
5.301301301301301550e+01 5.504241741741742544e+01 2.208844765568999946e-02
5.305305305305305552e+01 5.620307807807807876e+01 2.148236466950000090e-02
5.309309309309309555e+01 5.525008101363081892e+01 2.272185914679999974e-02
5.313313313313313557e+01 5.653697447447449065e+01 2.189548913609999994e-02
5.317317317317317560e+01 5.549949949949950678e+01 2.102768589519999134e-02
5.321321321321321562e+01 5.495927177177178180e+01 2.233428012366000387e-02
5.325325325325325565e+01 5.458458458458459006e+01 2.044791794150000244e-02
5.329329329329329568e+01 5.479216716716717173e+01 2.132220293416700260e-02
5.333333333333333570e+01 5.508601888020834991e+01 2.288379765568999968e-02
5.337337337337337573e+01 5.649029498248248160e+01 2.183222379310000016e-02
5.341341341341341575e+01 5.522081065440440284e+01 2.277535045680000036e-02
5.345345345345345578e+01 5.512387387387387605e+01 2.276829525569000132e-02
5.349349349349349581e+01 5.616547455658784571e+01 2.166594466949999659e-02
5.353353353353353583e+01 5.656047844719719819e+01 2.189510310310000332e-02
5.357357357357357586e+01 5.508016683675863590e+01 2.288379765568999968e-02
5.361361361361361588e+01 5.510063548656077614e+01 2.294960525568999835e-02
5.365365365365365591e+01 5.514432401151152163e+01 2.276824962093000268e-02
5.369369369369369593e+01 5.505684627498592221e+01 2.288379765568999968e-02
5.373373373373373596e+01 5.512676372661724145e+01 2.276829525569000132e-02
5.377377377377377599e+01 5.511811811811811879e+01 2.276829525569000132e-02
5.381381381381381601e+01 5.518297203453453648e+01 2.277508217789999886e-02
5.385385385385385604e+01 5.520036454911942769e+01 2.277532973479999903e-02
5.389389389389389606e+01 5.524132347679710620e+01 2.277535045680000036e-02
5.393393393393393609e+01 5.662799713776276178e+01 2.189686586240000010e-02
5.397397397397397611e+01 5.662787005755755843e+01 2.189686586240000010e-02
5.401401401401401614e+01 5.654592092092092059e+01 2.189548913609999994e-02
5.405405405405405617e+01 5.641891891891891930e+01 2.160586120870999771e-02
5.409409409409409619e+01 5.507146251476086007e+01 2.288379765568999968e-02
5.413413413413413622e+01 5.618266704204204132e+01 2.148236466950000090e-02
5.417417417417417624e+01 5.497832207207207489e+01 2.208983904909700077e-02
5.421421421421421627e+01 5.484887524242992640e+01 2.166727314106700261e-02
5.425425425425425630e+01 5.594953412885542576e+01 2.190313604637999373e-02
5.429429429429429632e+01 5.548198198198198838e+01 2.102846762369999303e-02
5.433433433433433635e+01 5.649921796796797224e+01 2.183222379310000016e-02
5.437437437437437637e+01 5.514432401151151453e+01 2.276824962093000268e-02
5.441441441441441640e+01 5.662500000000000000e+01 2.189686586240000010e-02
5.445445445445445642e+01 5.530513912349850614e+01 2.226384340579999621e-02
5.449449449449449645e+01 5.620010831143644481e+01 2.149847256950000382e-02
5.453453453453453648e+01 5.572747747747748548e+01 2.201862649749999207e-02
5.457457457457457650e+01 5.576839339339339574e+01 2.178717714989999651e-02
5.461461461461461653e+01 5.521196196196196126e+01 2.277535045680000036e-02
5.465465465465465655e+01 5.494837672144799967e+01 2.190579356406700470e-02
5.469469469469469658e+01 5.657215418543543706e+01 2.189755003540000411e-02
5.473473473473473661e+01 5.516251688700419464e+01 2.277489451668999673e-02
5.477477477477477663e+01 5.495129504504505746e+01 2.190579356406700470e-02
5.481481481481481666e+01 5.550535300925925952e+01 2.102768589519999134e-02
5.485485485485485668e+01 5.520037615740741188e+01 2.277532973479999903e-02
5.489489489489489671e+01 5.523262715840841253e+01 2.277535045680000036e-02
5.493493493493493673e+01 5.510937280053491349e+01 2.294960525568999835e-02
5.497497497497497676e+01 5.503935683119642874e+01 2.256112302268999809e-02
5.501501501501501679e+01 5.510634853603604455e+01 2.277782835569000172e-02
5.505505505505505681e+01 5.647561929605386410e+01 2.183222379310000016e-02
5.509509509509509684e+01 5.526726726726727179e+01 2.226419771580000206e-02
5.513513513513513686e+01 5.651098962732262976e+01 2.183263613610000181e-02
5.517517517517517689e+01 5.655455455455455649e+01 2.189548913609999994e-02
5.521521521521521692e+01 5.521791127064565075e+01 2.277535045680000036e-02
5.525525525525525694e+01 5.663663663663663783e+01 2.189686586240000010e-02
5.529529529529529697e+01 5.650487987987987992e+01 2.183222379310000016e-02
5.533533533533533699e+01 5.654579579579579729e+01 2.189548913609999994e-02
5.537537537537537702e+01 5.658671171171171466e+01 2.189755003540000411e-02
5.541541541541541704e+01 5.511506819319319561e+01 2.276829525569000132e-02
5.545545545545545707e+01 5.502491749562062751e+01 2.209104604269000044e-02
5.549549549549549710e+01 5.592905405405406327e+01 2.188894498397999516e-02
5.553553553553553712e+01 5.623515312187186765e+01 2.149913276050000391e-02
5.557557557557557715e+01 5.587933490130755843e+01 2.186343398397999627e-02
5.561561561561561717e+01 5.648732521584084054e+01 2.183222379310000016e-02
5.565565565565565720e+01 5.652527527527527695e+01 2.189548913609999994e-02
5.569569569569569722e+01 5.573912297307073516e+01 2.201974664349999264e-02
5.573573573573573725e+01 5.503087462462463009e+01 2.209103067569000156e-02
5.577577577577577728e+01 5.612165094782282182e+01 2.167092543449999908e-02
5.581581581581581730e+01 5.647263278903903938e+01 2.183222379310000016e-02
5.585585585585585733e+01 5.646677927927927954e+01 2.183217821650999813e-02
5.589589589589589735e+01 5.641991991991991995e+01 2.183135050340999708e-02
5.593593593593593738e+01 5.590862346721721821e+01 2.186343398397999627e-02
5.597597597597597741e+01 5.523254504504504325e+01 2.277535045680000036e-02
5.601601601601601743e+01 5.672715684434433570e+01 2.185583287990000220e-02
5.605605605605605746e+01 5.465465465465464945e+01 2.120901971509999914e-02
5.609609609609609748e+01 5.502785989114114074e+01 2.209103067569000156e-02
5.613613613613613751e+01 5.609227977977978696e+01 2.167453390867999860e-02
5.617617617617617753e+01 5.481565940940940607e+01 2.132220293416700260e-02
5.621621621621621756e+01 5.591152871621622467e+01 2.186343398397999627e-02
5.625625625625625759e+01 5.641008195695695804e+01 2.160624724171000127e-02
5.629629629629629761e+01 5.518301504629629051e+01 2.277508217789999886e-02
5.633633633633633764e+01 5.515074253941442350e+01 2.277280274668999974e-02
5.637637637637637766e+01 5.624424424424423563e+01 2.149913276050000391e-02
5.641641641641641769e+01 5.522087321696697160e+01 2.277535045680000036e-02
5.645645645645645772e+01 5.518563485360361653e+01 2.277509643882999826e-02
5.649649649649649774e+01 5.499304969031531698e+01 2.208983904909700077e-02
5.653653653653653777e+01 5.582982982982983344e+01 2.182022742218999237e-02
5.657657657657657779e+01 5.511519918355855907e+01 2.294960525568999835e-02
5.661661661661661782e+01 5.591452426547641608e+01 2.188894498397999516e-02
5.665665665665665784e+01 5.507148750312812524e+01 2.288379765568999968e-02
5.669669669669669787e+01 5.651951951951951969e+01 2.183263613610000181e-02
5.673673673673673790e+01 5.664254488863864623e+01 2.189625678240000178e-02
5.677677677677677792e+01 5.650509102852853971e+01 2.183263613610000181e-02
5.681681681681681795e+01 5.592905405405404906e+01 2.188894498397999516e-02
5.685685685685685797e+01 5.513560435435434925e+01 2.276829525569000132e-02
5.689689689689689800e+01 5.618568568568568367e+01 2.148236466950000090e-02
5.693693693693693803e+01 5.513263654279278114e+01 2.276829525569000132e-02
5.697697697697697805e+01 5.506847081456455584e+01 2.288379765568999968e-02
5.701701701701701808e+01 5.522966716716716462e+01 2.277535045680000036e-02
5.705705705705705810e+01 5.616554054054054035e+01 2.166547976449999940e-02
5.709709709709709813e+01 5.631926066691691801e+01 2.097582432309999870e-02
5.713713713713713815e+01 5.660147647647647773e+01 2.189675806140000541e-02
5.717717717717717818e+01 5.520612800300300194e+01 2.277532973479999903e-02
5.721721721721721821e+01 5.650200200200200129e+01 2.183222379310000016e-02
5.725725725725725823e+01 5.657509071571571013e+01 2.189755003540000411e-02
5.729729729729729826e+01 5.658667652027025952e+01 2.189755003540000411e-02
5.733733733733733828e+01 5.484002752752752485e+01 2.166563564516700222e-02
5.737737737737737831e+01 5.514728009259258812e+01 2.276824962093000268e-02
5.741741741741741833e+01 5.525304992492492318e+01 2.277478473680000226e-02
5.745745745745745836e+01 5.502785989114113363e+01 2.209103067569000156e-02
5.749749749749749839e+01 5.475176739239238799e+01 2.123578293416699889e-02
5.753753753753753841e+01 5.497672379410660426e+01 2.241017170366000136e-02
5.757757757757757844e+01 5.524129989364364235e+01 2.277535045680000036e-02
5.761761761761761846e+01 5.654291400775775855e+01 2.189548913609999994e-02
5.765765765765765849e+01 5.503378378378378244e+01 2.209103067569000156e-02
5.769769769769769852e+01 5.508892732148652271e+01 2.288379765568999968e-02
5.773773773773773854e+01 5.520043480980979922e+01 2.277532973479999903e-02
5.777777777777777857e+01 5.524717881944444287e+01 2.277499614680000145e-02
5.781781781781781859e+01 5.601101101101100710e+01 2.180781504637999482e-02
5.785785785785785862e+01 5.650181431431431633e+01 2.183222379310000016e-02
5.789789789789789864e+01 5.505106278153152743e+01 2.288379765568999968e-02
5.793793793793793867e+01 5.495051301301300839e+01 2.233428012366000387e-02
5.797797797797797870e+01 5.661911911911911943e+01 2.189686586240000010e-02
5.801801801801801872e+01 5.651090934684684441e+01 2.183263613610000181e-02
5.805805805805805875e+01 5.643651463963963977e+01 2.160586120870999771e-02
5.809809809809809877e+01 5.656621465215214783e+01 2.189755003540000411e-02
5.813813813813813880e+01 5.510064752252250742e+01 2.294960525568999835e-02
5.817817817817817883e+01 5.590559309309308844e+01 2.186343398397999627e-02
5.821821821821821885e+01 5.529664723317067399e+01 2.226363199579999702e-02
5.825825825825825888e+01 5.510355081644144093e+01 2.294960525568999835e-02
5.829829829829829890e+01 5.514426926926925177e+01 2.276824962093000268e-02
5.833833833833833893e+01 5.578599152741608691e+01 2.171361714989999622e-02
5.837837837837837895e+01 5.595544763513512976e+01 2.190313604637999373e-02
5.841841841841841898e+01 5.577133383383382892e+01 2.178717714989999651e-02
5.845845845845845901e+01 5.608929241741741123e+01 2.168292330867999801e-02
5.849849849849849903e+01 5.649903810060060039e+01 2.183222379310000016e-02
5.853853853853853906e+01 5.668634259259258812e+01 2.185583287990000220e-02
5.857857857857857908e+01 5.583270770770770497e+01 2.182022742218999237e-02
5.861861861861861911e+01 5.588518205705705100e+01 2.186343398397999627e-02
5.865865865865865914e+01 5.609807072697697095e+01 2.167453390867999860e-02
5.869869869869869916e+01 5.614209522022022725e+01 2.166547976449999940e-02
5.873873873873873919e+01 5.490731234163853003e+01 2.190353115006700088e-02
5.877877877877877921e+01 5.501900337837837185e+01 2.209104604269000044e-02
5.881881881881881924e+01 5.660162506256256876e+01 2.189675806140000541e-02
5.885885885885885926e+01 5.519742398648648418e+01 2.277532973479999903e-02
5.889889889889889929e+01 5.521771771771771853e+01 2.277535045680000036e-02
5.893893893893893932e+01 5.502484515765766560e+01 2.209104604269000044e-02
5.897897897897897934e+01 5.503936749249249516e+01 2.256110765568999921e-02
5.901901901901901937e+01 5.658678991491491672e+01 2.189755003540000411e-02
5.905905905905905939e+01 5.572545201451451646e+01 2.121258562359000163e-02
5.909909909909909942e+01 5.522072072072072046e+01 2.277535045680000036e-02
5.913913913913913944e+01 5.655162132347191317e+01 2.189548913609999994e-02
5.917917917917917947e+01 5.585035035035035378e+01 2.182024657247999891e-02
5.921921921921921950e+01 5.515955451300911250e+01 2.277489451668999673e-02
5.925925925925925952e+01 5.590277777777777146e+01 2.186343398397999627e-02
5.929929929929929955e+01 5.489854136362924919e+01 2.190353115006700088e-02
5.933933933933933957e+01 5.658098723723723111e+01 2.189755003540000411e-02
5.937937937937937960e+01 5.592331393893893221e+01 2.188894498397999516e-02
5.941941941941941963e+01 5.497529365302801807e+01 2.208983904909700077e-02
5.945945945945945965e+01 5.522065033783783861e+01 2.277535045680000036e-02
5.949949949949949968e+01 5.512964184888012653e+01 2.276829525569000132e-02
5.953953953953953970e+01 5.507443747458395933e+01 2.241113765568999994e-02
5.957957957957957973e+01 5.590276604729729826e+01 2.186343398397999627e-02
5.961961961961961975e+01 5.524130380380380956e+01 2.277535045680000036e-02
5.965965965965965978e+01 5.516188063063061975e+01 2.276849717783000285e-02
5.969969969969969981e+01 5.652824424766562572e+01 2.189548913609999994e-02
5.973973973973973983e+01 5.651939439439438218e+01 2.189507679309999830e-02
5.977977977977977986e+01 5.501607857857855777e+01 2.256370604269000019e-02
5.981981981981981988e+01 5.661907244158221886e+01 2.189686586240000010e-02
5.985985985985985991e+01 5.609523586086086056e+01 2.167453390867999860e-02
5.989989989989989994e+01 5.657805852727726403e+01 2.189755003540000411e-02
5.993993993993993996e+01 5.509186194250891333e+01 2.287371367569000086e-02
5.997997997997997999e+01 5.522375500500500323e+01 2.277535045680000036e-02
6.002002002002002001e+01 5.601087024524523628e+01 2.180781504637999482e-02
6.006006006006006004e+01 5.517981360266514912e+01 2.277484888192999810e-02
6.010010010010010006e+01 5.526978932057058103e+01 2.229328671580000504e-02
6.014014014014014009e+01 5.654582707707706390e+01 2.189548913609999994e-02
6.018018018018018012e+01 5.640716497747746416e+01 2.160624724171000127e-02
6.022022022022022014e+01 5.517424064689689089e+01 2.277489451668999673e-02
6.026026026026026017e+01 5.463440002502501613e+01 2.076526371510000260e-02
6.030030030030030019e+01 5.518853961383257456e+01 2.277509643882999826e-02
6.034034034034034022e+01 5.527306285777964945e+01 2.226419771580000206e-02
6.038038038038038025e+01 5.522682057057056682e+01 2.277535045680000036e-02
6.042042042042042027e+01 5.513252730269334023e+01 2.276829525569000132e-02
6.046046046046046030e+01 5.498123123123121303e+01 2.208983904909700077e-02
6.050050050050050032e+01 5.657797506979636637e+01 2.189755003540000411e-02
6.054054054054054035e+01 5.511225190033782440e+01 2.276829525569000132e-02
6.058058058058058037e+01 5.622635135135135442e+01 2.149913276050000391e-02
6.062062062062062040e+01 5.517719672797795738e+01 2.277512781265999750e-02
6.066066066066066043e+01 5.568459084084084765e+01 2.113737088190000002e-02
6.070070070070070045e+01 5.594660285285284829e+01 2.190313604637999373e-02
6.074074074074074048e+01 5.499884259259260233e+01 2.208983904909700077e-02
6.078078078078078050e+01 5.584150764534064137e+01 2.182024657247999891e-02
6.082082082082082053e+01 5.605731512762764623e+01 2.135083272637999449e-02
6.086086086086086056e+01 5.486949840465463524e+01 2.166726115006700412e-02
6.090090090090090058e+01 5.594071506809543592e+01 2.190313604637999373e-02
6.094094094094094061e+01 5.617992992992991219e+01 2.148236466950000090e-02
6.098098098098098063e+01 5.645504879879879212e+01 2.183217821650999813e-02
6.102102102102102066e+01 5.509769144144142672e+01 2.294960525568999835e-02
6.106106106106106068e+01 5.648148148148148096e+01 2.183222379310000016e-02
6.110110110110110071e+01 5.585022522522521626e+01 2.182024657247999891e-02
6.114114114114114074e+01 5.521771991718280503e+01 2.277535045680000036e-02
6.118118118118118076e+01 5.504812625125124725e+01 2.288379765568999968e-02
6.122122122122122079e+01 5.519457042491711718e+01 2.277532973479999903e-02
6.126126126126126081e+01 5.608930433118665349e+01 2.168292330867999801e-02
6.130130130130130084e+01 5.517117117117118141e+01 2.277489451668999673e-02
6.134134134134134086e+01 5.653706831831831892e+01 2.189548913609999994e-02
6.138138138138138089e+01 5.517131193693695224e+01 2.277489451668999673e-02
6.142142142142142092e+01 5.682081300050050743e+01 2.135010755847000646e-02
6.146146146146146094e+01 5.598773761554522110e+01 2.199736364637999014e-02
6.150150150150150097e+01 5.517117117117113878e+01 2.277489451668999673e-02
6.154154154154154099e+01 5.596433933933933247e+01 2.198436234637999101e-02
6.158158158158158102e+01 5.494231731731729695e+01 2.190585264506000537e-02
6.162162162162162105e+01 5.612136345940666615e+01 2.181474043719000208e-02
6.166166166166166107e+01 5.520645645645643640e+01 2.277532973479999903e-02
6.170170170170170110e+01 5.488679695320320207e+01 2.190353115006700088e-02
6.174174174174174112e+01 5.618860266516516333e+01 2.148236466950000090e-02
6.178178178178178115e+01 5.512093343343343577e+01 2.276829525569000132e-02
6.182182182182182117e+01 5.515665665665663653e+01 2.277489451668999673e-02
6.186186186186186120e+01 5.673590582770270885e+01 2.185566378647000110e-02
6.190190190190190123e+01 5.608348582957955841e+01 2.168303672637999710e-02
6.194194194194194125e+01 5.671559059059059393e+01 2.185583287990000220e-02
6.198198198198198128e+01 5.529349662162161394e+01 2.226384340579999621e-02
6.202202202202202130e+01 5.523836336336336927e+01 2.277535045680000036e-02
6.206206206206206133e+01 5.518008242617617043e+01 2.277512781265999750e-02
6.210210210210210136e+01 5.510353367894262533e+01 2.294960525568999835e-02
6.214214214214214138e+01 5.512687687687687799e+01 2.276829525569000132e-02
6.218218218218218141e+01 5.596434349388452034e+01 2.198436234637999101e-02
6.222222222222222143e+01 5.643750000000000000e+01 2.183135050340999708e-02
6.226226226226226146e+01 5.505102759009006519e+01 2.288379765568999968e-02
6.230230230230230148e+01 5.516248279529526144e+01 2.277489451668999673e-02
6.234234234234234151e+01 5.503964315878378244e+01 2.209103067569000156e-02
6.238238238238238154e+01 5.574207019519516848e+01 2.201974664349999264e-02
6.242242242242242156e+01 5.618018018018017301e+01 2.166594466949999659e-02
6.246246246246246159e+01 5.504809496996993801e+01 2.288379765568999968e-02
6.250250250250250161e+01 5.507727845032532343e+01 2.288379765568999968e-02
6.254254254254254164e+01 5.575386714839837055e+01 2.202066353349999353e-02
6.258258258258258167e+01 5.604319162912913299e+01 2.179712341637999803e-02
6.262262262262262169e+01 5.645209271771770432e+01 2.183217821650999813e-02
6.266266266266266172e+01 5.619445617492492318e+01 2.148236466950000090e-02
6.270270270270270174e+01 5.496283783783782440e+01 2.199230704566000269e-02
6.274274274274274177e+01 5.656650400400400969e+01 2.189510310310000332e-02
6.278278278278278179e+01 5.651676676676675726e+01 2.183263613610000181e-02
6.282282282282282182e+01 5.501905030030030730e+01 2.209104604269000044e-02
6.286286286286286185e+01 5.535195168312843350e+01 2.207463997769999742e-02
6.290290290290290187e+01 5.508313605353401954e+01 2.288379765568999968e-02
6.294294294294294190e+01 5.497672672672672434e+01 2.241017170366000136e-02
6.298298298298298192e+01 5.516546624749751970e+01 2.277489451668999673e-02
6.302302302302302195e+01 5.519745917792791801e+01 2.277532973479999903e-02
6.306306306306306197e+01 5.523252744932430858e+01 2.277535045680000036e-02
6.310310310310310200e+01 5.521483006443940411e+01 2.277535045680000036e-02
6.314314314314314203e+01 5.636635463588589090e+01 2.144598232310000047e-02
6.318318318318318205e+01 5.612443693693690250e+01 2.166547976449999940e-02
6.322322322322322208e+01 5.549937046421422338e+01 2.102768589519999134e-02
6.326326326326326210e+01 5.678866366366364105e+01 2.114828662847000398e-02
6.330330330330330213e+01 5.647841591591591737e+01 2.183222379310000016e-02
6.334334334334334216e+01 5.592039194956673498e+01 2.188894498397999516e-02
6.338338338338338218e+01 5.615371621621621756e+01 2.166547976449999940e-02
6.342342342342342221e+01 5.582695488457207489e+01 2.182022742218999237e-02
6.346346346346346223e+01 5.590858436561562428e+01 2.186343398397999627e-02
6.350350350350350226e+01 5.516246715465463524e+01 2.277489451668999673e-02
6.354354354354354228e+01 5.520345345345346288e+01 2.277532973479999903e-02
6.358358358358358231e+01 5.650804710960959909e+01 2.183263613610000181e-02
6.362362362362362234e+01 5.657217361404374856e+01 2.189755003540000411e-02
6.366366366366366236e+01 5.496508715746996643e+01 2.241017170366000136e-02
6.370370370370370239e+01 5.658680555555557135e+01 2.189755003540000411e-02
6.374374374374374241e+01 5.612724369877689412e+01 2.181221108019000196e-02
6.378378378378378244e+01 5.509770078916810121e+01 2.294960525568999835e-02
6.382382382382382247e+01 5.609515765765765138e+01 2.167453390867999860e-02
6.386386386386386249e+01 5.500150541166163976e+01 2.208993253069000198e-02
6.390390390390390252e+01 5.531993712462458745e+01 2.226363199579999702e-02
6.394394394394394254e+01 5.675649477602600967e+01 2.184937178647000308e-02
6.398398398398398257e+01 5.678578578578576241e+01 2.114828662847000398e-02
6.402402402402401549e+01 5.522072072072071336e+01 2.277535045680000036e-02
6.406406406406406973e+01 5.530530530530531053e+01 2.226363199579999702e-02
6.410410410410409554e+01 5.594065146689657553e+01 2.190313604637999373e-02
6.414414414414414978e+01 5.622635135135136153e+01 2.149913276050000391e-02
6.418418418418417559e+01 5.500177948945037798e+01 2.208983904909700077e-02
6.422422422422422983e+01 5.643452827827824336e+01 2.183135050340999708e-02
6.426426426426425564e+01 5.587351022897894381e+01 2.182051898397999873e-02
6.430430430430430988e+01 5.570109171671670367e+01 2.202220269749999293e-02
6.434434434434433570e+01 5.513254660910908456e+01 2.276829525569000132e-02
6.438438438438438993e+01 5.497822822822821109e+01 2.208983904909700077e-02
6.442442442442441575e+01 5.526722230042540929e+01 2.226419771580000206e-02
6.446446446446446998e+01 5.519455001876875144e+01 2.277532973479999903e-02
6.450450450450449580e+01 5.523837967606276322e+01 2.277535045680000036e-02
6.454454454454455004e+01 5.491013669919918527e+01 2.190353115006700088e-02
6.458458458458457585e+01 5.550237737737735699e+01 2.102768589519999134e-02
6.462462462462463009e+01 5.513564394472597030e+01 2.276829525569000132e-02
6.466466466466465590e+01 5.506264870827856583e+01 2.288379765568999968e-02
6.470470470470471014e+01 5.506850600600599677e+01 2.288379765568999968e-02
6.474474474474473595e+01 5.523545915300064024e+01 2.277535045680000036e-02
6.478478478478479019e+01 5.516829329329329568e+01 2.277489451668999673e-02
6.482482482482481601e+01 5.509477055180179406e+01 2.294960525568999835e-02
6.486486486486487024e+01 5.503061655405405617e+01 2.256112302268999809e-02
6.490490490490489606e+01 5.648755005005004648e+01 2.183222379310000016e-02
6.494494494494495029e+01 5.520320320320321628e+01 2.277532973479999903e-02
6.498498498498497611e+01 5.513252510322823241e+01 2.276829525569000132e-02
6.502502502502503035e+01 5.649049049049047255e+01 2.183222379310000016e-02
6.506506506506505616e+01 5.530530530530526789e+01 2.226363199579999702e-02
6.510510510510511040e+01 5.513906484609606906e+01 2.269691116669000225e-02
6.514514514514513621e+01 5.515070930305301289e+01 2.277280274668999974e-02
6.518518518518519045e+01 5.589100477430553582e+01 2.186343398397999627e-02
6.522522522522521626e+01 5.513549914660751483e+01 2.276829525569000132e-02
6.526526526526527050e+01 5.590569084709709102e+01 2.186343398397999627e-02
6.530530530530529632e+01 5.601970720720718333e+01 2.180781504637999482e-02
6.534534534534535055e+01 5.632845345345344157e+01 2.144598232310000047e-02
6.538538538538537637e+01 5.494543371496494188e+01 2.190579356406700470e-02
6.542542542542543060e+01 5.517714589589589735e+01 2.277489451668999673e-02
6.546546546546545642e+01 5.482732732732731051e+01 2.132220293416700260e-02
6.550550550550551065e+01 5.506556556556556359e+01 2.288379765568999968e-02
6.554554554554553647e+01 5.571271356806023789e+01 2.202220269749999293e-02
6.558558558558559071e+01 6.266177505630632538e+01 1.176185394800000061e-02
6.562562562562561652e+01 5.534608674836945852e+01 2.181237897769999767e-02
6.566566566566567076e+01 5.663663663663664494e+01 2.189686586240000010e-02
6.570570570570571078e+01 6.898778270457958683e+01 8.921954446999998817e-03
6.574574574574575081e+01 6.410190146200889671e+01 1.027032660185999910e-02
6.578578578578579084e+01 5.511808097159664044e+01 2.276829525569000132e-02
6.582582582582583086e+01 5.510351635815499094e+01 2.294960525568999835e-02
6.586586586586587089e+01 5.505974724724718783e+01 2.288379765568999968e-02
6.590590590590591091e+01 5.514430494948069850e+01 2.276824962093000268e-02
6.594594594594595094e+01 5.522972972972972627e+01 2.277535045680000036e-02
6.598598598598599096e+01 5.670670670670670432e+01 2.185583287990000220e-02
6.602602602602603099e+01 5.643161911911909101e+01 2.183135050340999708e-02
6.606606606606607102e+01 5.657209333356792769e+01 2.189755003540000411e-02
6.610610610610611104e+01 5.593196321321322273e+01 2.188894498397999516e-02
6.614614614614615107e+01 5.653408242226601033e+01 2.189548913609999994e-02
6.618618618618619109e+01 5.602557244744743059e+01 2.179942564637999541e-02
6.622622622622623112e+01 6.783014264264265591e+01 8.436104889800000867e-03
6.626626626626627115e+01 5.513560435435437057e+01 2.276829525569000132e-02
6.630630630630631117e+01 6.962485923423423628e+01 8.452669612600001436e-03
6.634634634634635120e+01 5.515363996809307423e+01 2.277280274668999974e-02
6.638638638638639122e+01 5.476876876876877276e+01 2.132209757816700205e-02
6.642642642642643125e+01 5.516831479917419756e+01 2.277489451668999673e-02
6.646646646646647127e+01 5.506850600600601098e+01 2.288379765568999968e-02
6.650650650650651130e+01 5.647857232232230729e+01 2.183222379310000016e-02
6.654654654654655133e+01 5.528757272897897934e+01 2.226384340579999621e-02
6.658658658658659135e+01 5.659859859859863462e+01 2.189675806140000541e-02
6.662662662662663138e+01 5.530530530530526789e+01 2.226363199579999702e-02
6.666666666666667140e+01 5.515950520833327175e+01 2.277489451668999673e-02
6.670670670670671143e+01 5.503964914621650450e+01 2.209103067569000156e-02
6.674674674674675146e+01 5.514428490990991349e+01 2.276824962093000268e-02
6.678678678678679148e+01 5.522954204204201289e+01 2.277535045680000036e-02
6.682682682682683151e+01 6.682682682682683151e+01 9.320498570499997915e-03
6.686686686686687153e+01 7.023918694084710523e+01 9.524503870999999691e-03
6.690690690690691156e+01 5.550529044669671208e+01 2.102768589519999134e-02
6.694694694694695158e+01 6.702213150650649709e+01 9.493919763999998651e-03
6.698698698698699161e+01 7.036250312812812524e+01 9.880058585600001372e-03
6.702702702702703164e+01 5.587648133973817721e+01 2.182051898397999873e-02
6.706706706706707166e+01 7.136355105105107555e+01 8.490591191315994754e-03
6.710710710710711169e+01 5.520608108108108070e+01 2.277532973479999903e-02
6.714714714714715171e+01 5.634055069473768640e+01 2.113006877758999771e-02
6.718718718718719174e+01 6.931303178178178825e+01 8.285655494300001381e-03
6.722722722722723177e+01 5.596141453953957523e+01 2.198436234637999101e-02
6.726726726726727179e+01 5.520645645645646482e+01 2.277532973479999903e-02
6.730730730730731182e+01 6.917742260082349048e+01 8.270752312299999368e-03
6.734734734734735184e+01 5.618020021975101486e+01 2.166594466949999659e-02
6.738738738738739187e+01 5.515368102477482637e+01 2.277280274668999974e-02
6.742742742742743189e+01 6.816491491491490251e+01 8.728190247786000305e-03
6.746746746746747192e+01 5.515663124061556033e+01 2.277489451668999673e-02
6.750750750750751195e+01 5.611571862389731535e+01 2.166987432018999821e-02
6.754754754754755197e+01 7.472447447447449065e+01 8.866872852200002875e-03
6.758758758758759200e+01 5.660460460460458876e+01 2.189686586240000010e-02
6.762762762762763202e+01 5.654877423810526693e+01 2.189548913609999994e-02
6.766766766766767205e+01 7.432560612370184572e+01 7.815607424000002232e-03
6.770770770770771207e+01 5.519455136288632957e+01 2.277532973479999903e-02
6.774774774774775210e+01 5.517426361908781018e+01 2.277489451668999673e-02
6.778778778778779213e+01 5.515370644081577467e+01 2.277280274668999974e-02
6.782782782782783215e+01 5.512977454994054938e+01 2.276829525569000132e-02
6.786786786786787218e+01 5.663077322928399582e+01 2.189686586240000010e-02
6.790790790790791220e+01 5.655455455455454938e+01 2.189548913609999994e-02
6.794794794794795223e+01 5.581817755255252678e+01 2.181945838218999484e-02
6.798798798798799226e+01 5.670091966966968755e+01 2.185583287990000220e-02
6.802802802802803228e+01 7.142942942942943318e+01 8.248531624600001846e-03
6.806806806806807231e+01 5.508599725213495901e+01 2.288379765568999968e-02
6.810810810810811233e+01 7.318940363703549679e+01 8.257246471399999968e-03
6.814814814814815236e+01 5.667466453269677373e+01 2.184972941490000153e-02
6.818818818818819238e+01 5.497672672672676697e+01 2.241017170366000136e-02
6.822822822822823241e+01 7.307893293684310265e+01 8.571146694500000884e-03
6.826826826826827244e+01 7.490831987993855989e+01 9.657323796900001492e-03
6.830830830830831246e+01 5.646087762567252355e+01 2.183217821650999813e-02
6.834834834834835249e+01 7.176555718315974275e+01 8.317202628399999673e-03
6.838838838838839251e+01 5.636678328719341380e+01 2.112981097610000178e-02
6.842842842842843254e+01 6.928399261077484539e+01 8.284606536440001709e-03
6.846846846846847257e+01 7.449936875351917820e+01 8.177512721530002041e-03
6.850850850850851259e+01 6.663522897897898645e+01 9.119137217315999647e-03
6.854854854854855262e+01 7.540340340340341641e+01 9.507960422399997988e-03
6.858858858858859264e+01 7.544734278956691753e+01 9.305628852999998576e-03
6.862862862862863267e+01 5.664553139565346385e+01 2.189625678240000178e-02
6.866866866866867269e+01 5.662503751309905908e+01 2.189686586240000010e-02
6.870870870870871272e+01 5.507432432432432279e+01 2.288379765568999968e-02
6.874874874874875275e+01 7.387804992492490896e+01 8.376503164199999504e-03
6.878878878878879277e+01 5.516538413413413622e+01 2.277489451668999673e-02
6.882882882882883280e+01 5.519749436936940157e+01 2.277532973479999903e-02
6.886886886886887282e+01 7.018674680539916722e+01 9.193254037200001422e-03
6.890890890890891285e+01 5.512670654052487862e+01 2.276829525569000132e-02
6.894894894894895288e+01 5.518272569444445708e+01 2.277484888192999810e-02
6.898898898898899290e+01 7.136059075432854115e+01 8.490913428315994757e-03
6.902902902902903293e+01 5.511504937554738603e+01 2.277782835569000172e-02
6.906906906906907295e+01 5.517420954890430806e+01 2.277489451668999673e-02
6.910910910910911298e+01 7.009455928096066657e+01 8.439282475300001821e-03
6.914914914914915300e+01 5.523839067338823128e+01 2.277535045680000036e-02
6.918918918918919303e+01 5.491891891891889088e+01 2.190353115006700088e-02
6.922922922922923306e+01 5.500446912977425029e+01 2.208993253069000198e-02
6.926926926926927308e+01 5.539850397272270044e+01 2.148130957919999404e-02
6.930930930930931311e+01 5.542037349849850614e+01 2.097031940369999473e-02
6.934934934934935313e+01 7.457764014014014720e+01 8.018777567030002315e-03
6.938938938938939316e+01 5.627045795795791605e+01 2.149922344810000288e-02
6.942942942942943318e+01 6.921230355110971288e+01 8.147966712299999775e-03
6.946946946946947321e+01 5.514139139139140866e+01 2.276824962093000268e-02
6.950950950950951324e+01 7.309369965668795999e+01 8.585848419500000800e-03
6.954954954954955326e+01 7.386922860360360232e+01 8.376503164199999504e-03
6.958958958958959329e+01 5.594361219129286411e+01 2.190313604637999373e-02
6.962962962962963331e+01 7.311111111111111427e+01 8.307136619499999597e-03
6.966966966966967334e+01 5.617138378612989413e+01 2.166594466949999659e-02
6.970970970970971337e+01 7.330369114231419303e+01 8.636331074209998085e-03
6.974974974974975339e+01 7.410751266403121917e+01 7.880965332000000600e-03
6.978978978978979342e+01 5.651678045232737446e+01 2.183263613610000181e-02
6.982982982982983344e+01 7.332132132132133506e+01 8.636331074209998085e-03
6.986986986986987347e+01 7.696602852852853971e+01 8.532656315799998573e-03
6.990990990990991349e+01 5.505394737999714039e+01 2.288379765568999968e-02
6.994994994994995352e+01 7.694494494494496450e+01 8.138191455799997920e-03
6.998998998998999355e+01 7.720770770770772629e+01 9.409190218400000777e-03
7.003003003003003357e+01 6.959266291437921836e+01 8.452656660800000887e-03
7.007007007007007360e+01 7.028946671280655778e+01 9.632502135600001097e-03
7.011011011011011362e+01 7.536842185813745232e+01 9.107515651599997972e-03
7.015015015015015365e+01 7.453367820945946676e+01 8.025886330230002502e-03
7.019019019019019368e+01 5.575384081591353436e+01 2.202066353349999353e-02
7.023023023023023370e+01 5.552577577577577017e+01 2.102701859519999147e-02
7.027027027027027373e+01 7.746210046716639397e+01 8.537638335399999612e-03
7.031031031031031375e+01 6.679500936483358942e+01 9.309130859499997745e-03
7.035035035035035378e+01 5.534604703580530582e+01 2.181237897769999767e-02
7.039039039039039380e+01 7.737400730808934668e+01 8.554558460000000197e-03
7.043043043043043383e+01 7.741823476308339025e+01 8.540683594400000009e-03
7.047047047047047386e+01 5.645207707707709233e+01 2.183217821650999813e-02
7.051051051051051388e+01 5.647554488081830470e+01 2.183222379310000016e-02
7.055055055055055391e+01 5.644044044044045449e+01 2.183135050340999708e-02
7.059059059059059393e+01 5.646385545701956232e+01 2.183217821650999813e-02
7.063063063063063396e+01 6.886486486486487024e+01 8.512810558529999155e-03
7.067067067067067399e+01 7.388673830080082894e+01 8.377413299000000327e-03
7.071071071071071401e+01 7.026898456073261912e+01 9.632502135600001097e-03
7.075075075075075404e+01 7.296495042405686604e+01 8.377692347600001685e-03
7.079079079079079406e+01 7.394319319319319561e+01 8.102220155999999632e-03
7.083083083083083409e+01 7.515054312124627245e+01 8.552219285899999648e-03
7.087087087087087411e+01 7.381910169446791770e+01 8.389421772900000282e-03
7.091091091091091414e+01 7.495499469806722459e+01 9.334342603400000785e-03
7.095095095095095417e+01 7.460935935935935959e+01 7.967996462100002120e-03
7.099099099099099419e+01 7.487331081081080697e+01 9.858685691500000334e-03
7.103103103103103422e+01 7.545616368321446998e+01 9.305628852999998576e-03
7.107107107107107424e+01 7.329204204204204132e+01 8.636863674209998426e-03
7.111111111111111427e+01 7.744466145833334281e+01 8.533476025399999720e-03
7.115115115115115429e+01 5.519751184289755486e+01 2.277532973479999903e-02
7.119119119119119432e+01 7.552940440440440284e+01 1.000540192629999908e-02
7.123123123123123435e+01 5.670673798798802068e+01 2.185583287990000220e-02
7.127127127127127437e+01 7.299693736705454228e+01 8.407311824500000169e-03
7.131131131131131440e+01 5.562839401901900516e+01 2.091634169899999479e-02
7.135135135135135442e+01 5.613311932538008620e+01 2.181138976450000197e-02
7.139139139139139445e+01 7.490540430567287444e+01 9.657323796900001492e-03
7.143143143143143448e+01 5.591741741741737570e+01 2.188894498397999516e-02
7.147147147147147450e+01 7.454251126126128213e+01 8.025886330230002502e-03
7.151151151151151453e+01 7.726638992508135573e+01 9.408777408400001430e-03
7.155155155155155455e+01 7.742112394376800921e+01 8.540683594400000009e-03
7.159159159159159458e+01 7.718446620448574436e+01 8.607587870400000216e-03
7.163163163163163460e+01 7.196740490490489606e+01 8.105558181499999612e-03
7.167167167167167463e+01 7.525525525525526405e+01 8.632087832710000005e-03
7.171171171171171466e+01 5.587059722075592560e+01 2.182051898397999873e-02
7.175175175175175468e+01 7.489078140640641834e+01 9.706271582899999792e-03
7.179179179179179471e+01 7.134320263867384426e+01 8.490913428315994757e-03
7.183183183183183473e+01 5.589392493079015622e+01 2.186343398397999627e-02
7.187187187187187476e+01 7.524075619809264026e+01 8.632087832710000005e-03
7.191191191191191479e+01 7.191191191191191479e+01 8.075595706500000512e-03
7.195195195195195481e+01 7.736240146396397677e+01 8.808236460000000434e-03
7.199199199199199484e+01 7.024799653168793157e+01 9.528563719599999690e-03
7.203203203203203486e+01 7.024551981180400162e+01 9.192154355600001825e-03
7.207207207207207489e+01 7.545023050394145514e+01 9.305628852999998576e-03
7.211211211211211491e+01 5.654863347233951743e+01 2.189548913609999994e-02
7.215215215215215494e+01 7.029197947947949388e+01 9.439699105600002013e-03
7.219219219219219497e+01 7.941152156795467931e+01 7.972726807899999796e-03
7.223223223223223499e+01 7.945545545545547839e+01 8.506739953299998977e-03
7.227227227227227502e+01 7.961242492492495160e+01 8.285792358199997598e-03
7.231231231231231504e+01 5.502481913065405195e+01 2.256370604269000019e-02
7.235235235235235507e+01 5.511214339339338153e+01 2.277782835569000172e-02
7.239239239239239510e+01 7.318064939939941382e+01 8.257246471399999968e-03
7.243243243243243512e+01 7.243232190931166770e+01 8.088922327500001203e-03
7.247247247247247515e+01 5.581229667167165331e+01 2.181945838218999484e-02
7.251251251251251517e+01 7.511843093093094126e+01 8.349686539899998233e-03
7.255255255255255520e+01 5.588813813813811748e+01 2.186343398397999627e-02
7.259259259259259522e+01 7.442335792824074758e+01 8.221708155800002554e-03
7.263263263263263525e+01 5.616261574074074048e+01 2.166547976449999940e-02
7.267267267267267528e+01 7.517068490609752018e+01 8.641502424900001159e-03
7.271271271271271530e+01 7.555277567606670175e+01 1.000533906229999874e-02
7.275275275275275533e+01 7.310821282708488411e+01 8.307136619499999597e-03
7.279279279279279535e+01 5.652826422614020885e+01 2.189548913609999994e-02
7.283283283283283538e+01 5.610393040745826454e+01 2.167453390867999860e-02
7.287287287287287540e+01 7.550608591990427954e+01 1.000560047300000019e-02
7.291291291291291543e+01 7.313720556493993286e+01 8.307277481400001523e-03
7.295295295295295546e+01 7.303844469469470368e+01 8.583067494500001490e-03
7.299299299299299548e+01 7.493153523396442495e+01 9.308517796900001376e-03
7.303303303303303551e+01 5.494237987987983729e+01 2.190585573006700523e-02
7.307307307307307553e+01 7.305880098848848547e+01 8.583067494500001490e-03
7.311311311311311556e+01 5.664838275775772303e+01 2.189625678240000178e-02
7.315315315315315559e+01 7.455424320805181537e+01 8.014615257030002424e-03
7.319319319319319561e+01 7.134906781781782570e+01 8.490913428315994757e-03
7.323323323323323564e+01 7.689489489489490381e+01 8.123890072999998338e-03
7.327327327327327566e+01 5.498715512387383342e+01 2.208983904909700077e-02
7.331331331331331569e+01 7.321296840052943367e+01 8.468807397400000131e-03
7.335335335335335571e+01 7.746504072431807231e+01 8.537638335399999612e-03
7.339339339339339574e+01 7.729286537514077793e+01 9.062474408400000500e-03
7.343343343343343577e+01 7.538580181744245579e+01 9.223977412399997355e-03
7.347347347347347579e+01 7.528334746489653639e+01 8.587025614510001778e-03
7.351351351351351582e+01 7.730405405405406327e+01 8.808557708399999964e-03
7.355355355355355584e+01 7.724582162729136314e+01 9.409190218400000777e-03
7.359359359359359587e+01 7.546195634110674177e+01 9.305628852999998576e-03
7.363363363363363590e+01 7.202289789789790575e+01 8.106017524499999072e-03
7.367367367367367592e+01 7.322760260260260168e+01 8.641541397400000907e-03
7.371371371371371595e+01 7.188526808058058748e+01 8.314074106500000949e-03
7.375375375375375597e+01 7.723999609961524015e+01 9.409190218400000777e-03
7.379379379379379600e+01 7.304432557557558425e+01 8.583067494500001490e-03
7.383383383383383602e+01 7.383372117234421239e+01 8.392276502900000018e-03
7.387387387387387605e+01 7.941452713700030586e+01 7.972726807899999796e-03
7.391391391391391608e+01 7.391391391391391608e+01 8.099365425999999896e-03
7.395395395395395610e+01 7.734832488738737766e+01 8.541958343399999945e-03
7.399399399399399613e+01 7.571377627627627760e+01 8.943974812699997945e-03
7.403403403403403615e+01 7.310488069856964444e+01 8.304397720400001626e-03
7.407407407407407618e+01 7.199062771267361427e+01 8.105558181499999612e-03
7.411411411411411621e+01 5.601984797297298257e+01 2.179942564637999541e-02
7.415415415415415623e+01 7.710873373373371464e+01 8.637252895930000104e-03
7.419419419419419626e+01 5.512396771771766879e+01 2.294960525568999835e-02
7.423423423423423628e+01 5.653110923423422207e+01 2.189548913609999994e-02
7.427427427427427631e+01 5.649632053928930731e+01 2.183222379310000016e-02
7.431431431431431633e+01 7.517067067067067399e+01 8.641502424900001159e-03
7.435435435435435636e+01 8.260292708479963153e+01 7.478303475099998786e-03
7.439439439439439639e+01 7.366788663663663783e+01 8.196488916900000407e-03
7.443443443443443641e+01 7.408540944508962411e+01 7.863030986300001760e-03
7.447447447447447644e+01 7.453470316019145514e+01 8.070571175530002334e-03
7.451451451451451646e+01 7.837122278528528341e+01 8.146476828010002294e-03
7.455455455455455649e+01 7.411043074324324209e+01 7.880474757999999733e-03
7.459459459459459651e+01 7.447621938344595094e+01 8.288555721530001946e-03
7.463463463463463654e+01 7.552360856950701873e+01 1.000540192629999908e-02
7.467467467467467657e+01 5.485755928047178287e+01 2.166727314106700261e-02
7.471471471471471659e+01 7.448499341626782666e+01 8.288555721530001946e-03
7.475475475475475662e+01 7.317789664664664429e+01 8.501878681399999832e-03
7.479479479479479664e+01 7.333007861377001291e+01 8.636086835009998061e-03
7.483483483483483667e+01 7.398709647147146029e+01 8.102814223000001995e-03
7.487487487487487670e+01 7.633544677489990704e+01 7.413484000700000520e-03
7.491491491491491672e+01 7.551487666255121667e+01 1.000560047300000019e-02
7.495495495495495675e+01 7.489662514076576372e+01 9.707846216900000574e-03
7.499499499499499677e+01 7.743007799669786095e+01 8.532342625400000935e-03
7.503503503503503680e+01 7.441584944319319561e+01 8.216311825830003787e-03
7.507507507507507682e+01 7.327151370120120077e+01 8.641898209600000838e-03
7.511511511511511685e+01 7.558790846510572692e+01 8.924687837499998763e-03
7.515515515515515688e+01 7.139739739739739832e+01 8.404259762299999895e-03
7.519519519519519690e+01 7.736880630630631117e+01 8.542238962200000840e-03
7.523523523523523693e+01 7.519115208958956487e+01 8.641502424900001159e-03
7.527527527527527695e+01 7.539473066816816527e+01 9.240335122399998685e-03
7.531531531531531698e+01 5.608931587837834343e+01 2.167453390867999860e-02
7.535535535535535701e+01 7.771021021021022079e+01 7.721940644659999915e-03
7.539539539539539703e+01 7.542093521744402551e+01 9.508030446299997607e-03
7.543543543543543706e+01 7.493449699699698385e+01 9.308138923400001083e-03
7.547547547547547708e+01 7.736236236236237573e+01 8.554558460000000197e-03
7.551551551551551711e+01 7.741826775505975888e+01 8.540683594400000009e-03
7.555555555555555713e+01 7.745920138888889994e+01 8.533476025399999720e-03
7.559559559559559716e+01 7.370570570570569657e+01 8.502639526899998662e-03
7.563563563563563719e+01 7.943207459168152695e+01 8.047504300300000607e-03
7.567567567567567721e+01 7.353251689189188767e+01 8.182485890400000017e-03
7.571571571571571724e+01 7.950138596848802308e+01 8.641862592000001259e-03
7.575575575575575726e+01 7.966179631780218529e+01 8.136262284199998612e-03
7.579579579579579729e+01 7.946715465465466366e+01 8.506739953299998977e-03
7.583583583583583732e+01 5.594362489931336313e+01 2.190313604637999373e-02
7.587587587587587734e+01 7.919590855503940929e+01 7.809891511059998369e-03
7.591591591591591737e+01 5.526144894894893866e+01 2.226419771580000206e-02
7.595595595595595739e+01 7.334473817078796287e+01 8.627589430509998922e-03
7.599599599599599742e+01 7.956596171366680892e+01 8.367641950000000856e-03
7.603603603603603744e+01 5.500731981981986252e+01 2.256259253069000173e-02
7.607607607607607747e+01 7.522925146826514720e+01 8.639972062709999623e-03
7.611611611611611750e+01 8.170589339339338153e+01 7.353839988100000294e-03
7.615615615615615752e+01 7.318060907587275210e+01 8.257246471399999968e-03
7.619619619619619755e+01 7.750593458448682327e+01 8.570599959899999690e-03
7.623623623623623757e+01 7.724874874874875275e+01 9.409190218400000777e-03
7.627627627627627760e+01 7.818312498900267826e+01 7.927212594089998871e-03
7.631631631631631763e+01 5.584729651526521366e+01 2.182024657247999891e-02
7.635635635635635765e+01 5.583570209613910151e+01 2.182024657247999891e-02
7.639639639639639768e+01 8.009673027519707489e+01 6.864163915600000714e-03
7.643643643643643770e+01 8.181087337337339704e+01 8.468002506180002942e-03
7.647647647647647773e+01 7.731340471330705100e+01 8.875553808400001021e-03
7.651651651651651775e+01 7.306430649399398192e+01 8.410333494500000714e-03
7.655655655655655778e+01 5.642868649899897804e+01 2.183135050340999708e-02
7.659659659659659781e+01 7.952495311473583683e+01 8.358066362000001956e-03
7.663663663663663783e+01 5.651940258129222627e+01 2.189507679309999830e-02
7.667667667667667786e+01 7.306748154404402840e+01 8.583067494500001490e-03
7.671671671671671788e+01 7.383960571900024661e+01 8.392276502900000018e-03
7.675675675675675791e+01 5.587352195945941702e+01 2.182051898397999873e-02
7.679679679679679793e+01 7.391668255169233248e+01 8.119386355999999583e-03
7.683683683683683796e+01 5.510647754077325544e+01 2.294960525568999835e-02
7.687687687687687799e+01 7.495501360735735830e+01 9.334342603400000785e-03
7.691691691691691801e+01 7.739788237944978277e+01 8.542072080500000275e-03
7.695695695695695804e+01 7.683671171171171466e+01 8.427906865999998040e-03
7.699699699699699806e+01 7.713222579268722257e+01 8.633615675630000597e-03
7.703703703703703809e+01 7.818055555555554292e+01 7.509694404080000281e-03
7.707707707707707812e+01 7.563211710245400354e+01 8.942723871999999630e-03
7.711711711711711814e+01 7.808108108108108070e+01 8.577230308725999550e-03
7.715715715715715817e+01 7.727818614512949580e+01 9.062474408400000500e-03
7.719719719719719819e+01 7.526703168011762557e+01 8.632087832710000005e-03
7.723723723723723822e+01 7.723700152789507456e+01 9.409190218400000777e-03
7.727727727727727824e+01 7.510361802231921047e+01 8.351770844899998603e-03
7.731731731731731827e+01 5.520939689689690510e+01 2.277532973479999903e-02
7.735735735735735830e+01 7.759933517501877986e+01 8.069179360100001142e-03
7.739739739739739832e+01 7.544734578328328212e+01 9.237701912999997725e-03
7.743743743743743835e+01 7.308205422219094771e+01 8.583067494500001490e-03
7.747747747747747837e+01 7.449641047297296836e+01 8.177512721530002041e-03
7.751751751751751840e+01 7.945545545545544996e+01 8.506739953299998977e-03
7.755755755755755843e+01 7.383080425396099145e+01 8.389421772900000282e-03
7.759759759759759845e+01 7.541516516516517754e+01 9.508030446299997607e-03
7.763763763763763848e+01 7.450256310998500453e+01 8.288555721530001946e-03
7.767767767767767850e+01 7.385471653293920724e+01 8.373233529799999769e-03
7.771771771771771853e+01 8.555020645645646482e+01 8.015427058379999067e-03
7.775775775775775855e+01 7.385468280780780503e+01 8.373233529799999769e-03
7.779779779779779858e+01 7.390790790790791220e+01 8.116531625999999847e-03
7.783783783783783861e+01 7.951013513513512976e+01 8.641862592000001259e-03
7.787787787787787863e+01 7.374073444782672482e+01 8.598741903899998276e-03
7.791791791791791866e+01 8.181381381381382312e+01 8.468002506180002942e-03
7.795795795795795868e+01 7.698348348348349646e+01 8.532656315799998573e-03
7.799799799799799871e+01 8.177578799502627760e+01 8.260894616180002384e-03
7.803803803803803874e+01 7.718449699699699806e+01 8.607587870400000216e-03
7.807807807807807876e+01 7.807813764692426162e+01 8.577230308725999550e-03
7.811811811811811879e+01 8.251226226226228277e+01 7.740159899899999932e-03
7.815815815815815881e+01 7.719620792667669207e+01 8.607587870400000216e-03
7.819819819819819884e+01 7.746509009009008651e+01 8.537638335399999612e-03
7.823823823823823886e+01 7.726049902441502581e+01 9.408777408400001430e-03
7.827827827827827889e+01 7.950137637637635635e+01 8.641862592000001259e-03
7.831831831831831892e+01 7.727803364888328019e+01 9.141986408400000833e-03
7.835835835835835894e+01 8.252114614614613686e+01 7.740159899899999932e-03
7.839839839839839897e+01 8.182832832832832537e+01 8.468167409180002783e-03
7.843843843843843899e+01 8.236036036036036023e+01 7.884673156799998361e-03
7.847847847847847902e+01 7.529029029029028663e+01 8.648445542709999601e-03
7.851851851851851904e+01 5.522366898148143832e+01 2.277535045680000036e-02
7.855855855855855907e+01 7.413963963963963977e+01 7.880474757999999733e-03
7.859859859859859910e+01 7.720211104659348678e+01 8.607587870400000216e-03
7.863863863863863912e+01 8.257058556970056884e+01 7.740411880899999639e-03
7.867867867867867915e+01 7.376126126126125371e+01 8.598741903899998276e-03
7.871871871871871917e+01 7.336836586342201372e+01 8.403393997309998795e-03
7.875875875875875920e+01 8.257363613613614461e+01 7.478086185799999626e-03
7.879879879879879923e+01 7.301177153716216139e+01 8.407491104500000242e-03
7.883883883883883925e+01 8.204166666666668561e+01 7.300587928499999851e-03
7.887887887887887928e+01 7.394894894894895288e+01 8.102220155999999632e-03
7.891891891891891930e+01 7.306165540540540349e+01 8.583067494500001490e-03
7.895895895895895933e+01 7.760233377909159458e+01 8.069179360100001142e-03
7.899899899899899935e+01 7.369125375375375597e+01 8.195973426900000219e-03
7.903903903903903938e+01 7.311111111111111427e+01 8.307136619499999597e-03
7.907907907907907941e+01 7.907907907907907941e+01 8.113660494160001083e-03
7.911911911911911943e+01 8.554730609515765138e+01 8.015427058379999067e-03
7.915915915915915946e+01 5.615377010311088668e+01 2.166547976449999940e-02
7.919919919919919948e+01 7.728109359359359587e+01 9.062474408400000500e-03
7.923923923923923951e+01 7.948686186186186831e+01 8.358384402000000948e-03
7.927927927927927954e+01 8.472972972972971206e+01 6.947482376000000716e-03
7.931931931931931956e+01 7.386635817946854843e+01 8.376503164199999504e-03
7.935935935935935959e+01 7.929723876708739283e+01 7.735158404660000611e-03
7.939939939939939961e+01 7.747668750293263429e+01 8.570599959899999690e-03
7.943943943943943964e+01 7.720475064908659135e+01 9.409190218400000777e-03
7.947947947947947966e+01 7.556735629672641608e+01 1.000189596729999901e-02
7.951951951951951969e+01 7.526398273273272821e+01 8.632087832710000005e-03
7.955955955955955972e+01 7.458708708708707036e+01 8.169425067930002893e-03
7.959959959959959974e+01 8.208708708708709878e+01 7.074943585699999989e-03
7.963963963963963977e+01 7.565838678033500742e+01 8.942421192599999194e-03
7.967967967967967979e+01 7.382820320320320207e+01 8.234449672900000933e-03
7.971971971971971982e+01 5.658669582668606779e+01 2.189755003540000411e-02
7.975975975975975985e+01 7.602102102102101355e+01 7.901259367900001149e-03
7.979979979979979987e+01 7.331582253640357294e+01 8.406072594209999457e-03
7.983983983983983990e+01 5.512379567067065977e+01 2.276829525569000132e-02
7.987987987987987992e+01 7.538596625800605011e+01 9.240335122399998685e-03
7.991991991991991995e+01 5.519457274657469270e+01 2.277532973479999903e-02
7.995995995995995997e+01 7.733602975534127211e+01 8.808403341700000999e-03
8.000000000000000000e+01 5.525012207031250000e+01 2.277499614680000145e-02
