2.000000000000000000e+01 2.106250000000000000e+01 7.643957445600001177e-02
2.004004004004004003e+01 2.104399907720220142e+01 7.580317610775999526e-02
2.008008008008008005e+01 2.008008008008008005e+01 7.538122197475999320e-02
2.012012012012012008e+01 2.008868243243243157e+01 7.525073164676000792e-02
2.016016016016016010e+01 2.104413593280780503e+01 7.580317610775999526e-02
2.020020020020020013e+01 2.218865740740740833e+01 7.695241642700000051e-02
2.024024024024024015e+01 2.327627627627627760e+01 7.702404440470000946e-02
2.028028028028028018e+01 1.923457832832832537e+01 7.508490939275999643e-02
2.032032032032032021e+01 2.133435193005505681e+01 7.643957445600001177e-02
2.036036036036036023e+01 2.036234867680180116e+01 7.525073164676000792e-02
2.040040040040040026e+01 2.358895907626376953e+01 7.724455552870000685e-02
2.044044044044044028e+01 2.070393049299299193e+01 7.524165361776000149e-02
2.048048048048048031e+01 2.406456456456456650e+01 7.767043503869999754e-02
2.052052052052052034e+01 2.032814064064063686e+01 7.525073164676000792e-02
2.056056056056056036e+01 2.004654654654654422e+01 7.538122197475999320e-02
2.060060060060060039e+01 2.060160648930180116e+01 7.525073164676000792e-02
2.064064064064064041e+01 2.218868868868868560e+01 7.695241642700000051e-02
2.068068068068068044e+01 2.245792667667667075e+01 7.700994224069999949e-02
2.072072072072072046e+01 2.201576576576576727e+01 7.643949852700000769e-02
2.076076076076076049e+01 2.153928928928928954e+01 7.643957445600001177e-02
2.080080080080080052e+01 2.080080080080080052e+01 7.519984413675999402e-02
2.084084084084084054e+01 2.181164954016516333e+01 7.643808617700000030e-02
2.088088088088088057e+01 2.296896896896897289e+01 7.700924549470000713e-02
2.092092092092092059e+01 2.392830330330330924e+01 7.766727552870000828e-02
2.096096096096096062e+01 2.148498498498498321e+01 7.580317610775999526e-02
2.100100100100100065e+01 2.208386511511511330e+01 7.643949852700000769e-02
2.104104104104104067e+01 2.525130403841341575e+01 7.813083266500001067e-02
2.108108108108108070e+01 2.351858108108108780e+01 7.724371175070000872e-02
2.112112112112112072e+01 2.620339089089088702e+01 7.722489742700000548e-02
2.116116116116116075e+01 2.446810922250376308e+01 7.782698959769999980e-02
2.120120120120120077e+01 2.252627627627627049e+01 7.700994224069999949e-02
2.124124124124124080e+01 2.157313563563563719e+01 7.643957445600001177e-02
2.128128128128128083e+01 2.187981731731731827e+01 7.643949852700000769e-02
2.132132132132132085e+01 2.371996996996997709e+01 7.728108175070000363e-02
2.136136136136136088e+01 2.269644644644644416e+01 7.700994224069999949e-02
2.140140140140140090e+01 2.046509009009008651e+01 7.525073164676000792e-02
2.144144144144144093e+01 2.089702984234234151e+01 7.519984413675999402e-02
2.148148148148148096e+01 2.215487557870370594e+01 7.695241642700000051e-02
2.152152152152152098e+01 2.286661661661661782e+01 7.700924549470000713e-02
2.156156156156156101e+01 2.372087614958708457e+01 7.729992175070000970e-02
2.160160160160160103e+01 2.511608092467467657e+01 7.813083266500001067e-02
2.164164164164164106e+01 2.164164164164164106e+01 7.643950807000000902e-02
2.168168168168168108e+01 2.263025525525525339e+01 7.700994224069999949e-02
2.172172172172172111e+01 2.199324324324324209e+01 7.580358338699999532e-02
2.176176176176176114e+01 2.396131483045546062e+01 7.766727552870000828e-02
2.180180180180180116e+01 2.616642032657658490e+01 7.751131832700000612e-02
2.184184184184184119e+01 2.498107335851477018e+01 7.813066141770000361e-02
2.188188188188188121e+01 2.133483483483483312e+01 7.643957445600001177e-02
2.192192192192192124e+01 2.218497428092155133e+01 7.643949852700000769e-02
2.196196196196196126e+01 2.182469969969969981e+01 7.580317610775999526e-02
2.200200200200200129e+01 2.372520567442442285e+01 7.766727552870000828e-02
2.204204204204204132e+01 2.273085585585585733e+01 7.700994224069999949e-02
2.208208208208208134e+01 2.228910160160160814e+01 7.700862642700000149e-02
2.212212212212212137e+01 2.188016141141140736e+01 7.643949852700000769e-02
2.216216216216216139e+01 2.396283783783783505e+01 7.766727552870000828e-02
2.220220220220220142e+01 2.345107607607607747e+01 7.724371175070000872e-02
2.224224224224224145e+01 2.453597347347346869e+01 7.782698959769999980e-02
2.228228228228228147e+01 2.005405405405404906e+01 7.525073164676000792e-02
2.232232232232232150e+01 2.245965692254754842e+01 7.700883222069999923e-02
2.236236236236236152e+01 2.372506881881881569e+01 7.766727552870000828e-02
2.240240240240240155e+01 2.569275525525525339e+01 7.812947257800001433e-02
2.244244244244244157e+01 2.426616484648711136e+01 7.772590527769999980e-02
2.248248248248248160e+01 2.606562812812813945e+01 7.751131832700000612e-02
2.252252252252252163e+01 2.480556728603603744e+01 7.782716084500000686e-02
2.256256256256256165e+01 2.368628394019018657e+01 7.728108175070000363e-02
2.260260260260260168e+01 2.143715590590590381e+01 7.643957445600001177e-02
2.264264264264264170e+01 2.320870870870870561e+01 7.702404440470000946e-02
2.268268268268268173e+01 2.484559498463307747e+01 7.802817941770000265e-02
2.272272272272272176e+01 2.378895985829579729e+01 7.729992175070000970e-02
2.276276276276276178e+01 2.208699324324324209e+01 7.695241642700000051e-02
2.280280280280280181e+01 2.269591466466466301e+01 7.700994224069999949e-02
2.284284284284284183e+01 2.348529779779779858e+01 7.724371175070000872e-02
2.288288288288288186e+01 2.409853603603603744e+01 7.767043503869999754e-02
2.292292292292292188e+01 2.528684934934935313e+01 7.813083266500001067e-02
2.296296296296296191e+01 2.199309172453703098e+01 7.580358338699999532e-02
2.300300300300300194e+01 2.300300300300300194e+01 7.700924549470000713e-02
2.304304304304304196e+01 2.484328078078077340e+01 7.782708831770000779e-02
2.308308308308308199e+01 2.467004504504504681e+01 7.782698959769999980e-02
2.312312312312312201e+01 2.409862987987987992e+01 7.767043503869999754e-02
2.316316316316316204e+01 2.674621496496496320e+01 7.722522280700000463e-02
2.320320320320320207e+01 2.552465649242992640e+01 7.812995232500001552e-02
2.324324324324324209e+01 2.379254645270270174e+01 7.766727552870000828e-02
2.328328328328328212e+01 2.262844094094094061e+01 7.700994224069999949e-02
2.332332332332332214e+01 2.157293523992742479e+01 7.643957445600001177e-02
2.336336336336336217e+01 2.511675640484234151e+01 7.813083266500001067e-02
2.340340340340340219e+01 2.453586301144895288e+01 7.782698959769999980e-02
2.344344344344344222e+01 2.402952952952952614e+01 7.766727552870000828e-02
2.348348348348348225e+01 2.345137715840840542e+01 7.724371175070000872e-02
2.352352352352352227e+01 2.293543543543543350e+01 7.700924549470000713e-02
2.356356356356356230e+01 2.474174174174174112e+01 7.782698959769999980e-02
2.360360360360360232e+01 2.596396396396396256e+01 7.751131832700000612e-02
2.364364364364364235e+01 2.242451826826826533e+01 7.700883222069999923e-02
2.368368368368368237e+01 2.372531515890890930e+01 7.766727552870000828e-02
2.372372372372372240e+01 2.494726782446508651e+01 7.813066141770000361e-02
2.376376376376376243e+01 2.528612987987987282e+01 7.813083266500001067e-02
2.380380380380380245e+01 2.856398341701075339e+01 7.692080631110001510e-02
2.384384384384384248e+01 2.592785167980480310e+01 7.751167257800001265e-02
2.388388388388388250e+01 2.511656285191441640e+01 7.813083266500001067e-02
2.392392392392392253e+01 2.396130505505505326e+01 7.766727552870000828e-02
2.396396396396396256e+01 2.276342553490990639e+01 7.700994224069999949e-02
2.400400400400400258e+01 2.314136011011011007e+01 7.702404440470000946e-02
2.404404404404404261e+01 2.494569569569569722e+01 7.791334141770001054e-02
2.408408408408408263e+01 2.559169130067567366e+01 7.812947257800001433e-02
2.412412412412412266e+01 2.386026651651651775e+01 7.766727552870000828e-02
2.416416416416416268e+01 2.416652394582082053e+01 7.767043503869999754e-02
2.420420420420420271e+01 2.515086277683933602e+01 7.813083266500001067e-02
2.424424424424424274e+01 2.545408885447947966e+01 7.813035291800000948e-02
2.428428428428428276e+01 2.671271271271271530e+01 7.722522280700000463e-02
2.432432432432432279e+01 2.345016891891891930e+01 7.724371175070000872e-02
2.436436436436436281e+01 2.440243368368368237e+01 7.772590527769999980e-02
2.440440440440440284e+01 2.531956956956956617e+01 7.813083266500001067e-02
2.444444444444444287e+01 2.498155381944444287e+01 7.813066141770000361e-02
2.448448448448448289e+01 2.876926926926926953e+01 7.691954227000001587e-02
2.452452452452452292e+01 2.613274895989739477e+01 7.751131832700000612e-02
2.456456456456456294e+01 2.579519167605104712e+01 7.812911832700000780e-02
2.460460460460460297e+01 2.491336355887137088e+01 7.802817941770000265e-02
2.464464464464464299e+01 2.433417988300800516e+01 7.772590527769999980e-02
2.468468468468468302e+01 2.715315315315315559e+01 7.722934087700000783e-02
2.472472472472472305e+01 2.627122728196947321e+01 7.722489742700000548e-02
2.476476476476476307e+01 2.569344344344344222e+01 7.812947257800001433e-02
2.480480480480480310e+01 2.511607603697446933e+01 7.813083266500001067e-02
2.484484484484484312e+01 2.480602477477477308e+01 7.782716084500000686e-02
2.488488488488488315e+01 2.453494119119119077e+01 7.782698959769999980e-02
2.492492492492492318e+01 2.613222597597597741e+01 7.751131832700000612e-02
2.496496496496496320e+01 2.403121676363863912e+01 7.767043503869999754e-02
2.500500500500500323e+01 2.375963854479479664e+01 7.766727552870000828e-02
2.504504504504504325e+01 2.504871375281531343e+01 7.813066141770000361e-02
2.508508508508508328e+01 2.633933933933933957e+01 7.722489742700000548e-02
2.512512512512512330e+01 2.732357357357357941e+01 7.722916273210000959e-02
2.516516516516516333e+01 2.705132378472222143e+01 7.722934087700000783e-02
2.520520520520520336e+01 2.678053053053053389e+01 7.722522280700000463e-02
2.524524524524524338e+01 2.650750750750750839e+01 7.722579929600000004e-02
2.528528528528528341e+01 2.528528528528528341e+01 7.813083266500001067e-02
2.532532532532532343e+01 2.409862987987987992e+01 7.767043503869999754e-02
2.536536536536536346e+01 2.599702241303803874e+01 7.751131832700000612e-02
2.540540540540540349e+01 2.778716216216216139e+01 7.691596451700001558e-02
2.544544544544544351e+01 2.481179421609109070e+01 7.797196941770000167e-02
2.548548548548548354e+01 2.480603846033533699e+01 7.782716084500000686e-02
2.552552552552552356e+01 2.552427916197447288e+01 7.812995232500001552e-02
2.556556556556556359e+01 2.620345638607357230e+01 7.722489742700000548e-02
2.560560560560560361e+01 3.120433128440940251e+01 7.731658210932999820e-02
2.564564564564564364e+01 2.440218245589338864e+01 7.772590527769999980e-02
2.568568568568568367e+01 2.504856027902902937e+01 7.813066141770000361e-02
2.572572572572572369e+01 2.508226854784471627e+01 7.813083266500001067e-02
2.576576576576576372e+01 2.572676485078828534e+01 7.812947257800001433e-02
2.580580580580580374e+01 2.753963338338337863e+01 7.557688268200001003e-02
2.584584584584584377e+01 2.842916842623874274e+01 7.691686638600001014e-02
2.588588588588588379e+01 2.572662701764264170e+01 7.812947257800001433e-02
2.592592592592592382e+01 2.722158926504629761e+01 7.722934087700000783e-02
2.596596596596596385e+01 2.531935255568068044e+01 7.813083266500001067e-02
2.600600600600600387e+01 2.795645645645645061e+01 7.691686638600001014e-02
2.604604604604604390e+01 2.831998795670670788e+01 7.639496301110000609e-02
2.608608608608608392e+01 2.739134569139451969e+01 7.723086111910000551e-02
2.612612612612612395e+01 2.677927927927927954e+01 7.722522280700000463e-02
2.616616616616616398e+01 2.616616616616616398e+01 7.751131832700000612e-02
2.620620620620620400e+01 2.620044800660034667e+01 7.751131832700000612e-02
2.624624624624624403e+01 2.887023009337463009e+01 7.691954227000001587e-02
2.628628628628628405e+01 2.940778278278278535e+01 7.679047465500001002e-02
2.632632632632632408e+01 2.698287765304366559e+01 7.722934087700000783e-02
2.636636636636636410e+01 2.801426426426426275e+01 7.639342260710001165e-02
2.640640640640640413e+01 2.640640640640640413e+01 7.722579929600000004e-02
2.644644644644644771e+01 2.545470470470470659e+01 7.813035291800000948e-02
2.648648648648648773e+01 3.180447635135136863e+01 7.756955865573000874e-02
2.652652652652652776e+01 2.818443443443443641e+01 7.639342260710001165e-02
2.656656656656656779e+01 2.623707887575074693e+01 7.722489742700000548e-02
2.660660660660660781e+01 2.644031531531531698e+01 7.722579929600000004e-02
2.664664664664664784e+01 2.681318818818819238e+01 7.722522280700000463e-02
2.668668668668668786e+01 2.785422922922923306e+01 7.691686638600001014e-02
2.672672672672672789e+01 3.011911569772897934e+01 7.756590800032998889e-02
2.676676676676676792e+01 2.392802568193193480e+01 7.766727552870000828e-02
2.680680680680680794e+01 2.630287025306557069e+01 7.721262019600000359e-02
2.684684684684684797e+01 2.684684684684684797e+01 7.722522280700000463e-02
2.688688688688688799e+01 3.056282845345345578e+01 7.754189994032999189e-02
2.692692692692692802e+01 3.079767267267267528e+01 7.731666488032999662e-02
2.696696696696696804e+01 2.494707793731231504e+01 7.813066141770000361e-02
2.700700700700700807e+01 3.375875875875875920e+01 7.782693639029997223e-02
2.704704704704704810e+01 2.535396529341841543e+01 7.813083266500001067e-02
2.708708708708708812e+01 2.606470826295044674e+01 7.751131832700000612e-02
2.712712712712712815e+01 3.255255255255256230e+01 7.749560986973000332e-02
2.716716716716716817e+01 2.707696368243243512e+01 7.580759012109999917e-02
2.720720720720720820e+01 2.822747747747747837e+01 7.691686638600001014e-02
2.724724724724724823e+01 3.052476646568444707e+01 7.734067294032999362e-02
2.728728728728728825e+01 2.661043465340339864e+01 7.722522280700000463e-02
2.732732732732732828e+01 2.869369369369369593e+01 7.639578631110001405e-02
2.736736736736736830e+01 2.873573573573573725e+01 7.691954227000001587e-02
2.740740740740740833e+01 2.552448640046296902e+01 7.812995232500001552e-02
2.744744744744744835e+01 2.538754868149399613e+01 7.813083266500001067e-02
2.748748748748748838e+01 2.903365865865865914e+01 7.679173869610000924e-02
2.752752752752752841e+01 2.890524802145896288e+01 7.691910457000002144e-02
2.756756756756756843e+01 3.170270270270270174e+01 7.756955865573000874e-02
2.760760760760760846e+01 2.450175175175175468e+01 7.782698959769999980e-02
2.764764764764764848e+01 2.470468515390390252e+01 7.782698959769999980e-02
2.768768768768768851e+01 3.460994759407846288e+01 7.834111119599997120e-02
2.772772772772772854e+01 2.876751751751751840e+01 7.691954227000001587e-02
2.776776776776776856e+01 2.603092643424674435e+01 7.751131832700000612e-02
2.780780780780780859e+01 3.406456456456456294e+01 7.775067588230000215e-02
2.784784784784784861e+01 2.906687107028904293e+01 7.679173869610000924e-02
2.788788788788788864e+01 2.784431306306306197e+01 7.638948268200000669e-02
2.792792792792792866e+01 2.565878378378378244e+01 7.812947257800001433e-02
2.796796796796796869e+01 3.076749601163663783e+01 7.754333488032999488e-02
2.800800800800800872e+01 2.940704082989239510e+01 7.679047465500001002e-02
2.804804804804804874e+01 2.664290657845345223e+01 7.722522280700000463e-02
2.808808808808808877e+01 2.809083106544044028e+01 7.691686638600001014e-02
2.812812812812812879e+01 2.971033533533533699e+01 7.662527125142999662e-02
2.816816816816816882e+01 2.957382577890390252e+01 7.662527125142999662e-02
2.820820820820820884e+01 3.032520117774024371e+01 7.754189994032999189e-02
2.824824824824824887e+01 3.089928013951452002e+01 7.731666488032999662e-02
2.828828828828828890e+01 3.076351351351351582e+01 7.731666488032999662e-02
2.832832832832832892e+01 2.832832832832832892e+01 7.691686638600001014e-02
2.836836836836836895e+01 2.694994994994994997e+01 7.722522280700000463e-02
2.840840840840840897e+01 2.947511085304054035e+01 7.679047465500001002e-02
2.844844844844844900e+01 3.555778239176677857e+01 7.811931209149999833e-02
2.848848848848848903e+01 2.866654154154154099e+01 7.691954227000001587e-02
2.852852852852852905e+01 2.923616976351351227e+01 7.679047465500001002e-02
2.856856856856856908e+01 2.981565354416916591e+01 7.756580628242999709e-02
2.860860860860860910e+01 3.093305805805805875e+01 7.731666488032999662e-02
2.864864864864864913e+01 3.151351351351351937e+01 7.732494356532999824e-02
2.868868868868868915e+01 3.137825325325325565e+01 7.732494356532999824e-02
2.872872872872872918e+01 2.944133586711711814e+01 7.679047465500001002e-02
2.876876876876876921e+01 2.876876876876876921e+01 7.691954227000001587e-02
2.880880880880880923e+01 3.132957957957957973e+01 7.757119757783001446e-02
2.884884884884884926e+01 3.029129129129129439e+01 7.754189994032999189e-02
2.888888888888888928e+01 2.599717881944444287e+01 7.751131832700000612e-02
2.892892892892892931e+01 3.109577350788288896e+01 7.729925098140001671e-02
2.896896896896896934e+01 3.476276276276275468e+01 7.673942825079999031e-02
2.900900900900900936e+01 3.100621128941441640e+01 7.755169633632999493e-02
2.904904904904904939e+01 2.940648851976976985e+01 7.679047465500001002e-02
2.908908908908908941e+01 3.217980480480480310e+01 7.749560986973000332e-02
2.912912912912912944e+01 3.204204204204204132e+01 7.749440159573001141e-02
2.916916916916916946e+01 3.062620335178929309e+01 7.734067294032999362e-02
2.920920920920920949e+01 2.957432432432432279e+01 7.662527125142999662e-02
2.924924924924924952e+01 3.139724099099099774e+01 7.757119757783001446e-02
2.928928928928928954e+01 3.066508500688188121e+01 7.754333488032999488e-02
2.932932932932932957e+01 3.080152418043043383e+01 7.754333488032999488e-02
2.936936936936936959e+01 2.927185388513513686e+01 7.679047465500001002e-02
2.940940940940940962e+01 3.143130630630630762e+01 7.757119757783001446e-02
2.944944944944944965e+01 3.110022913538539058e+01 7.731658210932999820e-02
2.948948948948948967e+01 3.123754809496996643e+01 7.731658210932999820e-02
2.952952952952952970e+01 3.100600600600600742e+01 7.755169633632999493e-02
2.956956956956956972e+01 2.809109109109109070e+01 7.691686638600001014e-02
2.960960960960960975e+01 2.960960960960960975e+01 7.662527125142999662e-02
2.964964964964964977e+01 3.187264950497372951e+01 7.756955865573000874e-02
2.968968968968968980e+01 3.117417417417417624e+01 7.732502633632999667e-02
2.972972972972972983e+01 3.042652027027027373e+01 7.754189994032999189e-02
2.976976976976976985e+01 3.423596203625501744e+01 7.775096985999999100e-02
2.980980980980980988e+01 3.093349990615615752e+01 7.731666488032999662e-02
2.984984984984984990e+01 2.984984984984984990e+01 7.756580628242999709e-02
2.988988988988988993e+01 2.876901901901901581e+01 7.691954227000001587e-02
2.992992992992992995e+01 3.231497122122122789e+01 7.749560986973000332e-02
2.996996996996996998e+01 3.069873193506005649e+01 7.754333488032999488e-02
3.001001001001001001e+01 3.183874499499499677e+01 7.756955865573000874e-02
3.005005005005005003e+01 3.080130130130130084e+01 7.754333488032999488e-02
3.009009009009009006e+01 3.180469629786035313e+01 7.756955865573000874e-02
3.013013013013013008e+01 3.154836477102102421e+01 7.732547133442997656e-02
3.017017017017017011e+01 3.083603525400400258e+01 7.754333488032999488e-02
3.021021021021021014e+01 2.869969969969969981e+01 7.691954227000001587e-02
3.025025025025025016e+01 3.197398277183433635e+01 7.756955865573000874e-02
3.029029029029029019e+01 3.180480480480480665e+01 7.756955865573000874e-02
3.033033033033033021e+01 3.487691793355856618e+01 7.752534019149998068e-02
3.037037037037037024e+01 3.265407986111111427e+01 7.733089709872999207e-02
3.041041041041041026e+01 3.214549657078953260e+01 7.749560986973000332e-02
3.045045045045045029e+01 3.083108108108108070e+01 7.731666488032999662e-02
3.049049049049049032e+01 3.430329059528279600e+01 7.775096985999999100e-02
3.053053053053053034e+01 2.910239340903403260e+01 7.679047465500001002e-02
3.057057057057057037e+01 3.190654032939189477e+01 7.756955865573000874e-02
3.061061061061061039e+01 3.156719219219219497e+01 7.756955865573000874e-02
3.065065065065065042e+01 2.988438438438438283e+01 7.756580628242999709e-02
3.069069069069069045e+01 3.375975975975975985e+01 7.782693639029997223e-02
3.073073073073073047e+01 3.149899899899899935e+01 7.757129929573000626e-02
3.077077077077077050e+01 3.221315065065065397e+01 7.749560986973000332e-02
3.081081081081081052e+01 3.504955394847974048e+01 7.806640019149996279e-02
3.085085085085085055e+01 3.258639950986142253e+01 7.749560986973000332e-02
3.089089089089089057e+01 3.127702702702702453e+01 7.732502633632999667e-02
3.093093093093093060e+01 3.093395152965465300e+01 7.731666488032999662e-02
3.097097097097097063e+01 3.039328977414915300e+01 7.754189994032999189e-02
3.101101101101101065e+01 3.566266266266266172e+01 7.811743689149999725e-02
3.105105105105105068e+01 3.309180860548048031e+01 7.684411649630000507e-02
3.109109109109109070e+01 3.109109109109109070e+01 7.760969757783001133e-02
3.113113113113113073e+01 3.268768768768769206e+01 7.733089709872999207e-02
3.117117117117117076e+01 3.039189189189189122e+01 7.754189994032999189e-02
3.121121121121121078e+01 3.238163163163163460e+01 7.749560986973000332e-02
3.125125125125125081e+01 3.358899133508509749e+01 7.782693639029997223e-02
3.129129129129129083e+01 3.168243243243242091e+01 7.732547133442997656e-02
3.133133133133133086e+01 3.113551051051050678e+01 7.731658210932999820e-02
3.137137137137137088e+01 3.372422422422422983e+01 7.782693639029997223e-02
3.141141141141141091e+01 3.063072740709458941e+01 7.754333488032999488e-02
3.145145145145145094e+01 3.307355084576764170e+01 7.815836875629997293e-02
3.149149149149149096e+01 3.464410039922734796e+01 7.834111119599997120e-02
3.153153153153153099e+01 3.112507038288288186e+01 7.760969757783001133e-02
3.157157157157157101e+01 3.275550550550550355e+01 7.733127306172998816e-02
3.161161161161161104e+01 3.161161161161161104e+01 7.732504699990000452e-02
3.165165165165165106e+01 3.491418273742493028e+01 7.806640019149996279e-02
3.169169169169169109e+01 3.654448198198198838e+01 7.742039091599998979e-02
3.173173173173173112e+01 3.356622247247247515e+01 7.683033942100001012e-02
3.177177177177177114e+01 3.177177177177177114e+01 7.756955865573000874e-02
3.181181181181181117e+01 3.409828578578579084e+01 7.775067588230000215e-02
3.185185185185185119e+01 3.183940972222222143e+01 7.756955865573000874e-02
3.189189189189189122e+01 3.488097814611487024e+01 7.806681119599996610e-02
3.193193193193193125e+01 3.392767767767767850e+01 7.782689191929997863e-02
3.197197197197197127e+01 3.139747560060060039e+01 7.757119757783001446e-02
3.201201201201200774e+01 2.960798493806305842e+01 7.662527125142999662e-02
3.205205205205204777e+01 3.265302802802801807e+01 7.733089709872999207e-02
3.209209209209208780e+01 3.399756006006005293e+01 7.775072035329999576e-02
3.213213213213212782e+01 3.742891328828829955e+01 7.704235909999999909e-02
3.217217217217216785e+01 3.056356356356355519e+01 7.754189994032999189e-02
3.221221221221220787e+01 3.221221221221220787e+01 7.749560986973000332e-02
3.225225225225224790e+01 3.365698902027027373e+01 7.782693639029997223e-02
3.229229229229228793e+01 3.207627451670419561e+01 7.749440159573001141e-02
3.233233233233232795e+01 3.637387387387386894e+01 7.741995453699999918e-02
3.237237237237236798e+01 3.072846283783783150e+01 7.731666488032999662e-02
3.241241241241240800e+01 3.080128761574073692e+01 7.754333488032999488e-02
3.245245245245244803e+01 3.022134634634634409e+01 7.756590800032998889e-02
3.249249249249248805e+01 3.457086969782281471e+01 7.747646019599997713e-02
3.253253253253252808e+01 3.288518010197697095e+01 7.684374053330000898e-02
3.257257257257256811e+01 3.542267267267267528e+01 7.811931209149999833e-02
3.261261261261260813e+01 3.134525113492397708e+01 7.732502633632999667e-02
3.265265265265264816e+01 3.205635909346845835e+01 7.733130526900000579e-02
3.269269269269268818e+01 3.375903638013012653e+01 7.782693639029997223e-02
3.273273273273272821e+01 3.518768768768768496e+01 7.805574209149998555e-02
3.277277277277276823e+01 3.389453613770020013e+01 7.782693639029997223e-02
3.281281281281280826e+01 3.322297297297296836e+01 7.730331848030001785e-02
3.285285285285285539e+01 3.265413961324605907e+01 7.733097986972999049e-02
3.289289289289289542e+01 3.494869869869869916e+01 7.806640019149996279e-02
3.293293293293293544e+01 3.416791791791792576e+01 7.775067588230000215e-02
3.297297297297297547e+01 3.668243243243244933e+01 7.742041498499997731e-02
3.301301301301301550e+01 3.460563297672673144e+01 7.747646019599997713e-02
3.305305305305305552e+01 2.974774774774775210e+01 7.756580628242999709e-02
3.309309309309309555e+01 3.443891388947540833e+01 7.775096985999999100e-02
3.313313313313313557e+01 3.168355855855855907e+01 7.732547133442997656e-02
3.317317317317317560e+01 3.555749499499499677e+01 7.811931209149999833e-02
3.321321321321321562e+01 3.238288288288288186e+01 7.749560986973000332e-02
3.325325325325325565e+01 3.491429222190941317e+01 7.806640019149996279e-02
3.329329329329329568e+01 3.246096096096096772e+01 7.727567004629998237e-02
3.333333333333333570e+01 3.416666666666667140e+01 7.775067588230000215e-02
3.337337337337337573e+01 3.221312718968968625e+01 7.749560986973000332e-02
3.341341341341341575e+01 3.508326832692067399e+01 7.806640019149996279e-02
3.345345345345345578e+01 3.345386182080518012e+01 7.783083048029998396e-02
3.349349349349349581e+01 3.180491771067942608e+01 7.756955865573000874e-02
3.353353353353353583e+01 3.688524950731982699e+01 7.742056131949998088e-02
3.357357357357357586e+01 3.525225225225225500e+01 7.811931209149999833e-02
3.361361361361361588e+01 3.314092217217216785e+01 7.687692875629997813e-02
3.365365365365365591e+01 3.039345595595595384e+01 7.754189994032999189e-02
3.369369369369369593e+01 3.032432432432433700e+01 7.754189994032999189e-02
3.373373373373373596e+01 3.447412989161036734e+01 7.834132085999997996e-02
3.377377377377377599e+01 3.335160160160160103e+01 7.782962220629999206e-02
3.381381381381381601e+01 3.518750000000000000e+01 7.805574209149998555e-02
3.385385385385385604e+01 3.586392642642643125e+01 7.814310389150000424e-02
3.389389389389389606e+01 3.389430763771584765e+01 7.782693639029997223e-02
3.393393393393393609e+01 3.382623346002252163e+01 7.782693639029997223e-02
3.397397397397397611e+01 3.268667886636637121e+01 7.733089709872999207e-02
3.401401401401401614e+01 3.528621785848348225e+01 7.811931209149999833e-02
3.405405405405405617e+01 3.352195945945945965e+01 7.782693639029997223e-02
3.409409409409409619e+01 3.494811119713463654e+01 7.806640019149996279e-02
3.413413413413413622e+01 3.413413413413413622e+01 7.775067588230000215e-02
3.417417417417417624e+01 3.399562746340089348e+01 7.782689191929997863e-02
3.421421421421421627e+01 3.464022127596346934e+01 7.747646019599997713e-02
3.425425425425425630e+01 3.596613068146271530e+01 7.814714991149998569e-02
3.429429429429429632e+01 3.708070570570571078e+01 7.691723503099999470e-02
3.433433433433433635e+01 3.433768729667167463e+01 7.775096985999999100e-02
3.437437437437437637e+01 3.426947210882757133e+01 7.775096985999999100e-02
3.441441441441441640e+01 3.613681552646396256e+01 7.741854474600000369e-02
3.445445445445445642e+01 3.477914731137387605e+01 7.806681119599996610e-02
3.449449449449449645e+01 3.535517255536787218e+01 7.811931209149999833e-02
3.453453453453453648e+01 3.712462462462463009e+01 7.704254131950000195e-02
3.457457457457457650e+01 3.457119815127627760e+01 7.747646019599997713e-02
3.461461461461461653e+01 3.504983254739114784e+01 7.806640019149996279e-02
3.465465465465465655e+01 3.183896396396396256e+01 7.756955865573000874e-02
3.469469469469469658e+01 3.382563325043793157e+01 7.782693639029997223e-02
3.473473473473473661e+01 3.603389522334835249e+01 7.814810474599999390e-02
3.477477477477477663e+01 3.477466865058417511e+01 7.753961919149998661e-02
3.481481481481481666e+01 3.481311487268519045e+01 7.806681119599996610e-02
3.485485485485485668e+01 3.572963002064565075e+01 7.811743689149999725e-02
3.489489489489489671e+01 3.674826022311373208e+01 7.742056131949998088e-02
3.493493493493493673e+01 3.668168168168168819e+01 7.742041498499997731e-02
3.497497497497497676e+01 3.104029029029029019e+01 7.755169633632999493e-02
3.501501501501501679e+01 3.501586987378003357e+01 7.806640019149996279e-02
3.505505505505505681e+01 3.647745499405655778e+01 7.742039091599998979e-02
3.509509509509509684e+01 3.772379997184685152e+01 7.679673909999998327e-02
3.513513513513513686e+01 3.450808963260135442e+01 7.834132085999997996e-02
3.517517517517517689e+01 3.305745100569319561e+01 7.684411649630000507e-02
3.521521521521521692e+01 3.691923270927176759e+01 7.742056131949998088e-02
3.525525525525525694e+01 3.569594594594594383e+01 7.811743689149999725e-02
3.529529529529529697e+01 3.309106274242994061e+01 7.684411649630000507e-02
3.533533533533533699e+01 3.207613375093842478e+01 7.749440159573001141e-02
3.537537537537537702e+01 3.471208708708709878e+01 7.806681119599996610e-02
3.541541541541541704e+01 3.671582520020020013e+01 7.742041498499997731e-02
3.545545545545545707e+01 3.545545545545545707e+01 7.811931209149999833e-02
3.549549549549549710e+01 2.440228656390762652e+01 7.772590527769999980e-02
3.553553553553553712e+01 3.375875875875875920e+01 7.782693639029997223e-02
3.557557557557557715e+01 3.702083333333333570e+01 7.742056131949998088e-02
3.561561561561561717e+01 3.647731178444068689e+01 7.742039091599998979e-02
3.565565565565565720e+01 3.454185166611924274e+01 7.834111119599997120e-02
3.569569569569569722e+01 3.569569569569569722e+01 7.811743689149999725e-02
3.573573573573573725e+01 3.841547968867305940e+01 7.691552009999998163e-02
3.577577577577577728e+01 3.488138138138138089e+01 7.806681119599996610e-02
3.581581581581581730e+01 3.559196696696696449e+01 7.811931209149999833e-02
3.585585585585585733e+01 3.406306306306306197e+01 7.782726788229998860e-02
3.589589589589589735e+01 3.586347040399775210e+01 7.814310389150000424e-02
3.593593593593593738e+01 3.593154922500625759e+01 7.814405872600001246e-02
3.597597597597597741e+01 3.957269525384759845e+01 7.690834051190000020e-02
3.601601601601601743e+01 3.151401401401402325e+01 7.732494356532999824e-02
3.605605605605605746e+01 3.752083333333334281e+01 7.691725909999998223e-02
3.609609609609609748e+01 3.117518299549551131e+01 7.732502633632999667e-02
3.613613613613613751e+01 3.613569502119307231e+01 7.814810474599999390e-02
3.617617617617617753e+01 3.437090019707206778e+01 7.775096985999999100e-02
3.621621621621621756e+01 3.804117398648649129e+01 7.693927509999999581e-02
3.625625625625625759e+01 3.447353896865615752e+01 7.773669085999998507e-02
3.629629629629629761e+01 3.810933883101851904e+01 7.692440579999999806e-02
3.633633633633633764e+01 3.630794857357356875e+01 7.741838211600000907e-02
3.637637637637637766e+01 3.637637637637637766e+01 7.741881849499999968e-02
3.641641641641641769e+01 3.732682682682683151e+01 7.704235909999999909e-02
3.645645645645645772e+01 3.599986070054429632e+01 7.814810474599999390e-02
3.649649649649649774e+01 3.535598098098098063e+01 7.811931209149999833e-02
3.653653653653653777e+01 3.471149372028278179e+01 7.806681119599996610e-02
3.657657657657657779e+01 3.386012281813061975e+01 7.782693639029997223e-02
3.661661661661661782e+01 3.238282032032030600e+01 7.749560986973000332e-02
3.665665665665665784e+01 4.123963367664540414e+01 7.690846810430000680e-02
3.669669669669669787e+01 3.210960960960959909e+01 7.749440159573001141e-02
3.673673673673673790e+01 3.447409995444663622e+01 7.834132085999997996e-02
3.677677677677677792e+01 3.654512618086837961e+01 7.742039091599998979e-02
3.681681681681681795e+01 3.681681681681681795e+01 7.742056131949998088e-02
3.685685685685685797e+01 3.725997872872872563e+01 7.704235909999999909e-02
3.689689689689689800e+01 3.505205205205205488e+01 7.805574209149998555e-02
3.693693693693693803e+01 3.416666666666665719e+01 7.775067588230000215e-02
3.697697697697697805e+01 3.882582582582583086e+01 7.690784463899998091e-02
3.701701701701701808e+01 3.562526393581079986e+01 7.811931209149999833e-02
3.705705705705705810e+01 3.705524763044294900e+01 7.742056131949998088e-02
3.709709709709709813e+01 3.987937937937938671e+01 7.690834051190000020e-02
3.713713713713713815e+01 3.899399399399399613e+01 7.690845069749997764e-02
3.717717717717717818e+01 3.160060060060058973e+01 7.756955865573000874e-02
3.721721721721721821e+01 3.535453910942192124e+01 7.811931209149999833e-02
3.725725725725725823e+01 3.644225475475475662e+01 7.741995453699999918e-02
3.729729729729729826e+01 3.858667652027027373e+01 7.691106645999999658e-02
3.733733733733733828e+01 3.780405405405405617e+01 7.693927509999999581e-02
3.737737737737737831e+01 3.177077077077077050e+01 7.756955865573000874e-02
3.741741741741741833e+01 3.712509384384384248e+01 7.704254131950000195e-02
3.745745745745745836e+01 3.804273023023023370e+01 7.692440579999999806e-02
3.749749749749749839e+01 3.749749749749749839e+01 7.679848909999999196e-02
3.753753753753753841e+01 3.826885967999248805e+01 7.606778515849997591e-02
3.757757757757757844e+01 3.420146709209208780e+01 7.775067588230000215e-02
3.761761761761761846e+01 3.644206706706707166e+01 7.741995453699999918e-02
3.765765765765765849e+01 3.671621621621621756e+01 7.742041498499997731e-02
3.769769769769769852e+01 3.392792792792793932e+01 7.782689191929997863e-02
3.773773773773773854e+01 3.773773773773773854e+01 7.693927509999999581e-02
3.777777777777777857e+01 2.998611111111111072e+01 7.756580628242999709e-02
3.781781781781781859e+01 3.970870870870871272e+01 7.690834051190000020e-02
3.785785785785785862e+01 3.217917917917918658e+01 7.749560986973000332e-02
3.789789789789789864e+01 3.647672672672672434e+01 7.742039091599998979e-02
3.793793793793793867e+01 3.224724724724725888e+01 7.749560986973000332e-02
3.797797797797797870e+01 3.916478978978979342e+01 7.690845069749997764e-02
3.801801801801801872e+01 3.231531531531533119e+01 7.749560986973000332e-02
3.805805805805805875e+01 3.234934934934933892e+01 7.749560986973000332e-02
3.809809809809809877e+01 3.143093093093095547e+01 7.757119757783001446e-02
3.813813813813813880e+01 3.908972937781531698e+01 7.567888233290000211e-02
3.817817817817817883e+01 3.793956456456456294e+01 7.693927509999999581e-02
3.821821821821821885e+01 3.582957957957957262e+01 7.814310389150000424e-02
3.825825825825825888e+01 3.538888888888888573e+01 7.811931209149999833e-02
3.829829829829829890e+01 3.793925175175174758e+01 7.693927509999999581e-02
3.833833833833833893e+01 3.498186174455706521e+01 7.806640019149996279e-02
3.837837837837837895e+01 3.430348659206079276e+01 7.775096985999999100e-02
3.841841841841841898e+01 3.433646146146146805e+01 7.775096985999999100e-02
3.845845845845845901e+01 3.079681243743743124e+01 7.731666488032999662e-02
3.849849849849849903e+01 4.042342342342342221e+01 7.690834051190000020e-02
3.853853853853853906e+01 3.555782344844843124e+01 7.811931209149999833e-02
3.857857857857857908e+01 3.664964964964964622e+01 7.742041498499997731e-02
3.861861861861861911e+01 3.787189142267267528e+01 7.693927509999999581e-02
3.865865865865865914e+01 4.059347922140891285e+01 7.690834051190000020e-02
3.869869869869869916e+01 3.139734265515513556e+01 7.757119757783001446e-02
3.873873873873873919e+01 3.183840090090091479e+01 7.756955865573000874e-02
3.877877877877877921e+01 3.005355355355353808e+01 7.756580628242999709e-02
3.881881881881881924e+01 3.681722347347347579e+01 7.742056131949998088e-02
3.885885885885885926e+01 3.885885885885885926e+01 7.690784463899998091e-02
3.889889889889889929e+01 3.695395395395395610e+01 7.742056131949998088e-02
3.893893893893893932e+01 3.760136357060184054e+01 7.693927509999999581e-02
3.897897897897897934e+01 3.504967711852477663e+01 7.806640019149996279e-02
3.901901901901901937e+01 4.100140619134759845e+01 7.690834051190000020e-02
3.905905905905905939e+01 3.515315315315315559e+01 7.805574209149998555e-02
3.909909909909909942e+01 3.641103603603602323e+01 7.741881849499999968e-02
3.913913913913913944e+01 3.620370370370370949e+01 7.741854474600000369e-02
3.917917917917917947e+01 3.623787117195319496e+01 7.741854474600000369e-02
3.921921921921921950e+01 3.132941535285286960e+01 7.757119757783001446e-02
3.925925925925925952e+01 3.802857349537035958e+01 7.619426515849998804e-02
3.929929929929929955e+01 3.923789414414414978e+01 7.565358463900000163e-02
3.933933933933933957e+01 3.491462409675297351e+01 7.806640019149996279e-02
3.937937937937937960e+01 3.882560685685685797e+01 7.690784463899998091e-02
3.941941941941941963e+01 4.311595237815941317e+01 7.445379171100000026e-02
3.945945945945945965e+01 3.967525337837837895e+01 7.690834051190000020e-02
3.949949949949949968e+01 3.613587024524524338e+01 7.814810474599999390e-02
3.953953953953953970e+01 3.953953953953953970e+01 7.690819883399999113e-02
3.957957957957957973e+01 3.760156689893018012e+01 7.693927509999999581e-02
3.961961961961961975e+01 3.231475225225227632e+01 7.749560986973000332e-02
3.965965965965965978e+01 3.569369369369368883e+01 7.811743689149999725e-02
3.969969969969969981e+01 4.066117680180180116e+01 7.690834051190000020e-02
3.973973973973973983e+01 3.970869306806806520e+01 7.690834051190000020e-02
3.977977977977977986e+01 3.729354354354353518e+01 7.704235909999999909e-02
3.981981981981981988e+01 3.882529648789414267e+01 7.690784463899998091e-02
3.985985985985985991e+01 3.484721000297172822e+01 7.806681119599996610e-02
3.989989989989989994e+01 3.641060689595845190e+01 7.741881849499999968e-02
3.993993993993993996e+01 3.245120120120120788e+01 7.749560986973000332e-02
3.997997997997997999e+01 3.991360696634134086e+01 7.690834051190000020e-02
4.002002002002002001e+01 3.501556341497748548e+01 7.806640019149996279e-02
4.006006006006006004e+01 4.059112970392266817e+01 7.567566051190001419e-02
4.010010010010010006e+01 3.909759759759759845e+01 7.690845069749997764e-02
4.014014014014014009e+01 3.211015214433179921e+01 7.749440159573001141e-02
4.018018018018018012e+01 3.214512510557432279e+01 7.749560986973000332e-02
4.022022022022022014e+01 3.117459842655152613e+01 7.732502633632999667e-02
4.026026026026026017e+01 3.824528141422672434e+01 7.692440579999999806e-02
4.030030030030030019e+01 3.623780176661035313e+01 7.741854474600000369e-02
4.034034034034034022e+01 3.630630630630631117e+01 7.741838211600000907e-02
4.038038038038038025e+01 3.637388951451450225e+01 7.741995453699999918e-02
4.042042042042042027e+01 4.042042042042042027e+01 7.567566051190001419e-02
4.046046046046046030e+01 3.420173298298297482e+01 7.775067588230000215e-02
4.050050050050050032e+01 3.746296296296296191e+01 7.704235909999999909e-02
4.054054054054054035e+01 3.845016891891891930e+01 7.691470979999999458e-02
4.058058058058058037e+01 3.855155155155154745e+01 7.691470979999999458e-02
4.062062062062062040e+01 3.198898666733136054e+01 7.733130526900000579e-02
4.066066066066066043e+01 3.049549549549549710e+01 7.754189994032999189e-02
4.070070070070070045e+01 3.488127556267203033e+01 7.806681119599996610e-02
4.074074074074074048e+01 4.328703703703703809e+01 7.445561617600000848e-02
4.078078078078078050e+01 3.498226351351350161e+01 7.806640019149996279e-02
4.082082082082082053e+01 3.217928426473349646e+01 7.749560986973000332e-02
4.086086086086086056e+01 3.661516203703702388e+01 7.742041498499997731e-02
4.090090090090090058e+01 4.038963963963963977e+01 7.690834051190000020e-02
4.094094094094094061e+01 3.838163236478665397e+01 7.691552009999998163e-02
4.098098098098098063e+01 3.272175251423297482e+01 7.733127306172998816e-02
4.102102102102102066e+01 3.691891891891890509e+01 7.742056131949998088e-02
4.106106106106106068e+01 3.698703390890891285e+01 7.742056131949998088e-02
4.110110110110110071e+01 3.647722722722720334e+01 7.742039091599998979e-02
4.114114114114114074e+01 3.654490427927927954e+01 7.742039091599998979e-02
4.118118118118118076e+01 4.015165165165164751e+01 7.690834051190000020e-02
4.122122122122122079e+01 3.787199699699699806e+01 7.693927509999999581e-02
4.126126126126126081e+01 3.919920555320945965e+01 7.690845069749997764e-02
4.130130130130130084e+01 3.617090528028026597e+01 7.741854474600000369e-02
4.134134134134134086e+01 3.100600600600596479e+01 7.755169633632999493e-02
4.138138138138138089e+01 3.362237237237236798e+01 7.782693639029997223e-02
4.142142142142142092e+01 4.349249249249249516e+01 7.444984387599999642e-02
4.146146146146146094e+01 3.430288100600600387e+01 7.775096985999999100e-02
4.150150150150150097e+01 3.998167112424924596e+01 7.690834051190000020e-02
4.154154154154154099e+01 3.433668043043044094e+01 7.775096985999999100e-02
4.158158158158158102e+01 4.362817505005004648e+01 7.446065277600000254e-02
4.162162162162162105e+01 3.765456081081081408e+01 7.679673909999998327e-02
4.166166166166166107e+01 3.437087087087085990e+01 7.775096985999999100e-02
4.170170170170170110e+01 3.127729438422796449e+01 7.732502633632999667e-02
4.174174174174174112e+01 3.756756756756755067e+01 7.693927509999999581e-02
4.178178178178178115e+01 4.393411477884134086e+01 7.437843607600000406e-02
4.182182182182182117e+01 3.117441073886383052e+01 7.732502633632999667e-02
4.186186186186186120e+01 2.514982169669670498e+01 7.813083266500001067e-02
4.190190190190190123e+01 3.967586336336336217e+01 7.690834051190000020e-02
4.194194194194194125e+01 4.403903903903903938e+01 7.442326007600000293e-02
4.198198198198198128e+01 4.089963400900901291e+01 7.690834051190000020e-02
4.202202202202202130e+01 4.619139451951951969e+01 7.388959068473997804e-02
4.206206206206206133e+01 4.208054636667917237e+01 7.429133675982999008e-02
4.210210210210210136e+01 4.414142267267267528e+01 7.442326007600000293e-02
4.214214214214214138e+01 3.681675816441439508e+01 7.742056131949998088e-02
4.218218218218218141e+01 3.678273928225098643e+01 7.742056131949998088e-02
4.222222222222222143e+01 3.127701822916662877e+01 7.732502633632999667e-02
4.226226226226226146e+01 3.226005595439188767e+01 7.733160209929998419e-02
4.230230230230230148e+01 2.961212799713772981e+01 7.773098355143001625e-02
4.234234234234234151e+01 3.433699324324324209e+01 7.775096985999999100e-02
4.238238238238238154e+01 3.814414414414413557e+01 7.692440579999999806e-02
4.242242242242242156e+01 3.181681681681683926e+01 7.732557476899998283e-02
4.246246246246246159e+01 3.423587870096658037e+01 7.775096985999999100e-02
4.250250250250250161e+01 3.420123248248248160e+01 7.775067588230000215e-02
4.254254254254254164e+01 2.565847097097090668e+01 7.812947257800001433e-02
4.258258258258258167e+01 4.042018581081080697e+01 7.567566051190001419e-02
4.262262262262262169e+01 4.049149149149148741e+01 7.690834051190000020e-02
4.266266266266266172e+01 4.366256881881881924e+01 7.446065277600000254e-02
4.270270270270270174e+01 3.396199324324322077e+01 7.782689191929997863e-02
4.274274274274274177e+01 4.147486109156032086e+01 7.429293080430000862e-02
4.278278278278278179e+01 4.251747939345595029e+01 7.429133675982999008e-02
4.282282282282282182e+01 3.451335515202704585e+01 7.701261276000001543e-02
4.286286286286286185e+01 3.441167925738236733e+01 7.701265723100000904e-02
4.290290290290290187e+01 3.325001160828796287e+01 7.788576220630000213e-02
4.294294294294294190e+01 3.399789437875372045e+01 7.775072035329999576e-02
4.298298298298298192e+01 3.022136052067692447e+01 7.756590800032998889e-02
4.302302302302302195e+01 4.356081081081081408e+01 7.446065277600000254e-02
4.306306306306306197e+01 3.875570541244369593e+01 7.690862534499999514e-02
4.310310310310310200e+01 2.559246746746742218e+01 7.812947257800001433e-02
4.314314314314314203e+01 4.517390437312311491e+01 7.372646514120000105e-02
4.318318318318318205e+01 4.304770859726914978e+01 7.445394956999999703e-02
4.322322322322322208e+01 2.998611111111113559e+01 7.756580628242999709e-02
4.326326326326326210e+01 3.488100600600599677e+01 7.806681119599996610e-02
4.330330330330330213e+01 4.493669206315690445e+01 7.372646514120000105e-02
4.334334334334334216e+01 4.510416666666667140e+01 7.372646514120000105e-02
4.338338338338338218e+01 4.490222546765514977e+01 7.372646514120000105e-02
4.342342342342342221e+01 4.335557432432432279e+01 7.445561617600000848e-02
4.346346346346346223e+01 3.185056931931931956e+01 7.732557476899998283e-02
4.350350350350350226e+01 2.528641141141136472e+01 7.813083266500001067e-02
4.354354354354354228e+01 4.571673419024493512e+01 7.361116794120001194e-02
4.358358358358358231e+01 3.238124061561559586e+01 7.749560986973000332e-02
4.362362362362362234e+01 3.736124796671673209e+01 7.704235909999999909e-02
4.366366366366366236e+01 3.329354354354353518e+01 7.684432444330001333e-02
4.370370370370370239e+01 3.059686053240739767e+01 7.754333488032999488e-02
4.374374374374374241e+01 3.732742508133131309e+01 7.704235909999999909e-02
4.378378378378378244e+01 2.586407305743243512e+01 7.782951832700001071e-02
4.382382382382382247e+01 4.656388273038663073e+01 7.388684893653998942e-02
4.386386386386386249e+01 3.729285144519519690e+01 7.704235909999999909e-02
4.390390390390390252e+01 3.080133258258254969e+01 7.754333488032999488e-02
4.394394394394394254e+01 4.325329663159252647e+01 7.445561617600000848e-02
4.398398398398398257e+01 3.504973723723722401e+01 7.806640019149996279e-02
4.402402402402402259e+01 4.622522522522522337e+01 7.388929370913997763e-02
4.406406406406406262e+01 4.575089151651651775e+01 7.361058314120000334e-02
4.410410410410410265e+01 4.431084209209210201e+01 7.442326007600000293e-02
4.414414414414414267e+01 3.090090090090085084e+01 7.731666488032999662e-02
4.418418418418418270e+01 4.639447210882758554e+01 7.388929370913997763e-02
4.422422422422422272e+01 4.201301301301300839e+01 7.429133675982999008e-02
4.426426426426426275e+01 3.603387762762763202e+01 7.814810474599999390e-02
4.430430430430430278e+01 3.440506131131128598e+01 7.775096985999999100e-02
4.434434434434434280e+01 4.434434434434434280e+01 7.434738007600000254e-02
4.438438438438438283e+01 3.217867867867865783e+01 7.749560986973000332e-02
4.442442442442442285e+01 3.122738235061234846e+01 7.818899757783001614e-02
4.446446446446446288e+01 3.112512512512510909e+01 7.760969757783001133e-02
4.450450450450450290e+01 3.365653153153152743e+01 7.782693639029997223e-02
4.454454454454454293e+01 4.663257007007007360e+01 7.388684893653998942e-02
4.458458458458458296e+01 4.444525775775775855e+01 7.434738007600000254e-02
4.462462462462462298e+01 4.506313564541103744e+01 7.325427517120000620e-02
4.466466466466466301e+01 4.578128128128128083e+01 7.389028392563999625e-02
4.470470470470470303e+01 3.576376376376374111e+01 7.811743689149999725e-02
4.474474474474474306e+01 3.579552269554712041e+01 7.814310389150000424e-02
4.478478478478478308e+01 3.358858858858857133e+01 7.782693639029997223e-02
4.482482482482482311e+01 3.022173736236238639e+01 7.756590800032998889e-02
4.486486486486486314e+01 3.315793918918917882e+01 7.684411649630000507e-02
4.490490490490490316e+01 3.178425300300299483e+01 7.732557476899998283e-02
4.494494494494494319e+01 3.262019832332327951e+01 7.733097986972999049e-02
4.498498498498498321e+01 4.414151651651651775e+01 7.442326007600000293e-02
4.502502502502502324e+01 4.727627627627627760e+01 7.367338320553998288e-02
4.506506506506506327e+01 3.161595970970971337e+01 7.732547133442997656e-02
4.510510510510510329e+01 3.139738175675672238e+01 7.757119757783001446e-02
4.514514514514514332e+01 3.160160160160161524e+01 7.756955865573000874e-02
4.518518518518518334e+01 4.751063368055555003e+01 7.258768320554000175e-02
4.522522522522522337e+01 4.578170748873873208e+01 7.389028392563999625e-02
4.526526526526526339e+01 4.469944944944944609e+01 7.372011774120000582e-02
4.530530530530530342e+01 3.228003003003001936e+01 7.749560986973000332e-02
4.534534534534534345e+01 4.761261261261261524e+01 7.258768320554000175e-02
4.538538538538538347e+01 4.311611611611611039e+01 7.445379171100000026e-02
4.542542542542542350e+01 4.322513138138137379e+01 7.429198277600000677e-02
4.546546546546546352e+01 4.315667229729729115e+01 7.429198277600000677e-02
4.550550550550550355e+01 3.651105793293290702e+01 7.742039091599998979e-02
4.554554554554554358e+01 4.558112800300300194e+01 7.361116794120001194e-02
4.558558558558558360e+01 4.444594594594593673e+01 7.434738007600000254e-02
4.562562562562562363e+01 3.080175292479982119e+01 7.754333488032999488e-02
4.566566566566567076e+01 2.511611611611613171e+01 7.813083266500001067e-02
4.570570570570571078e+01 3.542192192192187150e+01 7.811931209149999833e-02
4.574574574574575081e+01 3.202258044176987539e+01 7.733130526900000579e-02
4.578578578578579084e+01 4.338918606106106068e+01 7.445561617600000848e-02
4.582582582582583086e+01 3.204227665165164041e+01 7.749440159573001141e-02
4.586586586586587089e+01 3.153278278278272850e+01 7.757129929573000626e-02
4.590590590590591091e+01 4.823706519019019368e+01 7.211359380223998639e-02
4.594594594594595094e+01 4.605251002956081408e+01 7.388987850913998623e-02
4.598598598598599096e+01 4.598598598598599096e+01 7.389017548473998664e-02
4.602602602602603099e+01 2.991691691691687538e+01 7.756580628242999709e-02
4.606606606606607102e+01 4.768557620120121499e+01 7.251445958223998178e-02
4.610610610610611104e+01 3.688488488488489736e+01 7.742056131949998088e-02
4.614614614614615107e+01 4.903028028028029439e+01 7.165690624659998287e-02
4.618618618618619109e+01 3.525304992492488054e+01 7.811931209149999833e-02
4.622622622622623112e+01 3.712543793793793157e+01 7.704254131950000195e-02
4.626626626626627115e+01 3.715872464261138219e+01 7.704254131950000195e-02
4.630630630630631117e+01 4.916427364864865979e+01 7.165731594159997775e-02
4.634634634634635120e+01 4.866366366366366947e+01 7.169197267570000254e-02
4.638638638638639122e+01 3.768893893893894642e+01 7.679673909999998327e-02
4.642642642642643125e+01 4.294529453770176985e+01 7.445418848359999786e-02
4.646646646646647127e+01 3.427015345423549064e+01 7.775096985999999100e-02
4.650650650650651130e+01 3.488101529263632727e+01 7.806681119599996610e-02
4.654654654654655133e+01 3.029161974474471464e+01 7.754189994032999189e-02
4.658658658658659135e+01 3.173711211211213978e+01 7.756955865573000874e-02
4.662662662662663138e+01 2.273048048048045189e+01 7.700994224069999949e-02
4.666666666666667140e+01 4.673103841145832149e+01 7.381222793653999248e-02
4.670670670670671143e+01 4.608638325825825888e+01 7.388987850913998623e-02
4.674674674674675146e+01 3.726044403778781344e+01 7.704235909999999909e-02
4.678678678678679148e+01 3.742942942942943318e+01 7.704235909999999909e-02
4.682682682682683151e+01 2.348658033033026982e+01 7.724371175070000872e-02
4.686686686686687153e+01 4.686686686686687153e+01 7.381096893653998903e-02
4.690690690690691156e+01 3.433732169669671208e+01 7.775096985999999100e-02
4.694694694694695158e+01 3.814439439439438218e+01 7.692440579999999806e-02
4.698698698698699161e+01 4.933633633633634474e+01 7.165731594159997775e-02
4.702702702702703164e+01 4.765160472972973338e+01 7.251445958223998178e-02
4.706706706706707166e+01 3.177027027027030570e+01 7.756955865573000874e-02
4.710710710710711169e+01 4.710710710710711169e+01 7.381059320553999548e-02
4.714714714714715171e+01 3.443894211594402321e+01 7.775096985999999100e-02
4.718718718718719174e+01 3.538808632851601743e+01 7.811931209149999833e-02
4.722722722722723177e+01 3.114045295295301230e+01 7.732502633632999667e-02
4.726726726726727179e+01 3.426992275478605166e+01 7.775096985999999100e-02
4.730730730730731182e+01 2.368599263325814164e+01 7.728108175070000363e-02
4.734734734734735184e+01 4.649541875860235507e+01 7.388775493613998491e-02
4.738738738738739187e+01 2.487953529701580280e+01 7.802817941770000265e-02
4.742742742742743189e+01 3.793962614958707746e+01 7.693927509999999581e-02
4.746746746746747192e+01 3.797339453711520463e+01 7.693927509999999581e-02
4.750750750750751195e+01 2.498087638419665879e+01 7.813066141770000361e-02
4.754754754754755197e+01 3.565949983186315819e+01 7.811931209149999833e-02
4.758758758758759200e+01 4.520820820820821240e+01 7.372646514120000105e-02
4.762762762762763202e+01 4.517415364583334281e+01 7.372646514120000105e-02
4.766766766766767205e+01 3.143086836836835829e+01 7.757119757783001446e-02
4.770770770770771207e+01 2.504887602446198613e+01 7.813066141770000361e-02
4.774774774774775210e+01 4.737471846846847257e+01 7.258768320554000175e-02
4.778778778778779213e+01 2.389389389389378948e+01 7.766727552870000828e-02
4.782782782782783215e+01 4.424307608389639057e+01 7.442326007600000293e-02
4.786786786786787218e+01 3.586350412912915431e+01 7.814310389150000424e-02
4.790790790790791220e+01 3.596601973066815816e+01 7.814714991149998569e-02
4.794794794794795223e+01 3.090395082582576691e+01 7.754246933632999439e-02
4.798798798798799226e+01 2.396118970533033021e+01 7.766727552870000828e-02
4.802802802802803228e+01 4.768564071884385669e+01 7.251445958223998178e-02
4.806806806806807231e+01 4.619158269597721755e+01 7.388959068473997804e-02
4.810810810810811233e+01 3.097194362331071460e+01 7.755169633632999493e-02
4.814814814814815236e+01 3.851793077256942865e+01 7.691470979999999458e-02
4.818818818818819238e+01 2.379291791791792576e+01 7.766727552870000828e-02
4.822822822822823241e+01 4.581563936983859264e+01 7.389028392563999625e-02
4.826826826826827244e+01 3.589893531226534407e+01 7.812148291149997870e-02
4.830830830830831246e+01 3.049461961961964107e+01 7.754189994032999189e-02
4.834834834834835249e+01 3.197412256006009557e+01 7.756955865573000874e-02
4.838838838838839251e+01 2.423199762262259682e+01 7.772274576770001053e-02
4.842842842842843254e+01 3.147847847847841862e+01 7.732494356532999824e-02
4.846846846846847257e+01 3.392792792792789669e+01 7.782689191929997863e-02
4.850850850850851259e+01 4.517354854854854551e+01 7.372646514120000105e-02
4.854854854854855262e+01 4.612230638841967334e+01 7.388959068473997804e-02
4.858858858858859264e+01 3.386017267267261133e+01 7.782693639029997223e-02
4.862862862862863267e+01 3.586361361361360167e+01 7.814310389150000424e-02
4.866866866866867269e+01 2.498130919004947970e+01 7.813066141770000361e-02
4.870870870870871272e+01 4.808974184145083086e+01 7.244841431110000951e-02
4.874874874874875275e+01 2.589777277277270429e+01 7.782951832700001071e-02
4.878878878878879277e+01 2.317467467467467657e+01 7.702404440470000946e-02
4.882882882882883280e+01 3.906306306306309750e+01 7.690845069749997764e-02
4.886886886886887282e+01 4.673085585585585733e+01 7.381222793653999248e-02
4.890890890890891285e+01 4.524074074074074048e+01 7.372646514120000105e-02
4.894894894894895288e+01 2.443384302271013908e+01 7.782383008770001054e-02
4.898898898898899290e+01 3.712446821821824727e+01 7.704254131950000195e-02
4.902902902902903293e+01 4.933546046046046740e+01 7.165731594159997775e-02
4.906906906906907295e+01 2.545457957957952289e+01 7.813035291800000948e-02
4.910910910910911298e+01 4.843649655514889929e+01 7.204701792979999186e-02
4.914914914914915300e+01 3.471158658658664109e+01 7.806681119599996610e-02
4.918918918918919303e+01 3.228040540540542480e+01 7.749560986973000332e-02
4.922922922922923306e+01 4.646128697056431633e+01 7.388775493613998491e-02
4.926926926926927308e+01 3.325675675675672238e+01 7.704081848030000512e-02
4.930930930930931311e+01 3.559154613597974048e+01 7.811931209149999833e-02
4.934934934934935313e+01 2.463612049549545446e+01 7.782698959769999980e-02
4.938938938938939316e+01 5.185885885885886637e+01 6.982398745299998877e-02
4.942942942942943318e+01 3.521846846846845835e+01 7.811931209149999833e-02
4.946946946946947321e+01 4.761255273828516721e+01 7.258768320554000175e-02
4.950950950950951324e+01 5.205992613707457650e+01 6.982333628399998993e-02
4.954954954954955326e+01 4.707207207207207489e+01 7.381059320553999548e-02
4.958958958958959329e+01 3.719340287553178825e+01 7.704254131950000195e-02
4.962962962962963331e+01 3.504971426504634735e+01 7.806640019149996279e-02
4.966966966966967334e+01 2.978239958708702062e+01 7.756580628242999709e-02
4.970970970970971337e+01 4.970970970970971337e+01 7.110261702059997302e-02
4.974974974974975339e+01 2.491374186686685377e+01 7.802817941770000265e-02
4.978978978978979342e+01 3.049624624624625824e+01 7.754189994032999189e-02
4.982982982982983344e+01 3.488088088088085215e+01 7.806681119599996610e-02
4.986986986986987347e+01 4.581550789070320207e+01 7.389028392563999625e-02
4.990990990990991349e+01 4.640305637668920014e+01 7.289575739503999230e-02
4.994994994994995352e+01 4.714026526526527050e+01 7.381059320553999548e-02
4.998998998998999355e+01 3.437055903559808456e+01 7.775096985999999100e-02
5.003003003003003357e+01 2.501501501501492442e+01 7.813066141770000361e-02
5.007007007007007360e+01 5.257357357357358296e+01 6.966227524199999910e-02
5.011011011011011362e+01 3.617078895301553843e+01 7.741854474600000369e-02
5.015015015015015365e+01 3.136343374624621561e+01 7.757119757783001446e-02
5.019019019019019368e+01 3.183940190190182662e+01 7.756955865573000874e-02
5.023023023023023370e+01 2.511634143909531858e+01 7.813083266500001067e-02
5.027027027027027373e+01 3.644226404138517239e+01 7.741995453699999918e-02
5.031031031031031375e+01 3.521844549627752485e+01 7.811931209149999833e-02
5.035035035035035378e+01 3.194038887520327563e+01 7.756955865573000874e-02
5.039039039039039380e+01 3.228134384384384248e+01 7.749560986973000332e-02
5.043043043043043383e+01 2.521767763857615563e+01 7.813083266500001067e-02
5.047047047047047386e+01 3.146518393393391477e+01 7.757129929573000626e-02
5.051051051051051388e+01 4.703729632953266560e+01 7.381096893653998903e-02
5.055055055055055391e+01 4.802302302302302195e+01 7.244821820980000548e-02
5.059059059059059393e+01 4.802277228400275533e+01 7.244821820980000548e-02
5.063063063063063396e+01 4.683333333333332860e+01 7.381096893653998903e-02
5.067067067067067399e+01 3.358911255005000385e+01 7.782693639029997223e-02
5.071071071071071401e+01 3.042642642642639572e+01 7.754189994032999189e-02
5.075075075075075404e+01 3.552428649352482637e+01 7.811931209149999833e-02
5.079079079079079406e+01 3.488146838244496450e+01 7.806681119599996610e-02
5.083083083083083409e+01 3.113388388388385408e+01 7.731658210932999820e-02
5.087087087087087411e+01 3.163532282282278274e+01 7.756955865573000874e-02
5.091091091091091414e+01 2.545421251329456780e+01 7.813035291800000948e-02
5.095095095095095417e+01 3.821321321321319431e+01 7.691552009999998163e-02
5.099099099099099419e+01 3.569369369369363199e+01 7.811743689149999725e-02
5.103103103103103422e+01 3.093818549995305744e+01 7.755169633632999493e-02
5.107107107107107424e+01 3.447359639913354812e+01 7.773669085999998507e-02
5.111111111111111427e+01 2.555867513020832149e+01 7.812995232500001552e-02
5.115115115115115429e+01 3.484672172172167137e+01 7.806681119599996610e-02
5.119119119119119432e+01 3.583133426395145449e+01 7.811743689149999725e-02
5.123123123123123435e+01 4.798925487987987992e+01 7.244821820980000548e-02
5.127127127127127437e+01 3.204204106450193734e+01 7.749440159573001141e-02
5.131131131131131440e+01 3.063082345040341181e+01 7.754333488032999488e-02
5.135135135135135442e+01 3.430360536317567011e+01 7.775096985999999100e-02
5.139139139139139445e+01 3.139692817817818238e+01 7.757119757783001446e-02
5.143143143143143448e+01 3.600011852672982116e+01 7.814810474599999390e-02
5.147147147147147450e+01 3.200882132132123559e+01 7.749296665573000842e-02
5.151151151151151453e+01 3.315802032501252938e+01 7.684411649630000507e-02
5.155155155155155455e+01 3.093596526213717013e+01 7.731666488032999662e-02
5.159159159159159458e+01 4.127295838318787702e+01 7.568212480430001887e-02
5.163163163163163460e+01 3.437108641844963586e+01 7.775096985999999100e-02
5.167167167167167463e+01 3.552427427427424078e+01 7.811931209149999833e-02
5.171171171171171466e+01 3.046143018018019788e+01 7.754189994032999189e-02
5.175175175175175468e+01 4.916416416416416268e+01 7.165731594159997775e-02
5.179179179179179471e+01 2.525229184262376592e+01 7.813083266500001067e-02
5.183183183183183473e+01 5.442342342342342931e+01 6.865183404399997913e-02
5.187187187187187476e+01 2.463913913913919274e+01 7.782698959769999980e-02
5.191191191191191479e+01 3.698723723723723111e+01 7.742056131949998088e-02
5.195195195195195481e+01 5.098038956925675791e+01 6.997927786669998207e-02
5.199199199199199484e+01 2.599599599599599742e+01 7.751131832700000612e-02
5.203203203203203486e+01 3.154441941941948357e+01 7.732494356532999824e-02
5.207207207207207489e+01 3.059679186021957520e+01 7.754333488032999488e-02
5.211211211211211491e+01 3.647720621011630726e+01 7.742039091599998979e-02
5.215215215215215494e+01 3.715840840840837700e+01 7.704254131950000195e-02
5.219219219219219497e+01 3.262012012012016271e+01 7.733097986972999049e-02
5.223223223223223499e+01 3.132913773148148096e+01 7.757119757783001446e-02
5.227227227227227502e+01 4.311951991053551581e+01 7.428694617600001271e-02
5.231231231231231504e+01 3.416647897897895092e+01 7.775067588230000215e-02
5.235235235235235507e+01 3.402934856242967498e+01 7.782726788229998860e-02
5.239239239239239510e+01 3.200783767165604843e+01 7.757099359573001174e-02
5.243243243243243512e+01 3.538933171452699611e+01 7.811931209149999833e-02
5.247247247247247515e+01 2.623751730245865232e+01 7.722489742700000548e-02
5.251251251251251517e+01 3.413313313313314978e+01 7.775067588230000215e-02
5.255255255255255520e+01 3.120821016328825337e+01 7.732502633632999667e-02
5.259259259259259522e+01 4.909754774305556424e+01 7.165690624659998287e-02
5.263263263263263525e+01 3.158214953234482181e+01 7.732547133442997656e-02
5.267267267267267528e+01 3.127182749155409880e+01 7.731658210932999820e-02
5.271271271271271530e+01 3.409853603603601613e+01 7.775067588230000215e-02
5.275275275275275533e+01 3.494869869869864942e+01 7.806640019149996279e-02
5.279279279279279535e+01 3.695237718186937315e+01 7.742056131949998088e-02
5.283283283283283538e+01 3.566216216216221824e+01 7.811743689149999725e-02
5.287287287287287540e+01 3.420213963963958292e+01 7.775067588230000215e-02
5.291291291291291543e+01 3.080213612049537275e+01 7.754333488032999488e-02
5.295295295295295546e+01 4.534355155937186765e+01 7.372151794120000712e-02
5.299299299299299548e+01 3.477923920013764558e+01 7.806681119599996610e-02
5.303303303303303551e+01 3.579729729729726273e+01 7.811743689149999725e-02
5.307307307307307553e+01 3.056236754332446992e+01 7.754333488032999488e-02
5.311311311311311556e+01 3.518484402371122854e+01 7.811931209149999833e-02
5.315315315315315559e+01 2.657657657657661332e+01 7.722522280700000463e-02
5.319319319319319561e+01 3.457557557557555583e+01 7.834111119599997120e-02
5.323323323323323564e+01 5.057417085053803874e+01 7.018340418769998534e-02
5.327327327327327566e+01 3.396171171171167202e+01 7.782689191929997863e-02
5.331331331331331569e+01 3.200881350100101486e+01 7.749296665573000842e-02
5.335335335335335571e+01 2.667667667667663522e+01 7.722522280700000463e-02
5.339339339339339574e+01 3.279209482920412455e+01 7.675214683273000327e-02
5.343343343343343577e+01 3.406381381381379470e+01 7.775067588230000215e-02
5.347347347347347579e+01 3.742882042198451131e+01 7.704235909999999909e-02
5.351351351351351582e+01 3.194022513724661394e+01 7.756955865573000874e-02
5.355355355355355584e+01 3.463984003534778822e+01 7.747646019599997713e-02
5.359359359359359587e+01 3.200961117367367592e+01 7.749296665573000842e-02
5.363363363363363590e+01 3.352102102102108461e+01 7.782693639029997223e-02
5.367367367367367592e+01 3.293802396146142542e+01 7.728142284629999081e-02
5.371371371371371595e+01 5.253872622622621691e+01 6.966227524199999910e-02
5.375375375375375597e+01 3.426933036552172496e+01 7.775096985999999100e-02
5.379379379379379600e+01 3.076332582582588770e+01 7.731666488032999662e-02
5.383383383383383602e+01 3.066530788601101420e+01 7.754333488032999488e-02
5.387387387387387605e+01 3.535472972972968364e+01 7.811931209149999833e-02
5.391391391391391608e+01 3.234834834834831696e+01 7.749560986973000332e-02
5.395395395395395610e+01 3.073373177865373407e+01 7.754333488032999488e-02
5.399399399399399613e+01 3.275527981594878213e+01 7.733127306172998816e-02
5.403403403403403615e+01 5.394960585585585733e+01 6.921275143499998339e-02
5.407407407407407618e+01 3.080215567129624787e+01 7.754333488032999488e-02
5.411411411411411621e+01 3.515303584834836670e+01 7.805574209149998555e-02
5.415415415415415623e+01 3.790526366209957132e+01 7.693927509999999581e-02
5.419419419419419626e+01 3.183908908908900059e+01 7.756955865573000874e-02
5.423423423423423628e+01 3.525225225225223369e+01 7.811931209149999833e-02
5.427427427427427631e+01 3.190601196900029635e+01 7.756955865573000874e-02
5.431431431431431633e+01 5.683908126876877276e+01 6.686660283400000515e-02
5.435435435435435636e+01 3.329071503143762811e+01 7.704081848030000512e-02
5.439439439439439639e+01 3.569632132132132085e+01 7.811743689149999725e-02
5.443443443443443641e+01 3.025722622036105491e+01 7.754189994032999189e-02
5.447447447447447644e+01 3.301983037725218395e+01 7.684374053330000898e-02
5.451451451451451646e+01 3.049405655655642278e+01 7.754189994032999189e-02
5.455455455455455649e+01 3.055907469969968560e+01 7.734067294032999362e-02
5.459459459459459651e+01 3.416693940033785282e+01 7.775067588230000215e-02
5.463463463463463654e+01 3.329031277371116460e+01 7.704081848030000512e-02
5.467467467467467657e+01 3.399547398961453126e+01 7.782689191929997863e-02
5.471471471471471659e+01 5.471471471471471659e+01 6.859291974299998318e-02
5.475475475475475662e+01 3.593213941480546225e+01 7.814310389150000424e-02
5.479479479479479664e+01 3.698648648648646997e+01 7.742056131949998088e-02
5.483483483483483667e+01 3.375769519519513295e+01 7.782693639029997223e-02
5.487487487487487670e+01 5.178816316316316204e+01 6.982427689099998669e-02
5.491491491491491672e+01 3.569469469469471079e+01 7.811743689149999725e-02
5.495495495495495675e+01 3.177083333333330017e+01 7.756955865573000874e-02
5.499499499499499677e+01 3.420001251251242991e+01 7.775067588230000215e-02
5.503503503503503680e+01 3.100289058589837410e+01 7.731666488032999662e-02
5.507507507507507682e+01 3.562534458286415884e+01 7.811931209149999833e-02
5.511511511511511685e+01 3.522200325325324854e+01 7.805574209149998555e-02
5.515515515515515688e+01 3.447331853337706775e+01 7.773669085999998507e-02
5.519519519519519690e+01 3.173723723723723822e+01 7.756955865573000874e-02
5.523523523523523693e+01 3.245070070070076440e+01 7.749560986973000332e-02
5.527527527527527695e+01 3.402884134134131955e+01 7.782689191929997863e-02
5.531531531531531698e+01 3.180495583474091248e+01 7.756955865573000874e-02
5.535535535535535701e+01 3.234828578578573399e+01 7.749560986973000332e-02
5.539539539539539703e+01 5.885693139428492771e+01 6.676824480749998791e-02
5.543543543543543706e+01 3.447408058693459054e+01 7.834132085999997996e-02
5.547547547547547708e+01 3.146499624624619074e+01 7.757129929573000626e-02
5.551551551551551711e+01 3.365628128128124530e+01 7.782693639029997223e-02
5.555555555555555713e+01 3.372395833333340676e+01 7.782693639029997223e-02
5.559559559559559716e+01 5.872149053350224790e+01 6.699858204599999645e-02
5.563563563563563719e+01 3.259900525525522141e+01 7.727567004629998237e-02
5.567567567567567721e+01 3.549052470439184503e+01 7.811931209149999833e-02
5.571571571571571724e+01 3.338590152652654552e+01 7.782962220629999206e-02
5.575575575575575726e+01 3.484734734734731632e+01 7.806681119599996610e-02
5.579579579579579729e+01 5.858558558558559071e+01 6.699858204599999645e-02
5.583583583583583732e+01 3.420081262903526920e+01 7.775067588230000215e-02
5.587587587587587734e+01 3.066488803256386575e+01 7.754333488032999488e-02
5.591591591591591737e+01 2.463795045045043253e+01 7.782698959769999980e-02
5.595595595595595739e+01 3.777027027027021688e+01 7.693927509999999581e-02
5.599599599599599742e+01 3.079779779779779858e+01 7.731666488032999662e-02
5.603603603603603744e+01 3.011936936936944065e+01 7.756590800032998889e-02
5.607607607607607747e+01 3.504960111478659712e+01 7.806640019149996279e-02
5.611611611611611750e+01 3.086934395332819747e+01 7.754333488032999488e-02
5.615615615615615752e+01 3.141234984984983569e+01 7.732494356532999824e-02
5.619619619619619755e+01 3.705505285558997031e+01 7.742056131949998088e-02
5.623623623623623757e+01 3.426964293394952676e+01 7.775096985999999100e-02
5.627627627627627760e+01 3.657957957957950157e+01 7.742039091599998979e-02
5.631631631631631763e+01 5.772422422422422983e+01 6.663891132999999467e-02
5.635635635635635765e+01 3.521859505990367722e+01 7.811931209149999833e-02
5.639639639639639768e+01 3.244995777027024531e+01 7.749560986973000332e-02
5.643643643643643770e+01 3.386048401917535955e+01 7.782693639029997223e-02
5.647647647647647773e+01 5.930167912052678503e+01 6.676702333549999757e-02
5.651651651651651775e+01 3.214514856653529762e+01 7.749560986973000332e-02
5.655655655655655778e+01 3.110058300487984440e+01 7.731658210932999820e-02
5.659659659659659781e+01 2.334955047821245699e+01 7.724371175070000872e-02
5.663663663663663783e+01 5.946846846846847257e+01 6.676670855050000075e-02
5.667667667667667786e+01 3.116940475631886187e+01 7.731658210932999820e-02
5.671671671671671788e+01 3.402933768729666042e+01 7.782726788229998860e-02
5.675675675675675791e+01 3.440531962626682372e+01 7.775096985999999100e-02
5.679679679679679793e+01 3.052827827827827889e+01 7.754189994032999189e-02
5.683683683683683796e+01 3.073296538726233607e+01 7.754333488032999488e-02
5.687687687687687799e+01 2.470589339339336377e+01 7.782698959769999980e-02
5.691691691691691801e+01 3.131125217013880757e+01 7.732502633632999667e-02
5.695695695695695804e+01 5.615599974974974629e+01 6.697140494499997931e-02
5.699699699699699806e+01 3.420098125469224470e+01 7.775067588230000215e-02
5.703703703703703809e+01 5.418657769097221433e+01 6.921275143499998339e-02
5.707707707707707812e+01 3.348819131631626078e+01 7.783083048029998396e-02
5.711711711711711814e+01 3.453800675675672238e+01 7.747646019599997713e-02
5.715715715715715817e+01 5.858608608608608392e+01 6.699858204599999645e-02
5.719719719719719819e+01 2.859790039062502842e+01 7.692080631110001510e-02
5.723723723723723822e+01 3.183821321321318010e+01 7.756955865573000874e-02
5.727727727727727824e+01 3.096832477008253193e+01 7.731666488032999662e-02
5.731731731731731827e+01 3.295186006318820660e+01 7.684374053330000898e-02
5.735735735735735830e+01 3.719266141141137894e+01 7.704254131950000195e-02
5.739739739739739832e+01 3.443983974208575205e+01 7.773669085999998507e-02
5.743743743743743835e+01 3.015325237346718978e+01 7.756590800032998889e-02
5.747747747747747837e+01 3.170242117117121694e+01 7.756955865573000874e-02
5.751751751751751840e+01 3.163463463463462233e+01 7.756955865573000874e-02
5.755755755755755843e+01 3.525259879019638731e+01 7.811931209149999833e-02
5.759759759759759845e+01 3.113588881850601098e+01 7.731658210932999820e-02
5.763763763763763848e+01 5.763763763763763848e+01 6.688370121599999940e-02
5.767767767767767850e+01 3.461012697267573657e+01 7.834111119599997120e-02
5.771771771771771853e+01 5.861955705705706521e+01 6.699858204599999645e-02
5.775775775775775855e+01 3.321353091372621691e+01 7.665240220629998547e-02
5.779779779779779858e+01 3.467444544153529762e+01 7.747646019599997713e-02
5.783783783783783861e+01 3.758894636824319946e+01 7.691725909999998223e-02
5.787787787787787863e+01 5.643093093093092705e+01 6.686660283400000515e-02
5.791791791791791866e+01 3.348803833130006069e+01 7.783083048029998396e-02
5.795795795795795868e+01 3.477477477477480505e+01 7.747604919149997382e-02
5.799799799799799871e+01 5.799941396474599742e+01 6.664989043699999505e-02
5.803803803803803874e+01 3.627377377377371204e+01 7.741838211600000907e-02
5.807807807807807876e+01 3.484684684684680178e+01 7.806681119599996610e-02
5.811811811811811879e+01 3.160172672672674565e+01 7.756955865573000874e-02
5.815815815815815881e+01 3.180524274274270624e+01 7.756955865573000874e-02
5.819819819819819884e+01 5.746645815737611684e+01 6.688370121599999940e-02
5.823823823823823886e+01 3.348698698698696319e+01 7.782693639029997223e-02
5.827827827827827889e+01 5.682132132132132796e+01 6.674253980600000635e-02
5.831831831831831892e+01 3.234844219219218076e+01 7.749560986973000332e-02
5.835835835835835894e+01 3.355605605605599351e+01 7.782693639029997223e-02
5.839839839839839897e+01 6.131118960757632408e+01 6.539651862089998491e-02
5.843843843843843899e+01 5.770653123826952680e+01 6.688370121599999940e-02
5.847847847847847902e+01 3.454206367011540380e+01 7.834111119599997120e-02
5.851851851851851904e+01 3.255235460069435760e+01 7.749560986973000332e-02
5.855855855855855907e+01 3.440529763161593735e+01 7.775096985999999100e-02
5.859859859859859910e+01 3.460979729729735510e+01 7.834111119599997120e-02
5.863863863863863912e+01 3.518461479057181407e+01 7.811931209149999833e-02
5.867867867867867915e+01 2.640540540540533243e+01 7.722579929600000004e-02
5.871871871871871917e+01 3.596629038706672077e+01 7.814714991149998569e-02
5.875875875875875920e+01 3.525238617523781670e+01 7.811931209149999833e-02
5.879879879879879923e+01 3.086936936936939446e+01 7.754333488032999488e-02
5.883883883883883925e+01 3.015346840981604259e+01 7.756590800032998889e-02
5.887887887887887928e+01 2.355155155155148350e+01 7.724371175070000872e-02
5.891891891891891930e+01 3.166891891891893707e+01 7.756955865573000874e-02
5.895895895895895933e+01 5.895895895895895933e+01 6.676776133549998382e-02
5.899899899899899935e+01 3.245088985469834597e+01 7.749560986973000332e-02
5.903903903903903938e+01 3.542342342342340089e+01 7.811931209149999833e-02
5.907907907907907941e+01 3.471184367961716077e+01 7.806681119599996610e-02
5.911911911911911943e+01 3.103609419966840477e+01 7.731666488032999662e-02
5.915915915915915946e+01 3.059637762762755742e+01 7.754333488032999488e-02
5.919919919919919948e+01 5.919630861330080052e+01 6.676744655049998700e-02
5.923923923923923951e+01 3.406545510354111173e+01 7.775067588230000215e-02
5.927927927927927954e+01 3.195523648648641313e+01 7.733130526900000579e-02
5.931931931931931956e+01 3.559159159159147379e+01 7.811931209149999833e-02
5.935935935935935959e+01 2.968040428123434538e+01 7.773043628243000991e-02
5.939939939939939961e+01 5.902815315315315559e+01 6.676776133549998382e-02
5.943943943943943964e+01 3.603370900197067783e+01 7.814810474599999390e-02
5.947947947947947966e+01 3.420070070070059387e+01 7.775067588230000215e-02
5.951951951951951969e+01 3.515080998967719950e+01 7.811931209149999833e-02
5.955955955955955972e+01 2.456977240912791416e+01 7.782698959769999980e-02
5.959959959959959974e+01 3.426976976976975209e+01 7.775096985999999100e-02
5.963963963963963977e+01 5.926397980011260813e+01 6.676744655049998700e-02
5.967967967967967979e+01 3.245082582582577402e+01 7.749560986973000332e-02
5.971971971971971982e+01 3.471208708708709878e+01 7.806681119599996610e-02
5.975975975975975985e+01 3.062614738762195543e+01 7.734067294032999362e-02
5.979979979979979987e+01 3.221247028278268942e+01 7.749560986973000332e-02
5.983983983983983990e+01 3.440498604072820399e+01 7.775096985999999100e-02
5.987987987987987992e+01 3.630802482169673340e+01 7.741838211600000907e-02
5.991991991991991995e+01 3.295303017861610329e+01 7.684374053330000898e-02
5.995995995995995997e+01 2.613293958020510743e+01 7.751131832700000612e-02
6.000000000000000000e+01 3.600000000000000000e+01 7.814810474599999390e-02
