0.000000000000000000e+00 0.000000000000000000e+00 1.975312297859999899e-01
4.004004004004003969e-02 4.204204204204204515e-02 1.975312297859999899e-01
8.008008008008007939e-02 8.408408408408409029e-02 1.975312297859999899e-01
1.201201201201201191e-01 1.261261261261261424e-01 1.975312297859999899e-01
1.601601601601601588e-01 1.791791791791792210e-01 2.131605122900000204e-01
2.002002002002001846e-01 2.102102102102101910e-01 1.975312297859999899e-01
2.402402402402402382e-01 2.575075075075075048e-01 2.132004612500000562e-01
2.802802802802802917e-01 2.971408908908909074e-01 2.132004612500000562e-01
3.203203203203203175e-01 3.383383383383383736e-01 2.131605122900000204e-01
3.603603603603603434e-01 3.780968468468468568e-01 2.131605122900000204e-01
4.004004004004003692e-01 4.179179179179178805e-01 2.131605122900000204e-01
4.404404404404404505e-01 4.180743243243243423e-01 2.131605122900000204e-01
4.804804804804804763e-01 5.773273273273273887e-01 2.131605122900000204e-01
5.205205205205205576e-01 5.741991991991993727e-01 2.132004612500000562e-01
5.605605605605605835e-01 6.170545545545547128e-01 2.131605122900000204e-01
6.006006006006006093e-01 6.142079579579580173e-01 2.132004612500000562e-01
6.406406406406406351e-01 6.566566566566566232e-01 2.131605122900000204e-01
6.806806806806806609e-01 6.934434434434433303e-01 2.132004612500000562e-01
7.207207207207206867e-01 7.561936936936937137e-01 2.131605122900000204e-01
7.607607607607607125e-01 7.566003503503502259e-01 2.131605122900000204e-01
8.008008008008007383e-01 8.158158158158157480e-01 2.131605122900000204e-01
8.408408408408408752e-01 1.108858858858860152e+00 2.132004612500000562e-01
8.808808808808809010e-01 1.035035035035035023e+00 2.131605122900000204e-01
9.209209209209209268e-01 9.899899899899902156e-01 2.132004612500000562e-01
9.609609609609609526e-01 1.015015015015015232e+00 2.131605122900000204e-01
1.001001001001001089e+00 1.069819819819819884e+00 2.132004612500000562e-01
1.041041041041041115e+00 1.094719719719719819e+00 2.131605122900000204e-01
1.081081081081081141e+00 1.149070945945946054e+00 2.132004612500000562e-01
1.121121121121121167e+00 9.949949949949949968e-01 2.131605122900000204e-01
1.161161161161161193e+00 1.129410660660660870e+00 2.132004612500000562e-01
1.201201201201201219e+00 1.274399399399399391e+00 2.131629356900000272e-01
1.241241241241241244e+00 1.287787787787787908e+00 2.131829338800000639e-01
1.281281281281281270e+00 1.313813813813814013e+00 2.131629356900000272e-01
1.321321321321321296e+00 1.452937312312312379e+00 2.131693003900000105e-01
1.361361361361361322e+00 1.413475975975976073e+00 2.131693003900000105e-01
1.401401401401401348e+00 1.472566316316316293e+00 2.131693003900000105e-01
1.441441441441441373e+00 1.532657657657657824e+00 2.131533188900000264e-01
1.481481481481481399e+00 1.592592592592592782e+00 2.130568527900000286e-01
1.521521521521521425e+00 1.911411411411411576e+00 2.137450872760000009e-01
1.561561561561561451e+00 1.327327327327327833e+00 2.131829338800000639e-01
1.601601601601601477e+00 1.691691691691691535e+00 2.133331888230000084e-01
1.641641641641641725e+00 1.723723723723723955e+00 2.131709223780000606e-01
1.681681681681681750e+00 1.723723723723723733e+00 2.131709223780000606e-01
1.721721721721721776e+00 1.743243243243243423e+00 2.131709223780000606e-01
1.761761761761761802e+00 1.870495495495495319e+00 2.127623272760000017e-01
1.801801801801801828e+00 1.711711711711711548e+00 2.133331888230000084e-01
1.841841841841841854e+00 1.841841841841841854e+00 2.131601881880000604e-01
1.881881881881881879e+00 1.881881881881881879e+00 2.131601881880000604e-01
1.921921921921921905e+00 1.921171171171171199e+00 2.131601881880000604e-01
1.961961961961961931e+00 2.109109109109108982e+00 2.137610585359999982e-01
2.002002002002002179e+00 2.109140390390390252e+00 2.137610585359999982e-01
2.042042042042042205e+00 1.990193318318318472e+00 2.137610585359999982e-01
2.082082082082082231e+00 2.030030030030030019e+00 2.137610585359999982e-01
2.122122122122122256e+00 2.337235673173172934e+00 2.148433190580000818e-01
2.162162162162162282e+00 2.375000000000000444e+00 2.195701514780000474e-01
2.202202202202202308e+00 2.752752752752752663e+00 2.261947310400000133e-01
2.242242242242242334e+00 2.354354354354354584e+00 2.195833687380000232e-01
2.282282282282282360e+00 2.455236486486486847e+00 2.261912204380000513e-01
2.322322322322322385e+00 2.555008133133133352e+00 2.261984549380000320e-01
2.362362362362362411e+00 2.317375969719719819e+00 2.148433190580000818e-01
2.402402402402402437e+00 2.554429429429429632e+00 2.261912204380000513e-01
2.442442442442442463e+00 2.475119650900900581e+00 2.261912204380000513e-01
2.482482482482482489e+00 2.793762512512513396e+00 2.262653330400000162e-01
2.522522522522522515e+00 2.395411036036035668e+00 2.195701514780000474e-01
2.562562562562562540e+00 2.753753753753754197e+00 2.262653330400000162e-01
2.602602602602602566e+00 2.732732732732732650e+00 2.261947310400000133e-01
2.642642642642642592e+00 2.793355855855855996e+00 2.262653330400000162e-01
2.682682682682682618e+00 2.932088338338338485e+00 2.262653330400000162e-01
2.722722722722722644e+00 2.773773773773773321e+00 2.262653330400000162e-01
2.762762762762762669e+00 3.091920045045045917e+00 2.209187030400000251e-01
2.802802802802802695e+00 3.011918168168168375e+00 2.267824030400000246e-01
2.842842842842842721e+00 3.269269269269269529e+00 2.191185402499999935e-01
2.882882882882882747e+00 3.191441441441442262e+00 2.209133402500000065e-01
2.922922922922922773e+00 3.032532532532532521e+00 2.209187030400000251e-01
2.962962962962962798e+00 3.131944444444444642e+00 2.209133402500000065e-01
3.003003003003002824e+00 3.171921921921921683e+00 2.209133402500000065e-01
3.043043043043042850e+00 2.852852852852852727e+00 2.262653330400000162e-01
3.083083083083082876e+00 2.813313313313313468e+00 2.262653330400000162e-01
3.123123123123122902e+00 2.654654654654656110e+00 2.261984549380000320e-01
3.163163163163162928e+00 3.525197072072072224e+00 2.162094731429999583e-01
3.203203203203202953e+00 3.604854854854855351e+00 2.162090263529999890e-01
3.243243243243243423e+00 3.486486486486486847e+00 2.162094731429999583e-01
3.283283283283283449e+00 3.447447447447447910e+00 2.162141302499999695e-01
3.323323323323323475e+00 3.427177177177177292e+00 2.162141302499999695e-01
3.363363363363363501e+00 3.447447447447447466e+00 2.162141302499999695e-01
3.403403403403403527e+00 3.169419419419419626e+00 2.191239030400000121e-01
3.443443443443443552e+00 3.268581081081080697e+00 2.191239030400000121e-01
3.483483483483483578e+00 3.288898273273272999e+00 2.191185402499999935e-01
3.523523523523523604e+00 3.348723723723723289e+00 2.191185402499999935e-01
3.563563563563563630e+00 3.940104166666667851e+00 2.145513260659999977e-01
3.603603603603603656e+00 3.604307432432432456e+00 2.162095492829999577e-01
3.643643643643643681e+00 3.644355292792792689e+00 2.162090263529999890e-01
3.683683683683683707e+00 3.682964214214214493e+00 2.145353548060000004e-01
3.723723723723723733e+00 3.722269144144144004e+00 2.145353548060000004e-01
3.763763763763763759e+00 3.762293543543543173e+00 2.145353548060000004e-01
3.803803803803803785e+00 3.802317942942942786e+00 2.145353548060000004e-01
3.843843843843843811e+00 3.843843843843843811e+00 2.120676612359999602e-01
3.883883883883883836e+00 3.980980980980980632e+00 2.104061124959999696e-01
3.923923923923923862e+00 4.120120120120120077e+00 2.104061124959999696e-01
3.963963963963963888e+00 4.159065315315315203e+00 2.104061124959999696e-01
4.004004004004004358e+00 3.605167667667668052e+00 2.162090263529999890e-01
4.044044044044044384e+00 3.841841841841842076e+00 2.145353548060000004e-01
4.084084084084084409e+00 3.980386636636636943e+00 2.104061124959999696e-01
4.124124124124124435e+00 4.021021021021020658e+00 2.104061124959999696e-01
4.164164164164164461e+00 4.060060060060060039e+00 2.104061124959999696e-01
4.204204204204204487e+00 4.099099099099099419e+00 2.104061124959999696e-01
4.244244244244244513e+00 4.564220470470471192e+00 2.162460925100000431e-01
4.284284284284284539e+00 4.445781719219219497e+00 2.162343671100000475e-01
4.324324324324324564e+00 4.703547297297298257e+00 2.162460925100000431e-01
4.364364364364364590e+00 4.800800800800802293e+00 2.148484925100000442e-01
4.404404404404404616e+00 4.406124874874874919e+00 2.162343671100000475e-01
4.444444444444444642e+00 4.444444444444444642e+00 2.159534501100000281e-01
4.484484484484484668e+00 4.485360360360360232e+00 2.162343671100000475e-01
4.524524524524524693e+00 4.524524524524524693e+00 2.162442103100000457e-01
4.564564564564564719e+00 4.564564564564564719e+00 2.162460925100000431e-01
4.604604604604604745e+00 4.604604604604604745e+00 2.162460925100000431e-01
4.644644644644644771e+00 4.760760760760760490e+00 2.148484925100000442e-01
4.684684684684684797e+00 4.977477477477478374e+00 2.235037071740000603e-01
4.724724724724724823e+00 5.374374374374376373e+00 2.229165460980000457e-01
4.764764764764764848e+00 4.783377127127127260e+00 2.162460925100000431e-01
4.804804804804804874e+00 5.056306306306305842e+00 2.235037071740000603e-01
4.844844844844844900e+00 4.723723723723723289e+00 2.162460925100000431e-01
4.884884884884884926e+00 4.365865865865865558e+00 2.159534501100000281e-01
4.924924924924924952e+00 5.294294294294294545e+00 2.234912560980000518e-01
4.964964964964964977e+00 5.277214714714714816e+00 2.154344135740000610e-01
5.005005005005005003e+00 5.255255255255255165e+00 2.234912560980000518e-01
5.045045045045045029e+00 5.235219594594594739e+00 2.234912560980000518e-01
5.085085085085085055e+00 5.611470845845847322e+00 2.197639690780000543e-01
5.125125125125125081e+00 5.829829829829831667e+00 2.197382025680000572e-01
5.165165165165165106e+00 5.117750563063061975e+00 2.160091235740000670e-01
5.205205205205205132e+00 4.879879879879879923e+00 2.148484925100000442e-01
5.245245245245245158e+00 5.671421421421421805e+00 2.197606991780000629e-01
5.285285285285285184e+00 5.830330330330330213e+00 2.197382025680000572e-01
5.325325325325325210e+00 5.658158158158158813e+00 2.202663397949999879e-01
5.365365365365365236e+00 5.658259822322325050e+00 2.202663397949999879e-01
5.405405405405405261e+00 5.717905405405405261e+00 2.202663397949999879e-01
5.445445445445445287e+00 5.717717717717717640e+00 2.202663397949999879e-01
5.485485485485485313e+00 6.342592592592593448e+00 2.141832649900000385e-01
5.525525525525525339e+00 6.561561561561564559e+00 2.151305936900000382e-01
5.565565565565565365e+00 5.935153903903903405e+00 2.202707402949999893e-01
5.605605605605605390e+00 5.849756006006005649e+00 2.197382025680000572e-01
5.645645645645645416e+00 6.068517736486486847e+00 2.180061191380000540e-01
5.685685685685685442e+00 5.934989677177177292e+00 2.202707402949999893e-01
5.725725725725725468e+00 5.869987174674674790e+00 2.197382025680000572e-01
5.765765765765765494e+00 6.342342342342343287e+00 2.141832649900000385e-01
5.805805805805805520e+00 6.490709459459459651e+00 2.140107661100000280e-01
5.845845845845845545e+00 7.307307307307305599e+00 2.183482417600000336e-01
5.885885885885885571e+00 5.591591591591591026e+00 2.197639690780000543e-01
5.925925925925925597e+00 5.037037037037037202e+00 2.235037071740000603e-01
5.965965965965965623e+00 5.816234202952951904e+00 2.202707402949999893e-01
6.006006006006005649e+00 5.855855855855855552e+00 2.202707402949999893e-01
6.046046046046045674e+00 6.660097597597597563e+00 2.151253806070000385e-01
6.086086086086085700e+00 5.929476351351351759e+00 2.197382025680000572e-01
6.126126126126125726e+00 6.049549549549548821e+00 2.135413503900000232e-01
6.166166166166165752e+00 6.474474474474474661e+00 2.136170756899999912e-01
6.206206206206205778e+00 6.048626751751752906e+00 2.195052191380000572e-01
6.246246246246245803e+00 5.855855855855855552e+00 2.202707402949999893e-01
6.286286286286285829e+00 6.522022022022021304e+00 2.151305936900000382e-01
6.326326326326325855e+00 5.691222472472471594e+00 2.197606991780000629e-01
6.366366366366365881e+00 5.571814001501500968e+00 2.197639690780000543e-01
6.406406406406405907e+00 6.248748748748748305e+00 2.135442098100000241e-01
6.446446446446446821e+00 6.929772545983484022e+00 2.184256363200000051e-01
6.486486486486486847e+00 6.739864864864864913e+00 2.151146464170000383e-01
6.526526526526526872e+00 6.699887387387387427e+00 2.151146464170000383e-01
6.566566566566566898e+00 7.048798798798800114e+00 2.184298454300000192e-01
6.606606606606606924e+00 7.287912912912913654e+00 2.183482417600000336e-01
6.646646646646646950e+00 6.989202092717717640e+00 2.184298454300000192e-01
6.686686686686686976e+00 6.268115772022022192e+00 2.135442098100000241e-01
6.726726726726727001e+00 6.474474474474474661e+00 2.136170756899999912e-01
6.766766766766767027e+00 6.851351351351351759e+00 2.160214163199999926e-01
6.806806806806807053e+00 7.444944944944944965e+00 2.147040879100000355e-01
6.846846846846847079e+00 7.167458474099099419e+00 2.184298454300000192e-01
6.886886886886887105e+00 7.068474724724724823e+00 2.184298454300000192e-01
6.926926926926927131e+00 6.581257038288288008e+00 2.151305936900000382e-01
6.966966966966967156e+00 6.890765765765765494e+00 2.160214163199999926e-01
7.007007007007007182e+00 6.831831831831831181e+00 2.160214163199999926e-01
7.047047047047047208e+00 6.870870870870870561e+00 2.160214163199999926e-01
7.087087087087087234e+00 6.799174174174173579e+00 2.151146464170000383e-01
7.127127127127127260e+00 6.870995995995995642e+00 2.160214163199999926e-01
7.167167167167167285e+00 7.008985548048047853e+00 2.184298454300000192e-01
7.207207207207207311e+00 7.207207207207207311e+00 2.183454787600000169e-01
7.247247247247247337e+00 7.247954986236235797e+00 2.183482417600000336e-01
7.287287287287287363e+00 7.287287287287287363e+00 2.183482417600000336e-01
7.327327327327327389e+00 7.327327327327327389e+00 2.183482417600000336e-01
7.367367367367367414e+00 7.009071571571571013e+00 2.184298454300000192e-01
7.407407407407407440e+00 7.405960648148148806e+00 2.183495279100000352e-01
7.447447447447447466e+00 7.447447447447447466e+00 2.151534817600000427e-01
7.487487487487487492e+00 7.484562687687687621e+00 2.147040879100000355e-01
7.527527527527527518e+00 7.506576889389389606e+00 2.151547679100000443e-01
7.567567567567567544e+00 7.187711148648647352e+00 2.183454787600000169e-01
7.607607607607607569e+00 7.227227227227226436e+00 2.183454787600000169e-01
7.647647647647647595e+00 7.646153966466465945e+00 2.151066450830000365e-01
7.687687687687687621e+00 7.785285285285285184e+00 2.151066450830000365e-01
7.727727727727727647e+00 7.945070070070070045e+00 2.151066450830000365e-01
7.767767767767767673e+00 7.964996246246246692e+00 2.151066450830000365e-01
7.807807807807807698e+00 7.905405405405407038e+00 2.151066450830000365e-01
7.847847847847847724e+00 8.241773023023021949e+00 2.116475638670000381e-01
7.887887887887887750e+00 8.261484140390393804e+00 2.116475638670000381e-01
7.927927927927927776e+00 8.301097972972973693e+00 2.116475638670000381e-01
7.967967967967967802e+00 8.518100131381380891e+00 2.116413763910000301e-01
8.008008008008008716e+00 7.307307307307308264e+00 2.183482417600000336e-01
8.048048048048048742e+00 7.646431587837838606e+00 2.151066450830000365e-01
8.088088088088088767e+00 7.860610610610609505e+00 2.147102462740000384e-01
8.128128128128128793e+00 7.721721721721721110e+00 2.147139311100000336e-01
8.168168168168168819e+00 8.577374249249249516e+00 2.083984068910000320e-01
8.208208208208208845e+00 8.518019973098098774e+00 2.116413763910000301e-01
8.248248248248248871e+00 8.043653028028026952e+00 2.114710482830000349e-01
8.288288288288288896e+00 8.084318693693692381e+00 2.116414055030000352e-01
8.328328328328328922e+00 4.996996996996987406e+00 2.235037071740000603e-01
8.368368368368368948e+00 8.576760354104104422e+00 2.083984068910000320e-01
8.408408408408408974e+00 7.565925300300301082e+00 2.151547679100000443e-01
8.448448448448449000e+00 8.872520958458459006e+00 1.956714298710000299e-01
8.488488488488489025e+00 9.125125125125126857e+00 1.938735697730000485e-01
8.528528528528529051e+00 8.103976046358859264e+00 2.116512487030000333e-01
8.568568568568569077e+00 9.184434434434436412e+00 1.938725360061000491e-01
8.608608608608609103e+00 8.930170404779779858e+00 1.913804198710000182e-01
8.648648648648649129e+00 9.625000000000003553e+00 1.879646907499999964e-01
8.688688688688689155e+00 8.853298611111112493e+00 1.956714298710000299e-01
8.728728728728729180e+00 9.383383383383385734e+00 1.934534770061000497e-01
8.768768768768769206e+00 9.423001126126127502e+00 1.934534770061000497e-01
8.808808808808809232e+00 8.973973973973974338e+00 1.921352777610000340e-01
8.848848848848849258e+00 8.019269269269267753e+00 2.114673634470000396e-01
8.888888888888889284e+00 8.222222222222221433e+00 2.116475638670000381e-01
8.928928928928929309e+00 8.873123123123125566e+00 1.956714298710000299e-01
8.968968968968969335e+00 8.578328328328328922e+00 2.060423553910000483e-01
9.009009009009009361e+00 8.556798986486487735e+00 2.083984068910000320e-01
9.049049049049049387e+00 8.598363988988989348e+00 2.060423553910000483e-01
9.089089089089089413e+00 7.725725725725725468e+00 2.151066450830000365e-01
9.129129129129129439e+00 9.129129129129129439e+00 1.913622669770000395e-01
9.169169169169169464e+00 9.283783783783784216e+00 1.938725360061000491e-01
9.209209209209209490e+00 9.148054304304302775e+00 1.913622669770000395e-01
9.249249249249249516e+00 9.263701201201200774e+00 1.938725360061000491e-01
9.289289289289289542e+00 9.302896646646647838e+00 1.938725360061000491e-01
9.329329329329329568e+00 9.562562562562563429e+00 1.934534770061000497e-01
9.369369369369369593e+00 9.369369369369369593e+00 1.912816412370000330e-01
9.409409409409409619e+00 8.675218186936938025e+00 1.977325068910000261e-01
9.449449449449449645e+00 9.923767517517520176e+00 1.942441906799999840e-01
9.489489489489489671e+00 5.690913569819818107e+00 2.197606991780000629e-01
9.529529529529529697e+00 7.623623623623618784e+00 2.147040879100000355e-01
9.569569569569569722e+00 1.004244087837837895e+01 1.942512698899999946e-01
9.609609609609609748e+00 9.009009009009009361e+00 1.913789546970000310e-01
9.649649649649649774e+00 1.010103462837837895e+01 1.942512698899999946e-01
9.689689689689689800e+00 1.059715183933933957e+01 1.939514215500000305e-01
9.729729729729729826e+00 9.562500000000000000e+00 1.934534770061000497e-01
9.769769769769769852e+00 9.342342342342341510e+00 1.938725360061000491e-01
9.809809809809809877e+00 1.030089904357482489e+01 1.942426197899999873e-01
9.849849849849849903e+00 7.326787725225219816e+00 2.183482417600000336e-01
9.889889889889889929e+00 9.148148148148147030e+00 1.913622669770000395e-01
9.929929929929929955e+00 6.950950950950943508e+00 2.160214163199999926e-01
9.969969969969969981e+00 1.022116647897897934e+01 1.942426197899999873e-01
1.001001001001001001e+01 9.824277402402401549e+00 1.942429994099999779e-01
1.005005005005005003e+01 8.040040040040036473e+00 2.114673634470000396e-01
1.009009009009009006e+01 1.267567567567567366e+01 1.917793186650000037e-01
1.013013013013013008e+01 1.063713127189689800e+01 1.939541845500000194e-01
1.017017017017017011e+01 1.067669231731731827e+01 1.939541845500000194e-01
1.021021021021021014e+01 1.327327327327327211e+01 1.883678587370000157e-01
1.025025025025025016e+01 1.153153153153153454e+01 1.893033986130000235e-01
1.029029029029029019e+01 1.041791400775775855e+01 1.929727196700000147e-01
1.033033033033033021e+01 1.045744181681681795e+01 1.929727196700000147e-01
1.037037037037037024e+01 1.024074074074074048e+01 1.942426197899999873e-01
1.041041041041041026e+01 1.028078860110110071e+01 1.942426197899999873e-01
1.045045045045045029e+01 1.032058523367117076e+01 1.942411056699999972e-01
1.049049049049049032e+01 1.101399055305305197e+01 1.898025003800000443e-01
1.053053053053053034e+01 1.107351101101101243e+01 1.898025003800000443e-01
1.057057057057057037e+01 1.081625375375375242e+01 1.939541845500000194e-01
1.061061061061061039e+01 1.008215246496496498e+01 1.942512698899999946e-01
1.065065065065065042e+01 1.184884884884885103e+01 1.893002589730000129e-01
1.069069069069069045e+01 1.055705705705705810e+01 1.939514215500000305e-01
1.073073073073073047e+01 1.101681368868869093e+01 1.882742372220000127e-01
1.077077077077077050e+01 1.117309692505005003e+01 1.893806783800000282e-01
1.081081081081081052e+01 1.123363597972972983e+01 1.893044742830000404e-01
1.085085085085085055e+01 1.139233373998998999e+01 1.893106061130000461e-01
1.089089089089089057e+01 1.367317317317317205e+01 1.904517150900000011e-01
1.093093093093093060e+01 1.174968327702702986e+01 1.893002589730000129e-01
1.097097097097097063e+01 1.069669669669669787e+01 1.939541845500000194e-01
1.101101101101101065e+01 1.073573573573573547e+01 1.939541845500000194e-01
1.105105105105105068e+01 1.194840934684684797e+01 1.893002589730000129e-01
1.109109109109109070e+01 7.885072572572582317e+00 2.151066450830000365e-01
1.113113113113113073e+01 1.083546046046046030e+01 1.939512203800000389e-01
1.117117117117117076e+01 1.172972972972972983e+01 1.893002589730000129e-01
1.121121121121121078e+01 1.149176520270270174e+01 1.893106061130000461e-01
1.125125125125125081e+01 1.139189189189189122e+01 1.893106061130000461e-01
1.129129129129129083e+01 1.143243243243243157e+01 1.893106061130000461e-01
1.133133133133133086e+01 1.067623873873873741e+01 1.939541845500000194e-01
1.137137137137137088e+01 1.051851851851851727e+01 1.929566953100000370e-01
1.141141141141141091e+01 1.147158877627627049e+01 1.893106061130000461e-01
1.145145145145145094e+01 1.145145145145145094e+01 1.893106061130000461e-01
1.149149149149149096e+01 1.149177204548298192e+01 1.893106061130000461e-01
1.153153153153153099e+01 1.036036036036036023e+01 1.942250813100000195e-01
1.157157157157157101e+01 1.157100655342842721e+01 1.893033986130000235e-01
1.161161161161161104e+01 1.161047766516516511e+01 1.893002589730000129e-01
1.165165165165165106e+01 1.165051379504504503e+01 1.893002589730000129e-01
1.169169169169169109e+01 1.170995995995995997e+01 1.893002589730000129e-01
1.173173173173173112e+01 1.393085859296797047e+01 1.904517150900000011e-01
1.177177177177177114e+01 1.265580424174174112e+01 1.917793186650000037e-01
1.181181181181181117e+01 1.157130763576076049e+01 1.893033986130000235e-01
1.185185185185185119e+01 1.161053240740740833e+01 1.893002589730000129e-01
1.189189189189189122e+01 1.308108108108108070e+01 1.850990334740000021e-01
1.193193193193193125e+01 1.107374171046045852e+01 1.898025003800000443e-01
1.197197197197197127e+01 1.107378178960210136e+01 1.898025003800000443e-01
1.201201201201201130e+01 1.257595486111111072e+01 1.917666740750000043e-01
1.205205205205205132e+01 1.263597044309934780e+01 1.917793186650000037e-01
1.209209209209209135e+01 1.239439439439439283e+01 1.865725051849999871e-01
1.213213213213213137e+01 1.395195195195195481e+01 1.904491399810000207e-01
1.217217217217217140e+01 1.249608983983983634e+01 1.917608651850000179e-01
1.221221221221221143e+01 1.312812812812812702e+01 1.865936187549999958e-01
1.225225225225225145e+01 1.405180180180180471e+01 1.904491399810000207e-01
1.229229229229229148e+01 1.188895145145145449e+01 1.893002589730000129e-01
1.233233233233233150e+01 1.279479479479479664e+01 1.917230332650000091e-01
1.237237237237237153e+01 1.385125750750750306e+01 1.904517150900000011e-01
1.241241241241241156e+01 1.365365365365365236e+01 1.904517150900000011e-01
1.245245245245245158e+01 1.307507507507507505e+01 1.883675739850000086e-01
1.249249249249249161e+01 1.374174174174174112e+01 1.889490428750000561e-01
1.253253253253253163e+01 1.291438313313313202e+01 1.899555785650000050e-01
1.257257257257257166e+01 1.257594899587087056e+01 1.917666740750000043e-01
1.261261261261261168e+01 1.261569186373873919e+01 1.917666740750000043e-01
1.265265265265265171e+01 1.231656656656656779e+01 1.917608651850000179e-01
1.269269269269269174e+01 1.301124953078077695e+01 1.798575269479999739e-01
1.273273273273273176e+01 1.241627956081081408e+01 1.917608651850000179e-01
1.277277277277277179e+01 1.420970970970970981e+01 1.904412008710000270e-01
1.281281281281281181e+01 1.377377377377377421e+01 1.904517150900000011e-01
1.285285285285285362e+01 1.317417417417417624e+01 1.883675739850000086e-01
1.289289289289289364e+01 1.385985985985985991e+01 1.889490428750000561e-01
1.293293293293293367e+01 1.279526792417417624e+01 1.917230332650000091e-01
1.297297297297297369e+01 1.283488175675675791e+01 1.917230332650000091e-01
1.301301301301301372e+01 1.285543355855855907e+01 1.899555785650000050e-01
1.305305305305305374e+01 1.289498873873873919e+01 1.899555785650000050e-01
1.309309309309309377e+01 1.294988738738738476e+01 1.865936187549999958e-01
1.313313313313313380e+01 1.298948948948949145e+01 1.865936187549999958e-01
1.317317317317317382e+01 1.383183183183183296e+01 1.904517150900000011e-01
1.321321321321321385e+01 1.304804804804804874e+01 1.865936187549999958e-01
1.325325325325325387e+01 1.325325325325325387e+01 1.883678587370000157e-01
1.329329329329329390e+01 1.329329329329329390e+01 1.883678587370000157e-01
1.333333333333333393e+01 1.333365885416666785e+01 1.883721539969999970e-01
1.337337337337337395e+01 1.320620620620620578e+01 1.865936187549999958e-01
1.341341341341341398e+01 1.259603353353353583e+01 1.917666740750000043e-01
1.345345345345345400e+01 1.343259665915915946e+01 1.883742504039999932e-01
1.349349349349349403e+01 1.399949949949949968e+01 1.889487639440000366e-01
1.353353353353353405e+01 1.387187187187187298e+01 1.904517150900000011e-01
1.357357357357357408e+01 1.289489489489489493e+01 1.899555785650000050e-01
1.361361361361361411e+01 1.327327327327327211e+01 1.883678587370000157e-01
1.365365365365365413e+01 1.365365365365365413e+01 1.904517150900000011e-01
1.369369369369369416e+01 1.369369369369369416e+01 1.904517150900000011e-01
1.373373373373373418e+01 1.373373373373373418e+01 1.904517150900000011e-01
1.377377377377377421e+01 1.377377377377377421e+01 1.904517150900000011e-01
1.381381381381381424e+01 1.308130396021021191e+01 1.850990334740000021e-01
1.385385385385385426e+01 1.456819319319319384e+01 1.900239068590000302e-01
1.389389389389389429e+01 1.337321207926676792e+01 1.883721539969999970e-01
1.393393393393393431e+01 1.399924924924924952e+01 1.889487639440000366e-01
1.397397397397397434e+01 1.460785199261762024e+01 1.900239068590000302e-01
1.401401401401401436e+01 1.484541181806807231e+01 1.900239068590000302e-01
1.405405405405405439e+01 1.719425675675676501e+01 1.979177252870000236e-01
1.409409409409409442e+01 1.427027027027027017e+01 1.904412008710000270e-01
1.413413413413413444e+01 1.379182307307307198e+01 1.904517150900000011e-01
1.417417417417417447e+01 1.452870155311561540e+01 1.941385368590000382e-01
1.421421421421421449e+01 1.492423087149649952e+01 1.900210493270000078e-01
1.425425425425425452e+01 1.634645583083083409e+01 1.936878470700000299e-01
1.429429429429429455e+01 1.478566066066065865e+01 1.900239068590000302e-01
1.433433433433433457e+01 1.648448448448448644e+01 1.936878470700000299e-01
1.437437437437437460e+01 1.432945445445445287e+01 1.904412008710000270e-01
1.441441441441441462e+01 1.369369369369369238e+01 1.904517150900000011e-01
1.445445445445445465e+01 1.300900900900900581e+01 1.865936187549999958e-01
1.449449449449449467e+01 1.492409206081081052e+01 1.900210493270000078e-01
1.453453453453453470e+01 1.530668168168168464e+01 1.875236177600000387e-01
1.457457457457457473e+01 1.421021021021021014e+01 1.904412008710000270e-01
1.461461461461461475e+01 1.424782204079079229e+01 1.863347987810000383e-01
1.465465465465465478e+01 1.648755982545044674e+01 1.955273570700000185e-01
1.469469469469469480e+01 1.405180180180180116e+01 1.904491399810000207e-01
1.473473473473473483e+01 1.511173673673673790e+01 1.897727547290000150e-01
1.477477477477477485e+01 1.539808558558558538e+01 1.833324359410000437e-01
1.481481481481481488e+01 1.703848379629630116e+01 1.968078464990000165e-01
1.485485485485485491e+01 1.717520059121622111e+01 1.979208649270000342e-01
1.489489489489489493e+01 1.603528528528528341e+01 1.862289497700000407e-01
1.493493493493493496e+01 1.416995706644144093e+01 1.904523724610000246e-01
1.497497497497497498e+01 1.620850929054054390e+01 1.936969716100000183e-01
1.501501501501501501e+01 1.511179147897897934e+01 1.897727547290000150e-01
1.505505505505505504e+01 1.731404842342342931e+01 1.979177252870000236e-01
1.509509509509509506e+01 1.745222957332332925e+01 1.989530747399999855e-01
1.513513513513513509e+01 1.674693834459460007e+01 1.965026902299999989e-01
1.517517517517517511e+01 1.640815815815815881e+01 1.955273570700000185e-01
1.521521521521521514e+01 1.609484484484485023e+01 1.862289497700000407e-01
1.525525525525525516e+01 1.678673986486486314e+01 1.965026902299999989e-01
1.529529529529529519e+01 1.680017908533533344e+01 1.968189275980000152e-01
1.533533533533533522e+01 1.648548548548548354e+01 1.936878470700000299e-01
1.537537537537537524e+01 1.739264264264264526e+01 1.989458402400000048e-01
1.541541541541541527e+01 1.599349349349349403e+01 1.862289497700000407e-01
1.545545545545545529e+01 1.622822822822822886e+01 1.936969716100000183e-01
1.549549549549549532e+01 1.636825204110360232e+01 1.955273570700000185e-01
1.553553553553553535e+01 1.660739645895895578e+01 1.955199302299999720e-01
1.557557557557557537e+01 1.387199699699698918e+01 1.904517150900000011e-01
1.561561561561561540e+01 1.727477477477477663e+01 1.979177252870000236e-01
1.565565565565565542e+01 1.399224224224223789e+01 1.904491399810000207e-01
1.569569569569569545e+01 1.569569569569569545e+01 1.863962074400000168e-01
1.573573573573573547e+01 1.504422391141141269e+01 1.900218528210000091e-01
1.577577577577577550e+01 1.725475475475475662e+01 1.979177252870000236e-01
1.581581581581581553e+01 1.660737886323823886e+01 1.955199302299999720e-01
1.585585585585585555e+01 1.695833333333333570e+01 1.968078464990000165e-01
1.589589589589589558e+01 1.609459459459459651e+01 1.862289497700000407e-01
1.593593593593593560e+01 1.553675941566566721e+01 1.864622207910000273e-01
1.597597597597597563e+01 1.557657657657657424e+01 1.864622207910000273e-01
1.601601601601601743e+01 1.571571571571571724e+01 1.863962074400000168e-01
1.605605605605605746e+01 1.575500500500500678e+01 1.863962074400000168e-01
1.609609609609609748e+01 1.721527777777778567e+01 1.979208649270000342e-01
1.613613613613613751e+01 1.774974974974975339e+01 1.989540398219999950e-01
1.617617617617617753e+01 1.695891985735736185e+01 1.968078464990000165e-01
1.621621621621621756e+01 1.636824324324324209e+01 1.955273570700000185e-01
1.625625625625625759e+01 1.685951576576577082e+01 1.968189275980000152e-01
1.629629629629629761e+01 1.680635127314814881e+01 1.965026902299999989e-01
1.633633633633633764e+01 1.551872184684684797e+01 1.854028261000000288e-01
1.637637637637637766e+01 1.719519519519519690e+01 1.979208649270000342e-01
1.641641641641641769e+01 1.723403090590590736e+01 1.979177252870000236e-01
1.645645645645645772e+01 1.769069069069069755e+01 1.989558377400000022e-01
1.649649649649649774e+01 1.629351226226226501e+01 1.871987047700000018e-01
1.653653653653653777e+01 1.633305962212212137e+01 1.871987047700000018e-01
1.657657657657657779e+01 1.637260698198198483e+01 1.871987047700000018e-01
1.661661661661661782e+01 1.641215434184184119e+01 1.871987047700000018e-01
1.665665665665665784e+01 1.644519519519519335e+01 1.936878470700000299e-01
1.669669669669669787e+01 1.753193916572823241e+01 1.989558377400000022e-01
1.673673673673673790e+01 1.798872309809809877e+01 1.959007558519999526e-01
1.677677677677677792e+01 1.719537701764264170e+01 1.979208649270000342e-01
1.681681681681681795e+01 1.597269144144144271e+01 1.862289497700000407e-01
1.685685685685685797e+01 1.727498592342342221e+01 1.979177252870000236e-01
1.689689689689689800e+01 2.070199887387387605e+01 2.169311637050000130e-01
1.693693693693693803e+01 1.616906848254504325e+01 1.936969716100000183e-01
1.697697697697697805e+01 1.782914164164164106e+01 1.989540398219999950e-01
1.701701701701701808e+01 1.701867883508508683e+01 1.968078464990000165e-01
1.705705705705705810e+01 1.705872278528528696e+01 1.968078464990000165e-01
1.709709709709709813e+01 1.709793191629129439e+01 1.968078464990000165e-01
1.713713713713713815e+01 1.713546358858858909e+01 1.979208649270000342e-01
1.717717717717717818e+01 1.717717717717717818e+01 1.968150809989999972e-01
1.721721721721721821e+01 1.680023773773773854e+01 1.968189275980000152e-01
1.725725725725725823e+01 1.687891211524024015e+01 1.968225078390000160e-01
1.729729729729729826e+01 1.691891891891891930e+01 1.968225078390000160e-01
1.733733733733733828e+01 1.798769912490616107e+01 1.990125958519999849e-01
1.737737737737737831e+01 1.824624624624624758e+01 1.959019898509999635e-01
1.741741741741741833e+01 1.828828828828828890e+01 1.959914654909999665e-01
1.745745745745745836e+01 1.773065643768769206e+01 1.989558377400000022e-01
1.749749749749749839e+01 1.773074050613113428e+01 1.989558377400000022e-01
1.753753753753753841e+01 1.759148601726726469e+01 1.989558377400000022e-01
1.757757757757757844e+01 1.759131006006006004e+01 1.989558377400000022e-01
1.761761761761761846e+01 1.866409378128128083e+01 1.938312404130000111e-01
1.765765765765765849e+01 1.820945945945945965e+01 1.959902314919999555e-01
1.769769769769769852e+01 1.498428115615615042e+01 1.900205911170000095e-01
1.773773773773773854e+01 1.862462462462462653e+01 1.959970404130000066e-01
1.777777777777777857e+01 2.044357638888888573e+01 2.169330045539999974e-01
1.781781781781781859e+01 1.848598598598598741e+01 1.959914654909999665e-01
1.785785785785785862e+01 2.165423309051239187e+01 2.184240692470000023e-01
1.789789789789789864e+01 1.705806001313813880e+01 1.968078464990000165e-01
1.793793793793793867e+01 1.973173173173173467e+01 2.036888368080000122e-01
1.797797797797797870e+01 1.887687687687687799e+01 1.895508161949999715e-01
1.801801801801801872e+01 1.813063063063062685e+01 1.959902314919999555e-01
1.805805805805805875e+01 2.014778450325326276e+01 2.068227042779999802e-01
1.809809809809809877e+01 1.866410551176176824e+01 1.938312404130000111e-01
1.813813813813813880e+01 2.080328424127253228e+01 2.231775493770000451e-01
1.817817817817817883e+01 1.908619948073073402e+01 1.908126366230000204e-01
1.821821821821821885e+01 1.799049049049049032e+01 1.959007558519999526e-01
1.825825825825825888e+01 2.139628495683184184e+01 2.220421511070000131e-01
1.829829829829829890e+01 2.012812812812813235e+01 2.068227042779999802e-01
1.833833833833833893e+01 1.977102102102102421e+01 2.036888368080000122e-01
1.837837837837837895e+01 1.872297297297297547e+01 1.938312404130000111e-01
1.841841841841841898e+01 2.302392235985985991e+01 2.168276653399999754e-01
1.845845845845845901e+01 1.765090090090090058e+01 1.989558377400000022e-01
1.849849849849849903e+01 1.820945945945945965e+01 1.959902314919999555e-01
1.853853853853853906e+01 1.761161161161161104e+01 1.989558377400000022e-01
1.857857857857857908e+01 1.741378878878878922e+01 1.978957712270000002e-01
1.861861861861861911e+01 1.832770270270270530e+01 1.959914654909999665e-01
1.865865865865865914e+01 2.151576576576577438e+01 2.178909980070000141e-01
1.869869869869869916e+01 1.969206706706707166e+01 2.036888368080000122e-01
1.873873873873873919e+01 1.996846846846847257e+01 2.068287914080000067e-01
1.877877877877877921e+01 1.666616616616616398e+01 1.955199302299999720e-01
1.881881881881881924e+01 1.846596596596596385e+01 1.959914654909999665e-01
1.885885885885885926e+01 1.508662666572821820e+01 1.891335427800000246e-01
1.889889889889889929e+01 1.972572572572572724e+01 1.952903532220000016e-01
1.893893893893893932e+01 1.986924033408408974e+01 2.068850768080000013e-01
1.897897897897897934e+01 2.052102102102102066e+01 2.095346288140000068e-01
1.901901901901901937e+01 2.115865865865865914e+01 2.210179011070000088e-01
1.905905905905905939e+01 2.038425925925926308e+01 2.169341558979999973e-01
1.909909909909909942e+01 1.769650900900900581e+01 1.957925214499999789e-01
1.913913913913913944e+01 1.828871840590590381e+01 1.959914654909999665e-01
1.917917917917917947e+01 1.664692817817817883e+01 1.955199302299999720e-01
1.921921921921921950e+01 2.102102102102102066e+01 2.231837011070000043e-01
1.925925925925925952e+01 2.052314814814815236e+01 2.169330045539999974e-01
1.929929929929929955e+01 2.032457457457457650e+01 2.169341558979999973e-01
1.933933933933933957e+01 2.030465377486861911e+01 2.169298606380000161e-01
1.937937937937937960e+01 2.131684418793793867e+01 2.220421511070000131e-01
1.941941941941941963e+01 2.221096096096095707e+01 2.168114793799999773e-01
1.945945945945945965e+01 1.848648648648648418e+01 1.959914654909999665e-01
1.949949949949949968e+01 1.852595271052302195e+01 1.959914654909999665e-01
1.953953953953953970e+01 2.161466153653653777e+01 2.178999652470000048e-01
1.957957957957957973e+01 2.147659035989114429e+01 2.178934311070000185e-01
1.961961961961961975e+01 2.066191191191191123e+01 2.169311637050000130e-01
1.965965965965965978e+01 2.064264264264264526e+01 2.169304294450000170e-01
1.969969969969969981e+01 2.123777683933934668e+01 2.210179011070000088e-01
1.973973973973973983e+01 2.165491859046546352e+01 2.161325105470000008e-01
1.977977977977977986e+01 2.274674674674675146e+01 2.168080837899999669e-01
1.981981981981981988e+01 1.820945945945945965e+01 1.959902314919999555e-01
1.985985985985985991e+01 2.054302740240240510e+01 2.169330045539999974e-01
1.989989989989989994e+01 2.288488488488489025e+01 2.168080837899999669e-01
1.993993993993993996e+01 2.193296030405405617e+01 2.168175444800000129e-01
1.997997997997997999e+01 2.104141641641641769e+01 2.231837011070000043e-01
2.002002002002002001e+01 2.102102102102102066e+01 2.231837011070000043e-01
2.006006006006006004e+01 2.256756756756757198e+01 2.168080837899999669e-01
2.010010010010010006e+01 2.060260260260260168e+01 2.169304294450000170e-01
2.014014014014014009e+01 2.064364364364364235e+01 2.169304294450000170e-01
2.018018018018018012e+01 2.100147804054054035e+01 2.231837011070000043e-01
2.022022022022022014e+01 2.096070680055054680e+01 2.231775493770000451e-01
2.026026026026026017e+01 2.203204376251251517e+01 2.168039151809999787e-01
2.030030030030030019e+01 2.232933910472973338e+01 2.168114793799999773e-01
2.034034034034034022e+01 2.135686076701701808e+01 2.220421511070000131e-01
2.038038038038038025e+01 2.165216388263263525e+01 2.151731851800000039e-01
2.042042042042042027e+01 2.195195195195195126e+01 2.168195092809999946e-01
2.046046046046046030e+01 1.994894894894894577e+01 2.068287914080000067e-01
2.050050050050050032e+01 1.998898898898898580e+01 2.068287914080000067e-01
2.054054054054054035e+01 2.036452174831081408e+01 2.169341558979999973e-01
2.058058058058058037e+01 2.058259040290290187e+01 2.169304294450000170e-01
2.062062062062062040e+01 2.163453492555055391e+01 2.178999652470000048e-01
2.066066066066066043e+01 2.246846846846847257e+01 2.168189767699999770e-01
2.070070070070070045e+01 2.121821821821821885e+01 2.210179011070000088e-01
2.074074074074074048e+01 2.100151909722222143e+01 2.231837011070000043e-01
2.078078078078078050e+01 2.104054054054054035e+01 2.231837011070000043e-01
2.082082082082082053e+01 2.108006443943943964e+01 2.231837011070000043e-01
2.086086086086086056e+01 2.086289805430430278e+01 2.231775493770000451e-01
2.090090090090090058e+01 2.090192145270270174e+01 2.231775493770000451e-01
2.094094094094094061e+01 2.094094094094094061e+01 2.231775493770000451e-01
2.098098098098098063e+01 2.098200544294294190e+01 2.231837011070000043e-01
2.102102102102102066e+01 2.102102102102102066e+01 2.231837011070000043e-01
2.106106106106106068e+01 2.106106106106106068e+01 2.231837011070000043e-01
2.110110110110110071e+01 2.112016215434184119e+01 2.231837011070000043e-01
2.114114114114114074e+01 2.115985125750750484e+01 2.231837011070000043e-01
2.118118118118118076e+01 2.169416291291291543e+01 2.166566145469999982e-01
2.122122122122122079e+01 2.173413648023023370e+01 2.166566145469999982e-01
2.126126126126126081e+01 2.181407481700451001e+01 2.168180385470000193e-01
2.130130130130130084e+01 2.183383383383383602e+01 2.168180385470000193e-01
2.134134134134134086e+01 2.240736635072572724e+01 2.094123693799999908e-01
2.138138138138138089e+01 2.298446297860360232e+01 2.168276653399999754e-01
2.142142142142142092e+01 2.048423423423423628e+01 2.169330045539999974e-01
2.146146146146146094e+01 2.106115490490490316e+01 2.231837011070000043e-01
2.150150150150150097e+01 1.988888888888888573e+01 2.068850768080000013e-01
2.154154154154154099e+01 2.046341263138138089e+01 2.169330045539999974e-01
2.158158158158158102e+01 2.050355629066566365e+01 2.169330045539999974e-01
2.162162162162162105e+01 2.324218750000000000e+01 2.168297315119999680e-01
2.166166166166166107e+01 2.274686014139139445e+01 2.168080837899999669e-01
2.170170170170170110e+01 2.290546796796796514e+01 2.168080837899999669e-01
2.174174174174174112e+01 2.215046100788288186e+01 2.168039151809999787e-01
2.178178178178178115e+01 2.219019019019018657e+01 2.168034569709999804e-01
2.182182182182182117e+01 2.223098098098098063e+01 2.168114793799999773e-01
2.186186186186186120e+01 1.994894894894894932e+01 2.068287914080000067e-01
2.190190190190190123e+01 1.971171171171170045e+01 2.036888368080000122e-01
2.194194194194194125e+01 2.098198198198198128e+01 2.231837011070000043e-01
2.198198198198198128e+01 2.280630630630630407e+01 2.168080837899999669e-01
2.202202202202202130e+01 2.312312312312312201e+01 2.168230883519999819e-01
2.206206206206206133e+01 2.292493861048549064e+01 2.168080837899999669e-01
2.210210210210210136e+01 2.403610348629880633e+01 2.169487566619999752e-01
2.214214214214214138e+01 2.046431807784346546e+01 2.169341558979999973e-01
2.218218218218218141e+01 1.992930430430430988e+01 2.068287914080000067e-01
2.222222222222222143e+01 2.078314887152777501e+01 2.231762876730000456e-01
2.226226226226226146e+01 2.234922422422422272e+01 2.168114793799999773e-01
2.230230230230230148e+01 2.238996516047297547e+01 2.168189767699999770e-01
2.234234234234234151e+01 2.359964456644144448e+01 2.168297315119999680e-01
2.238238238238238154e+01 2.336161161161161104e+01 2.168297315119999680e-01
2.242242242242242156e+01 2.102102102102102066e+01 2.231837011070000043e-01
2.246246246246246159e+01 2.090171616929428566e+01 2.231775493770000451e-01
2.250250250250250161e+01 2.137655331112361523e+01 2.220421511070000131e-01
2.254254254254254164e+01 2.155520559622121723e+01 2.178909980070000141e-01
2.258258258258258167e+01 2.141651417042042027e+01 2.178934311070000185e-01
2.262262262262262169e+01 2.177372196415165462e+01 2.166566145469999982e-01
2.266266266266266172e+01 2.278659909909909587e+01 2.168080837899999669e-01
2.270270270270270174e+01 2.383756070523648773e+01 2.168297315119999680e-01
2.274274274274274177e+01 2.288488488488488670e+01 2.168080837899999669e-01
2.278278278278278179e+01 2.206970838025524984e+01 2.094203992809999804e-01
2.282282282282282182e+01 2.209177927927928664e+01 2.168039151809999787e-01
2.286286286286286185e+01 2.284611760197697095e+01 2.168080837899999669e-01
2.290290290290290187e+01 2.232921202452453002e+01 2.168114793799999773e-01
2.294294294294294190e+01 2.236880923892642414e+01 2.168114793799999773e-01
2.298298298298298192e+01 2.127721471471471659e+01 2.210179011070000088e-01
2.302302302302302195e+01 2.302414719406906585e+01 2.168276653399999754e-01
2.306306306306306197e+01 2.306418918918918592e+01 2.168276653399999754e-01
2.310310310310310200e+01 2.310253906250000000e+01 2.094287664029999829e-01
2.314314314314314203e+01 2.314286063407157101e+01 2.168278764029999695e-01
2.318318318318318205e+01 2.318318318318318205e+01 2.168278764029999695e-01
2.322322322322322208e+01 2.324250031281281537e+01 2.168297315119999680e-01
2.326326326326326210e+01 2.328200563845094706e+01 2.168297315119999680e-01
2.330330330330330213e+01 2.332150900900900581e+01 2.168297315119999680e-01
2.334334334334334216e+01 2.336158033033033021e+01 2.168297315119999680e-01
2.338338338338338218e+01 2.133676645395394900e+01 2.220421511070000131e-01
2.342342342342342221e+01 2.110052435247747127e+01 2.231837011070000043e-01
2.346346346346346223e+01 2.229029029029028663e+01 2.168114793799999773e-01
2.350350350350350226e+01 2.230996621621621401e+01 2.168114793799999773e-01
2.354354354354354228e+01 2.207207207207206778e+01 2.168039151809999787e-01
2.358358358358358231e+01 2.183323948948948612e+01 2.168175444800000129e-01
2.362362362362362234e+01 2.500666682307307198e+01 1.805069551180000231e-01
2.366366366366366236e+01 2.100150150150148676e+01 2.231837011070000043e-01
2.370370370370370239e+01 2.518518518518518690e+01 1.805069551180000231e-01
2.374374374374374241e+01 2.966170956112363655e+01 1.898524156760000026e-01
2.378378378378378244e+01 2.824324324324324920e+01 1.814957780190000203e-01
2.382382382382382247e+01 2.062249749749748773e+01 2.169304294450000170e-01
2.386386386386386249e+01 2.117917917917917947e+01 2.210179011070000088e-01
2.390390390390390252e+01 2.240990990990989928e+01 2.168189767699999770e-01
2.394394394394394254e+01 2.274674674674674435e+01 2.168080837899999669e-01
2.398398398398398257e+01 2.550172047047047030e+01 1.805069551180000231e-01
2.402402402402402259e+01 2.522463870120120077e+01 1.805069551180000231e-01
2.406406406406406262e+01 3.039968093093093771e+01 1.891279951430000217e-01
2.410410410410410265e+01 2.896229334803553357e+01 1.878535371029999845e-01
2.414414414414414267e+01 3.021849486204954616e+01 1.953863802230000057e-01
2.418418418418418270e+01 2.000863363363364655e+01 2.068287914080000067e-01
2.422422422422422272e+01 2.570038788788788509e+01 1.805154679300000065e-01
2.426426426426426275e+01 1.759159159159159458e+01 1.989558377400000022e-01
2.430430430430430278e+01 2.593724974974974629e+01 1.805037451400000048e-01
2.434434434434434280e+01 2.556185873373373241e+01 1.805102501380000390e-01
2.438438438438438283e+01 2.322231606606606391e+01 2.168297315119999680e-01
2.442442442442442285e+01 2.641248670545545352e+01 1.804740549300000163e-01
2.446446446446446288e+01 2.790477977977978696e+01 1.814136944290000164e-01
2.450450450450450290e+01 2.266666666666666785e+01 2.168080837899999669e-01
2.454454454454454293e+01 2.086286286286284408e+01 2.231775493770000451e-01
2.458458458458458296e+01 2.139627127127127437e+01 2.220421511070000131e-01
2.462462462462462298e+01 2.709670608108108070e+01 1.799970968039999730e-01
2.466466466466466301e+01 2.587862862862862912e+01 1.805037451400000048e-01
2.470470470470470303e+01 2.717517517517517689e+01 1.799970968039999730e-01
2.474474474474474306e+01 2.536336336336336217e+01 1.805069551180000231e-01
2.478478478478478308e+01 2.215140140140139380e+01 2.168034569709999804e-01
2.482482482482482311e+01 2.699578484734734474e+01 1.800046609939999487e-01
2.486486486486486314e+01 2.371875000000000000e+01 2.168297315119999680e-01
2.490490490490490316e+01 2.770670670670670788e+01 1.813750780289999920e-01
2.494494494494494319e+01 2.853078078078078050e+01 1.828794118779999700e-01
2.498498498498498321e+01 2.623423423423423273e+01 1.804802646299999980e-01
2.502502502502502324e+01 2.760573073073072692e+01 1.845856306190000184e-01
2.506506506506506327e+01 2.568067677052051678e+01 1.805157918000000195e-01
2.510510510510510329e+01 2.502665165165164751e+01 1.805069551180000231e-01
2.514514514514514332e+01 2.514514514514514332e+01 1.805069551180000231e-01
2.518518518518518334e+01 2.518518518518518334e+01 1.805069551180000231e-01
2.522522522522522337e+01 2.538288288288288186e+01 1.805069551180000231e-01
2.526526526526526339e+01 2.656800550550550355e+01 1.746343700199999571e-01
2.530530530530530342e+01 2.593793793793793867e+01 1.805037451400000048e-01
2.534534534534534345e+01 2.807789039039039380e+01 1.807950753180000703e-01
2.538538538538538347e+01 2.236901158971471659e+01 2.168114793799999773e-01
2.542542542542542350e+01 2.764518424674674435e+01 1.845856306190000184e-01
2.546546546546546352e+01 2.673873873873873919e+01 1.800046609939999487e-01
2.550550550550550355e+01 2.964143244807306843e+01 1.896380026759999782e-01
2.554554554554554358e+01 2.506656656656656423e+01 1.805069551180000231e-01
2.558558558558558360e+01 2.541568130630630407e+01 1.715986774499999867e-01
2.562562562562562363e+01 2.756756756756756488e+01 1.813750780289999920e-01
2.566566566566566721e+01 2.679856418918919303e+01 1.800046609939999487e-01
2.570570570570570723e+01 2.747265918262012363e+01 1.805846427889999661e-01
2.574574574574574726e+01 2.727377084115365591e+01 1.800000929539999628e-01
2.578578578578578728e+01 2.715565565565565720e+01 1.799970968039999730e-01
2.582582582582582731e+01 2.711711711711711814e+01 1.799970968039999730e-01
2.586586586586586733e+01 3.091779279279281667e+01 1.884866095850000201e-01
2.590590590590590736e+01 2.461061061061061039e+01 1.805069551180000231e-01
2.594594594594594739e+01 2.560103462837837895e+01 1.805122115590000187e-01
2.598598598598598741e+01 2.972147147147148161e+01 1.898550778629999880e-01
2.602602602602602744e+01 2.804533048673673079e+01 1.837106561290000051e-01
2.606606606606606746e+01 2.752719125375375953e+01 1.813583906189999984e-01
2.610610610610610749e+01 2.647322322322322208e+01 1.805592481300000163e-01
2.614614614614614752e+01 2.713683996496496320e+01 1.799970968039999730e-01
2.618618618618618754e+01 2.876388888888889284e+01 1.831067237879999976e-01
2.622622622622622757e+01 3.016016016016016721e+01 1.891736802230000181e-01
2.626626626626626759e+01 2.860560560560560361e+01 1.830831140779999866e-01
2.630630630630630762e+01 2.780658783783783861e+01 1.814136944290000164e-01
2.634634634634634764e+01 2.733433433433433635e+01 1.800000929539999628e-01
2.638638638638638767e+01 2.768509134134134086e+01 1.845856306190000184e-01
2.642642642642642770e+01 2.888309696415164396e+01 1.878535371029999845e-01
2.646646646646646772e+01 3.105674424424424984e+01 1.840305695850000256e-01
2.650650650650650775e+01 2.764545795795796224e+01 1.845856306190000184e-01
2.654654654654654777e+01 2.976116741741742189e+01 1.898510619930000032e-01
2.658658658658658780e+01 3.013838838838839251e+01 1.898678342229999927e-01
2.662662662662662783e+01 2.864442567567567366e+01 1.831067237879999976e-01
2.666666666666666785e+01 2.835286458333333215e+01 1.823309298779999810e-01
2.670670670670670788e+01 3.035866628347097773e+01 1.891702138430000069e-01
2.674674674674674790e+01 2.810497997997998354e+01 1.837106561290000051e-01
2.678678678678678793e+01 2.980030030030030019e+01 1.898510619930000032e-01
2.682682682682682795e+01 2.864464562218468657e+01 1.831067237879999976e-01
2.686686686686686798e+01 2.890287162162162105e+01 1.878535371029999845e-01
2.690690690690690801e+01 2.556189001501501679e+01 1.805102501380000390e-01
2.694694694694694803e+01 2.964164164164164461e+01 1.896380026759999782e-01
2.698698698698698806e+01 2.776707957957957973e+01 1.814136944290000164e-01
2.702702702702702808e+01 2.719594594594594383e+01 1.799970968039999730e-01
2.706706706706706811e+01 2.687675175175174758e+01 1.800046609939999487e-01
2.710710710710710813e+01 2.812428541823073758e+01 1.814952561289999988e-01
2.714714714714714816e+01 2.952252252252252518e+01 1.896380026759999782e-01
2.718718718718718819e+01 2.786686686686686798e+01 1.836290944289999949e-01
2.722722722722722821e+01 2.754629629629629761e+01 1.845856306190000184e-01
2.726726726726726824e+01 2.854542042042042382e+01 1.830831140779999866e-01
2.730730730730730826e+01 2.790465465465465655e+01 1.814136944290000164e-01
2.734734734734734829e+01 2.794623823041791866e+01 1.836290944289999949e-01
2.738738738738738832e+01 2.768693693693693803e+01 1.813750780289999920e-01
2.742742742742742834e+01 2.918449699699699806e+01 1.896976775829999906e-01
2.746746746746746837e+01 2.746746746746746837e+01 1.813583906189999984e-01
2.750750750750750839e+01 3.025825825825826243e+01 1.953863802230000057e-01
2.754754754754754842e+01 3.025791416416416624e+01 1.953863802230000057e-01
2.758758758758758844e+01 2.931214857435561072e+01 1.831358520409999968e-01
2.762762762762762847e+01 2.972145240944068689e+01 1.898550778629999880e-01
2.766766766766766850e+01 2.697597597597597741e+01 1.800046609939999487e-01
2.770770770770770852e+01 2.691625218968968625e+01 1.800046609939999487e-01
2.774774774774774855e+01 2.772471494932432279e+01 1.846023180290000121e-01
2.778778778778778857e+01 2.815684434434434991e+01 1.802031239740000679e-01
2.782782782782782860e+01 2.860505036286286185e+01 1.830831140779999866e-01
2.786786786786786863e+01 2.952252252252252518e+01 1.896380026759999782e-01
2.790790790790790865e+01 2.930296263059935313e+01 1.896976775829999906e-01
2.794794794794794868e+01 3.021803639577077405e+01 1.906661802229999980e-01
2.798798798798798870e+01 2.912500000000000000e+01 1.835722275829999861e-01
2.802802802802802873e+01 2.697697697697697095e+01 1.799804093939999516e-01
2.806806806806806875e+01 2.980039414414414978e+01 1.898510619930000032e-01
2.810810810810810878e+01 2.819594594594594739e+01 1.802031239740000679e-01
2.814814814814814881e+01 2.823628291377315236e+01 1.802031239740000679e-01
2.818818818818818883e+01 2.677877877877877921e+01 1.800046609939999487e-01
2.822822822822822886e+01 2.966169294294294900e+01 1.898524156760000026e-01
2.826826826826826888e+01 2.968168168168168464e+01 1.898524156760000026e-01
2.830830830830830891e+01 2.992000203328328922e+01 1.898510619930000032e-01
2.834834834834834894e+01 2.852552552552552356e+01 1.830831140779999866e-01
2.838838838838838896e+01 3.011830580580580374e+01 1.898678342229999927e-01
2.842842842842842899e+01 2.665165165165164751e+01 1.806003161300000215e-01
2.846846846846846901e+01 3.095806939752252873e+01 1.840305695850000256e-01
2.850850850850850904e+01 2.904443506006006004e+01 1.822093418029999967e-01
2.854854854854854906e+01 2.908104588963963977e+01 1.852686437000000130e-01
2.858858858858858909e+01 3.073203476914414622e+01 1.803501758829999801e-01
2.862862862862862912e+01 3.023829004786036379e+01 1.953863802230000057e-01
2.866866866866866914e+01 3.153553553553554067e+01 1.916859553079999778e-01
2.870870870870870917e+01 2.711627252252252163e+01 1.799970968039999730e-01
2.874874874874874919e+01 2.874892421718593738e+01 1.828838765779999820e-01
2.878878878878878922e+01 2.892373623623623757e+01 1.822048771029999847e-01
2.882882882882882924e+01 2.964104729729730181e+01 1.896380026759999782e-01
2.886886886886886927e+01 2.968151061217468367e+01 1.898524156760000026e-01
2.890890890890890930e+01 2.886334173528997837e+01 1.878535371029999845e-01
2.894894894894894932e+01 3.057732732732732828e+01 1.891172309430000087e-01
2.898898898898898935e+01 3.043914617742742834e+01 1.891279951430000217e-01
2.902902902902902937e+01 2.884759759759759845e+01 1.823834365779999911e-01
2.906906906906906940e+01 2.902435834271771498e+01 1.822093418029999967e-01
2.910910910910910943e+01 2.874382390202702453e+01 1.831067237879999976e-01
2.914914914914914945e+01 2.040440440440438152e+01 2.169341558979999973e-01
2.918918918918918948e+01 2.754729729729729826e+01 1.813583906189999984e-01
2.922922922922922950e+01 2.995995995995995997e+01 1.898510619930000032e-01
2.926926926926926953e+01 3.000243016453953970e+01 1.891736802230000181e-01
2.930930930930930955e+01 2.985885885885885926e+01 1.898510619930000032e-01
2.934934934934934958e+01 2.989964964964964622e+01 1.898510619930000032e-01
2.938938938938938961e+01 3.085885885885885926e+01 1.884734533450000138e-01
2.942942942942942963e+01 3.117823878566066043e+01 1.916792169550000091e-01
2.946946946946946966e+01 3.062062062062062040e+01 1.884866054570000227e-01
2.950950950950950968e+01 3.006281281281281537e+01 1.891736802230000181e-01
2.954954954954954971e+01 2.991891891891891930e+01 1.898510619930000032e-01
2.958958958958958974e+01 2.995945945945945965e+01 1.898510619930000032e-01
2.962962962962962976e+01 3.000289351851851904e+01 1.891776960930000029e-01
2.966966966966966979e+01 3.004198925487987992e+01 1.891736802230000181e-01
2.970970970970970981e+01 2.673873873873873208e+01 1.800046609939999487e-01
2.974974974974974984e+01 3.123796354948698806e+01 1.916825119749999973e-01
2.978978978978978986e+01 3.013888888888889284e+01 1.906661802229999980e-01
2.982982982982982989e+01 2.796619373279528986e+01 1.836290944289999949e-01
2.986986986986986992e+01 3.165579055618118431e+01 1.915123630379999831e-01
2.990990990990990994e+01 3.066094365850225500e+01 1.884866054570000227e-01
2.994994994994994997e+01 3.163463463463463654e+01 1.916859553079999778e-01
2.998998998998998999e+01 2.764702202202202130e+01 1.813750780289999920e-01
3.003003003003003002e+01 2.665165165165164041e+01 1.806003161300000215e-01
3.007007007007007005e+01 2.894244244244244157e+01 1.878535371029999845e-01
3.011011011011011007e+01 3.161414539539539703e+01 1.916859553079999778e-01
3.015015015015015010e+01 3.204115932338588379e+01 1.801674875502999873e-01
3.019019019019019012e+01 2.528428428428427566e+01 1.805069551180000231e-01
3.023023023023023015e+01 3.169450700700701162e+01 1.915123630379999831e-01
3.027027027027027017e+01 3.159459459459459651e+01 1.916859553079999778e-01
3.031031031031031020e+01 3.296172246465215494e+01 1.867756057232999867e-01
3.035035035035035023e+01 3.091793746871871562e+01 1.884734533450000138e-01
3.039039039039039025e+01 3.067307444162912944e+01 1.803501758829999801e-01
3.043043043043043028e+01 3.059684684684684797e+01 1.891172309430000087e-01
3.047047047047047030e+01 3.199399399399399613e+01 1.915123630379999831e-01
3.051051051051051033e+01 2.981925675675675080e+01 1.898510619930000032e-01
3.055055055055055035e+01 2.902153129692192124e+01 1.852733371030000076e-01
3.059059059059059038e+01 3.135684903653653777e+01 1.916825119749999973e-01
3.063063063063063041e+01 2.948198198198198128e+01 1.896380026759999782e-01
3.067067067067067043e+01 2.999974974974974629e+01 1.898510619930000032e-01
3.071071071071071046e+01 3.003891391391391252e+01 1.898510619930000032e-01
3.075075075075075048e+01 2.997897897897897934e+01 1.898510619930000032e-01
3.079079079079079051e+01 3.001951756443943964e+01 1.898510619930000032e-01
3.083083083083083054e+01 3.006156547172172111e+01 1.891736802230000181e-01
3.087087087087087056e+01 3.009909909909909587e+01 1.898678342229999927e-01
3.091091091091091059e+01 3.013889279904904583e+01 1.906661802229999980e-01
3.095095095095095061e+01 2.940264776495245158e+01 1.896380026759999782e-01
3.099099099099099064e+01 3.113626126126126081e+01 1.840305695850000256e-01
3.103103103103103066e+01 3.117838297281656423e+01 1.916792169550000091e-01
3.107107107107107069e+01 3.121785457332332214e+01 1.916792169550000091e-01
3.111111111111111072e+01 3.276236979166667140e+01 1.842598368222999883e-01
3.115115115115115074e+01 3.129717217217217140e+01 1.916825119749999973e-01
3.119119119119119077e+01 3.133739989989989994e+01 1.916825119749999973e-01
3.123123123123123079e+01 2.995941253753753841e+01 1.898510619930000032e-01
3.127127127127127082e+01 2.814414414414413557e+01 1.814952561289999988e-01
3.131131131131131085e+01 3.003928928928928599e+01 1.898510619930000032e-01
3.135135135135135087e+01 2.841216216216215784e+01 1.828794118779999700e-01
3.139139139139139090e+01 3.296172735235235507e+01 1.867756057232999867e-01
3.143143143143143092e+01 3.319868208051801162e+01 1.867751780380000060e-01
3.147147147147147095e+01 3.282222456831831892e+01 1.842598368222999883e-01
3.151151151151151097e+01 2.796646646646646417e+01 1.836290944289999949e-01
3.155155155155155100e+01 3.177493900150150097e+01 1.915123630379999831e-01
3.159159159159159103e+01 2.843243243243242091e+01 1.828794118779999700e-01
3.163163163163163105e+01 2.967936686686686087e+01 1.896339868059999934e-01
3.167167167167167108e+01 3.107782782782782505e+01 1.840305695850000256e-01
3.171171171171171110e+01 3.270270270270270174e+01 1.844264467222999915e-01
3.175175175175175113e+01 3.313934051238738476e+01 1.867751780380000060e-01
3.179179179179179116e+01 3.019832136824324209e+01 1.906661802229999980e-01
3.183183183183183118e+01 3.004129129129129083e+01 1.891736802230000181e-01
3.187187187187187121e+01 3.017867867867867915e+01 1.906661802229999980e-01
3.191191191191191123e+01 3.177479041541541349e+01 1.915123630379999831e-01
3.195195195195195126e+01 3.235135135135135442e+01 1.781342061722999970e-01
3.199199199199199128e+01 3.185452640140140090e+01 1.915123630379999831e-01
3.203203203203203486e+01 3.083083083083083409e+01 1.825828761159999925e-01
3.207207207207207489e+01 3.091791596283783150e+01 1.884734533450000138e-01
3.211211211211211491e+01 3.105686545920921304e+01 1.840305695850000256e-01
3.215215215215215494e+01 3.119802761746120723e+01 1.916792169550000091e-01
3.219219219219219497e+01 3.133708708708708457e+01 1.916825119749999973e-01
3.223223223223223499e+01 3.031765652371120723e+01 1.953756160229999927e-01
3.227227227227227502e+01 3.227227227227227502e+01 1.938456705722999829e-01
3.231231231231231504e+01 3.069985219594595094e+01 1.884758412570000097e-01
3.235235235235235507e+01 3.062099599599599742e+01 1.884866054570000227e-01
3.239239239239239510e+01 3.482221723676802583e+01 1.707387691422999898e-01
3.243243243243243512e+01 3.009897592905405972e+01 1.898678342229999927e-01
3.247247247247247515e+01 3.348723723723749490e+00 2.191185402499999935e-01
3.251251251251251517e+01 2.936345818474724112e+01 1.896426960789999727e-01
3.255255255255255520e+01 2.115915915915913104e+01 2.210179011070000088e-01
3.259259259259259522e+01 2.882327835648147385e+01 1.830671015879999919e-01
3.263263263263263525e+01 3.436624124124124791e+01 1.712448983722999751e-01
3.267267267267267528e+01 3.430590746996997353e+01 1.630331200522999735e-01
3.271271271271271530e+01 3.424612112112112072e+01 1.630343000322999891e-01
3.275275275275275533e+01 2.221126008821320852e+01 2.168114793799999773e-01
3.279279279279279535e+01 2.623423423423423628e+01 1.804802646299999980e-01
3.283283283283283538e+01 3.519269269269268818e+01 1.644047410299999956e-01
3.287287287287287540e+01 3.718823999781031375e+01 1.641305525570000423e-01
3.291291291291291543e+01 3.631047209318695224e+01 1.598277472000000088e-01
3.295295295295295546e+01 3.563058150924362621e+01 1.725759076170000073e-01
3.299299299299299548e+01 3.464425362862863267e+01 1.712461257422999705e-01
3.303303303303303551e+01 3.551212345157657779e+01 1.725934187070000125e-01
3.307307307307307553e+01 3.720821651729856683e+01 1.653450525570000218e-01
3.311311311311311556e+01 3.766778301739240220e+01 1.651818160770000266e-01
3.315315315315315559e+01 3.854054054054055456e+01 1.675778838388000125e-01
3.319319319319319561e+01 3.588689861736736475e+01 1.719451282070000309e-01
3.323323323323323564e+01 4.335817262575078246e+01 1.636162344490000586e-01
3.327327327327327566e+01 3.826263959271771142e+01 1.675888490888000071e-01
3.331331331331331569e+01 3.497897897897898645e+01 1.700101691422999939e-01
3.335335335335335571e+01 3.460491839495746547e+01 1.712461257422999705e-01
3.339339339339339574e+01 3.407169669669669787e+01 1.641017851299999830e-01
3.343343343343343577e+01 3.181400150150150097e+01 1.915123630379999831e-01
3.347347347347347579e+01 3.206131131131130729e+01 1.801674875502999873e-01
3.351351351351351582e+01 3.016052576013513331e+01 1.891736802230000181e-01
3.355355355355355584e+01 3.774610939064064041e+01 1.683780560770000156e-01
3.359359359359359587e+01 3.191391391391391608e+01 1.915123630379999831e-01
3.363363363363363590e+01 3.063813813813814235e+01 1.868971025570000111e-01
3.367367367367367592e+01 3.093768768768769206e+01 1.884866095850000201e-01
3.371371371371371595e+01 3.371700606856857263e+01 1.687695272580000128e-01
3.375375375375375597e+01 3.375622595251502389e+01 1.687695272580000128e-01
3.379379379379379600e+01 3.379379379379379600e+01 1.641435034770000190e-01
3.383383383383383602e+01 3.383383383383383602e+01 1.641435034770000190e-01
3.387387387387387605e+01 3.260360360360360232e+01 1.843833294722999894e-01
3.391391391391391608e+01 3.476258973817567721e+01 1.712392091422999807e-01
3.395395395395395610e+01 3.309971690440440995e+01 1.867771603610000053e-01
3.399399399399399613e+01 3.313916455518018722e+01 1.867751780380000060e-01
3.403403403403403615e+01 3.509759759759759845e+01 1.632721563922999997e-01
3.407407407407407618e+01 3.599074074074074758e+01 1.597826749070000163e-01
3.411411411411411621e+01 3.752552552552553777e+01 1.653468490570000338e-01
3.415415415415415623e+01 3.842092189846097483e+01 1.675910043388000037e-01
3.419419419419419626e+01 3.248448448448448289e+01 1.843814132802999717e-01
3.423423423423423628e+01 3.594573699676239187e+01 1.637544682070000146e-01
3.427427427427427631e+01 3.601141766766767205e+01 1.597826749070000163e-01
3.431431431431431633e+01 3.774616462165290898e+01 1.683780560770000156e-01
3.435435435435435636e+01 3.628678678678679148e+01 1.591063405070000381e-01
3.439439439439439639e+01 3.482096549674674435e+01 1.700101691422999939e-01
3.443443443443443641e+01 3.551219187937938671e+01 1.725934187070000125e-01
3.447447447447447644e+01 3.770477313250751195e+01 1.633965470180000212e-01
3.451451451451451646e+01 3.796428068693694513e+01 1.684180591710000285e-01
3.455455455455455649e+01 3.584739769065940607e+01 1.719076964570000476e-01
3.459459459459459651e+01 3.718834459459461073e+01 1.641305525570000423e-01
3.463463463463463654e+01 3.766516516516516333e+01 1.633965470180000212e-01
3.467467467467467657e+01 3.792542542542543060e+01 1.684180591710000285e-01
3.471471471471471659e+01 3.628942027965466366e+01 1.591057817600000368e-01
3.475475475475475662e+01 3.651964464464465721e+01 1.597396706729999893e-01
3.479479479479479664e+01 3.696861998717467657e+01 1.644615244500000351e-01
3.483483483483483667e+01 3.766516516516516333e+01 1.633965470180000212e-01
3.487487487487487670e+01 3.814269151964464299e+01 1.684180591710000285e-01
3.491491491491491672e+01 3.513313313313313557e+01 1.644047410299999956e-01
3.495495495495495675e+01 3.561078705658783861e+01 1.725759076170000073e-01
3.499499499499499677e+01 3.543072369244244157e+01 1.644027587069999963e-01
3.503503503503503680e+01 3.194252602211586733e+01 1.801473681802999716e-01
3.507507507507507682e+01 3.079901581268768496e+01 1.884758412570000097e-01
3.511511511511511685e+01 2.989928600475474951e+01 1.898510619930000032e-01
3.515515515515515688e+01 3.339739739739739832e+01 1.867516975279999991e-01
3.519519519519519690e+01 3.696870307807807876e+01 1.644615244500000351e-01
3.523523523523523693e+01 3.523523523523523693e+01 1.664699510300000074e-01
3.527527527527527695e+01 3.527183042417417624e+01 1.644047410299999956e-01
3.531531531531531698e+01 3.796396396396396966e+01 1.684180591710000285e-01
3.535535535535535701e+01 3.778603603603604455e+01 1.683798733180000007e-01
3.539539539539539703e+01 3.887876548423424339e+01 1.616938675087999933e-01
3.543543543543543706e+01 3.720828861087650807e+01 1.653450525570000218e-01
3.547547547547547708e+01 3.631061285895269464e+01 1.598277472000000088e-01
3.551551551551551711e+01 3.706801870229604390e+01 1.644615244500000351e-01
3.555555555555555713e+01 3.688888888888888573e+01 1.645231519500000295e-01
3.559559559559559716e+01 3.270301893690565009e+01 1.844264467222999915e-01
3.563563563563563719e+01 3.296165794700950613e+01 1.867756057232999867e-01
3.567567567567567721e+01 3.628710937499999289e+01 1.591063405070000381e-01
3.571571571571571724e+01 3.634963479104104067e+01 1.591514128000000305e-01
3.575575575575575726e+01 3.720746039007757844e+01 1.641305525570000423e-01
3.579579579579579729e+01 3.758558558558559071e+01 1.633947297770000362e-01
3.583583583583583732e+01 3.762850252596346934e+01 1.651818160770000266e-01
3.587587587587587734e+01 3.497897897897897934e+01 1.700101691422999939e-01
3.591591591591591737e+01 3.501889487143393609e+01 1.700101691422999939e-01
3.595595595595595739e+01 3.636326951951951969e+01 1.590750380970000488e-01
3.599599599599599742e+01 3.700838338338338218e+01 1.644615244500000351e-01
3.603603603603603744e+01 3.533396677927927954e+01 1.664699510300000074e-01
3.607607607607607747e+01 3.878002025462963331e+01 1.616938675087999933e-01
3.611611611611611750e+01 3.752866538413414332e+01 1.651647397770000247e-01
3.615615615615615752e+01 3.796396396396396966e+01 1.684180591710000285e-01
3.619619619619619755e+01 3.800423861361362299e+01 1.684180591710000285e-01
3.623623623623623757e+01 3.317880380380380245e+01 1.867751780380000060e-01
3.627627627627627760e+01 3.151501501501500968e+01 1.916859553079999778e-01
3.631631631631631763e+01 3.654706146576263848e+01 1.591223976000000484e-01
3.635635635635635765e+01 3.800375375375375597e+01 1.684180591710000285e-01
3.639639639639639768e+01 3.764752252252252873e+01 1.651818160770000266e-01
3.643643643643643770e+01 3.734734734734735184e+01 1.653468490570000338e-01
3.647647647647647773e+01 3.778601404138514397e+01 1.683798733180000007e-01
3.651651651651651775e+01 3.788499436936937315e+01 1.684180591710000285e-01
3.655655655655655778e+01 3.752580510197698516e+01 1.653468490570000338e-01
3.659659659659659781e+01 3.602488645872434603e+01 1.642919005070000160e-01
3.663663663663663783e+01 3.440588048986485603e+01 1.712448983722999751e-01
3.667667667667667786e+01 2.796596596596595674e+01 1.836290944289999949e-01
3.671671671671671788e+01 3.123789414414414267e+01 1.916825119749999973e-01
3.675675675675675791e+01 3.307973500844594383e+01 1.867771603610000053e-01
3.679679679679679793e+01 3.852052369752564687e+01 1.675910043388000037e-01
3.683683683683683796e+01 3.862022178428428276e+01 1.675646586287999895e-01
3.687687687687687799e+01 3.872162103509759845e+01 1.617070927188000162e-01
3.691691691691691801e+01 3.824361861861862621e+01 1.675888490888000071e-01
3.695695695695695804e+01 3.718793793793793867e+01 1.641305525570000423e-01
3.699699699699699806e+01 3.722822822822823241e+01 1.653450525570000218e-01
3.703703703703703809e+01 3.790509259259259522e+01 1.684180591710000285e-01
3.707707707707707812e+01 3.615105535222723177e+01 1.597746226900000066e-01
3.711711711711711814e+01 3.523226351351351582e+01 1.644047410299999956e-01
3.715715715715715817e+01 3.889889889889890640e+01 1.616938675087999933e-01
3.719719719719719819e+01 3.824336836836836540e+01 1.675888490888000071e-01
3.723723723723723822e+01 3.915773683840090058e+01 1.608143664087999802e-01
3.727727727727727824e+01 3.541341341341341575e+01 1.664699510300000074e-01
3.731731731731731827e+01 3.533483483483482956e+01 1.664699510300000074e-01
3.735735735735735830e+01 1.307507507507501998e+01 1.883675739850000086e-01
3.739739739739739832e+01 4.157538788788789930e+01 1.657343672200000118e-01
3.743743743743743835e+01 4.088870120120121499e+01 1.632439075339999768e-01
3.747747747747747837e+01 4.311419622747748548e+01 1.637820684770000257e-01
3.751751751751751840e+01 3.816234984984984635e+01 1.684180591710000285e-01
3.755755755755755843e+01 3.708785885494869206e+01 1.644615244500000351e-01
3.759759759759759845e+01 3.568834459459459651e+01 1.637089132170000128e-01
3.763763763763763848e+01 4.375375375375375597e+01 1.600540433190000278e-01
3.767767767767767850e+01 3.856074824824825242e+01 1.675778838388000125e-01
3.771771771771771853e+01 3.584748615803303551e+01 1.719076964570000476e-01
3.775775775775775855e+01 3.574726777558808521e+01 1.637089132170000128e-01
3.779779779779779858e+01 3.566982607607607747e+01 1.718995732170000290e-01
3.783783783783783861e+01 3.588682432432431568e+01 1.719451282070000309e-01
3.787787787787787863e+01 3.716766766766766494e+01 1.641290504500000358e-01
3.791791791791791866e+01 3.282269769769769141e+01 1.842598368222999883e-01
3.795795795795795868e+01 3.700900900900900581e+01 1.644615244500000351e-01
3.799799799799799871e+01 3.704804804804804519e+01 1.644615244500000351e-01
3.803803803803803874e+01 3.778590602321070691e+01 1.683798733180000007e-01
3.807807807807807876e+01 3.794420983483483667e+01 1.684180591710000285e-01
3.811811811811811879e+01 3.798410910910911298e+01 1.684180591710000285e-01
3.815815815815815881e+01 3.446484717139013298e+01 1.712448983722999751e-01
3.819819819819819884e+01 3.580812966286598709e+01 1.719076964570000476e-01
3.823823823823823886e+01 3.572885385385384893e+01 1.718995732170000290e-01
3.827827827827827889e+01 3.594616295983482956e+01 1.724825605070000323e-01
3.831831831831831892e+01 3.051807080518018012e+01 1.891172309430000087e-01
3.835835835835835894e+01 1.664692817817817172e+01 1.955199302299999720e-01
3.839839839839839897e+01 3.740656476789288831e+01 1.653468490570000338e-01
3.843843843843843899e+01 3.903903903903903938e+01 1.608166299887999751e-01
3.847847847847847902e+01 3.846156899086587089e+01 1.675910043388000037e-01
3.851851851851851904e+01 3.875914171006944287e+01 1.675575675087999927e-01
3.855855855855855907e+01 3.873930180180180116e+01 1.675575675087999927e-01
3.859859859859859910e+01 3.883983983983983990e+01 1.616938675087999933e-01
3.863863863863863912e+01 3.875914855284972305e+01 1.675575675087999927e-01
3.867867867867867915e+01 3.879954954954955326e+01 1.616938675087999933e-01
3.871871871871871917e+01 3.883971471471471659e+01 1.616938675087999933e-01
3.875875875875875920e+01 3.881931931931931956e+01 1.616938675087999933e-01
3.879879879879879923e+01 3.885942192192192124e+01 1.616938675087999933e-01
3.883883883883883925e+01 3.883883883883883925e+01 1.616938675087999933e-01
3.887887887887887928e+01 3.784520946727978696e+01 1.684263477110000129e-01
3.891891891891891930e+01 3.788513513513512976e+01 1.684180591710000285e-01
3.895895895895895933e+01 4.194175425425426340e+01 1.707705455859999388e-01
3.899899899899899935e+01 3.802402402402402259e+01 1.684180591710000285e-01
3.903903903903903938e+01 3.806306306306306197e+01 1.684180591710000285e-01
3.907907907907907941e+01 3.881956956956957328e+01 1.616938675087999933e-01
3.911911911911911943e+01 3.885934371871871207e+01 1.616938675087999933e-01
3.915915915915915946e+01 3.889863985078829245e+01 1.616938675087999933e-01
3.919919919919919948e+01 3.893889201701701097e+01 1.607879955087999913e-01
3.923923923923923951e+01 4.144644644644644416e+01 1.652435603809999931e-01
3.927927927927927954e+01 4.204206257038288186e+01 1.707697936659999527e-01
3.931931931931931956e+01 4.134672172172172111e+01 1.652435603809999931e-01
3.935935935935935959e+01 4.132684686639765914e+01 1.652469769340000061e-01
3.939939939939939961e+01 4.333837743993994707e+01 1.636162344490000586e-01
3.943943943943943964e+01 4.239547164351851904e+01 1.696446987669999740e-01
3.947947947947947966e+01 2.936358575372245383e+01 1.896426960789999727e-01
3.951951951951951969e+01 4.229823573573573015e+01 1.696477936659999686e-01
3.955955955955955972e+01 4.221988199136637121e+01 1.707697936659999527e-01
3.959959959959959974e+01 4.058958958958959329e+01 1.633325614078000032e-01
3.963963963963963977e+01 4.168355855855855907e+01 1.674271102859999361e-01
3.967967967967967979e+01 4.216062840183933247e+01 1.707697936659999527e-01
3.971971971971971982e+01 4.164364364364364945e+01 1.674271102859999361e-01
3.975975975975975985e+01 4.323873873873874629e+01 1.636162344490000586e-01
3.979979979979979987e+01 4.303450520833334281e+01 1.637820684770000257e-01
3.983983983983983990e+01 4.594128796765515688e+01 1.650988416299999650e-01
3.987987987987987992e+01 4.162365099474475016e+01 1.674271102859999361e-01
3.991991991991991995e+01 4.291293930649399613e+01 1.697262389739999655e-01
3.995995995995995997e+01 4.245550628753753841e+01 1.696446987669999740e-01
4.000000000000000000e+01 4.200219726562500000e+01 1.707705455859999388e-01
