1.300000000000000000e+02 1.365253906250000000e+02 2.668913661200000148e-02
1.300400400400400542e+02 1.438567942942943318e+02 2.753340547540000099e-02
1.300800800800800801e+02 1.471507087531867910e+02 2.704468971999999388e-02
1.301201201201201343e+02 1.366507460219008294e+02 2.668913661200000148e-02
1.301601601601601601e+02 1.443956332431063743e+02 2.758875098119999494e-02
1.302002002002002143e+02 1.364050534909910084e+02 2.656732114499999950e-02
1.302402402402402402e+02 1.444852665165165035e+02 2.753885804019999550e-02
1.302802802802802944e+02 1.480665919826075765e+02 2.701764780419999706e-02
1.303203203203203202e+02 1.430723672891641627e+02 2.754136322430000144e-02
1.303603603603603744e+02 1.450259009009008935e+02 2.728614068019999395e-02
1.304004004004004003e+02 1.342461934590840542e+02 2.504153575279999960e-02
1.304404404404404545e+02 1.443029218183027638e+02 2.758017074439999758e-02
1.304804804804804803e+02 1.374377404748498748e+02 2.641708792000000208e-02
1.305205205205205345e+02 1.431646959459459936e+02 2.754136322430000144e-02
1.305605605605605604e+02 1.434803504065589550e+02 2.754149305540000078e-02
1.306006006006006146e+02 1.370272039465002365e+02 2.728269164000000219e-02
1.306406406406406404e+02 1.445212087087087411e+02 2.758977043019999326e-02
1.306806806806806946e+02 1.468402912189533822e+02 2.700574323099999563e-02
1.307207207207207205e+02 1.437927927927928238e+02 2.753340547540000099e-02
1.307607607607607747e+02 1.434800859819781635e+02 2.754149305540000078e-02
1.308008008008008005e+02 1.405597667980480594e+02 2.558427810111999975e-02
1.308408408408408548e+02 1.426982920420420839e+02 2.708091893430000438e-02
1.308808808808808806e+02 1.469342389264264739e+02 2.700574323099999563e-02
1.309209209209209348e+02 1.443957713206370954e+02 2.758875098119999494e-02
1.309609609609609606e+02 1.432385510510510755e+02 2.700502087130000547e-02
1.310010010010010149e+02 1.338954322975318973e+02 2.494844004579999802e-02
1.310410410410410407e+02 1.441451451451451646e+02 2.758254235440000049e-02
1.310810810810810949e+02 1.482854729729730252e+02 2.701704454419999457e-02
1.311211211211211207e+02 1.446429867367367592e+02 2.753885804019999550e-02
1.311611611611611750e+02 1.433550503628628974e+02 2.754136322430000144e-02
1.312012012012012008e+02 1.593102817936344877e+02 2.753195091229999544e-02
1.312412412412412550e+02 1.443653653653653919e+02 2.758017074439999758e-02
1.312812812812812808e+02 1.378469479000484910e+02 2.641740960500000082e-02
1.313213213213213351e+02 1.444270032361463336e+02 2.758875098119999494e-02
1.313613613613613609e+02 1.481912340196641935e+02 2.701764780419999706e-02
1.314014014014014151e+02 1.552171033948987997e+02 2.753737308659999494e-02
1.314414414414414409e+02 1.441716220615146540e+02 2.753783859119999719e-02
1.314814814814814952e+02 1.553125000000000568e+02 2.753098468659999354e-02
1.315215215215215210e+02 1.454956831831831892e+02 2.708713929219999650e-02
1.315615615615615752e+02 1.475940209007836188e+02 2.702349970719999592e-02
1.316016016016016010e+02 1.433223692442442427e+02 2.754136322430000144e-02
1.316416416416416553e+02 1.443912117684090504e+02 2.753885804019999550e-02
1.316816816816816811e+02 1.588410285285285113e+02 2.749030837729999482e-02
1.317217217217217353e+02 1.457179586202413475e+02 2.708722066619999314e-02
1.317617617617617611e+02 1.469967154654654564e+02 2.700543961999999493e-02
1.318018018018018154e+02 1.429193610114020601e+02 2.708091893430000438e-02
1.318418418418418412e+02 1.446156296677536943e+02 2.758977043019999326e-02
1.318818818818818954e+02 1.351789289289289400e+02 2.672504635680000157e-02
1.319219219219219212e+02 1.484125647559179981e+02 2.701617987319999276e-02
1.319619619619619755e+02 1.340480305745198848e+02 2.508546644392999764e-02
1.320020020020020013e+02 1.485038636048157059e+02 2.658663454419999544e-02
1.320420420420420555e+02 1.448336148648649271e+02 2.753648643019999259e-02
1.320820820820820813e+02 1.587064890818553806e+02 2.745795216669999830e-02
1.321221221221221356e+02 1.455923853541041240e+02 2.708654813519999205e-02
1.321621621621621614e+02 1.423840793918919019e+02 2.707924069030000561e-02
1.322022022022022156e+02 1.483175731884228412e+02 2.701704454419999457e-02
1.322422422422422414e+02 1.450564380298267224e+02 2.728614068019999395e-02
1.322822822822822957e+02 1.488175675675676075e+02 2.658548584819999186e-02
1.323223223223223215e+02 1.435112472091232121e+02 2.754149305540000078e-02
1.323623623623623757e+02 1.468394957457457792e+02 2.700574323099999563e-02
1.324024024024024015e+02 1.357140787027261695e+02 2.682489138379999874e-02
1.324424424424424558e+02 1.456866866866867269e+02 2.708722066619999314e-02
1.324824824824824816e+02 1.424154342330612337e+02 2.707924069030000561e-02
1.325225225225225358e+02 1.436669031091639113e+02 2.754994945539999962e-02
1.325625625625625617e+02 1.574180430430430988e+02 2.746812088269999508e-02
1.326026026026026159e+02 1.442077583565010457e+02 2.758254235440000049e-02
1.326426426426426417e+02 1.471504316816817095e+02 2.704468971999999388e-02
1.326826826826826959e+02 1.583899524524524622e+02 2.745798735269999388e-02
1.327227227227227218e+02 1.428551434735517205e+02 2.708091893430000438e-02
1.327627627627627760e+02 1.584855480480480878e+02 2.745798735269999388e-02
1.328028028028028018e+02 1.444230480480480594e+02 2.753885804019999550e-02
1.328428428428428560e+02 1.336731106106106211e+02 2.494758677980000311e-02
1.328828828828828819e+02 1.602899774774774926e+02 2.696640344369999331e-02
1.329229229229229361e+02 1.445796401870620684e+02 2.753885804019999550e-02
1.329629629629629619e+02 1.585167824074074474e+02 2.745798735269999388e-02
1.330030030030030161e+02 1.463028974103498285e+02 2.720477185700000133e-02
1.330430430430430420e+02 1.442701738603838066e+02 2.758254235440000049e-02
1.330830830830830962e+02 1.501083603134384248e+02 2.606587803569999917e-02
1.331231231231231220e+02 1.447713963963964261e+02 2.753648643019999259e-02
1.331631631631631763e+02 1.489762887887887928e+02 2.658548584819999186e-02
1.332032032032032021e+02 1.364357223434371917e+02 2.656732114499999950e-02
1.332432432432432563e+02 1.444856418918919019e+02 2.753885804019999550e-02
1.332832832832832821e+02 1.470248678854635784e+02 2.700543961999999493e-02
1.333233233233233364e+02 1.433225725725725965e+02 2.754136322430000144e-02
1.333633633633633622e+02 1.416725260416666856e+02 2.684608871549999665e-02
1.334034034034034164e+02 1.467433366288652223e+02 2.720485323099999797e-02
1.334434434434434422e+02 1.367762716329610839e+02 2.728167900200000051e-02
1.334834834834834965e+02 1.484726749454532637e+02 2.658663454419999544e-02
1.335235235235235223e+02 1.456240928428428560e+02 2.708654813519999205e-02
1.335635635635635765e+02 1.368749356045498757e+02 2.656465348699999993e-02
1.336036036036036023e+02 1.469639639639639483e+02 2.700543961999999493e-02
1.336436436436436566e+02 1.436669169169169606e+02 2.754994945539999962e-02
1.336836836836836824e+02 1.571015826312153081e+02 2.757020729429999345e-02
1.337237237237237366e+02 1.452123414918825688e+02 2.728648841219999399e-02
1.337637637637637624e+02 1.555003753753754268e+02 2.753098468659999354e-02
1.338038038038038167e+02 1.338021704565894083e+02 2.494844004579999802e-02
1.338438438438438425e+02 1.505775919962932221e+02 2.597027503569999951e-02
1.338838838838838967e+02 1.439496900464918667e+02 2.753340547540000099e-02
1.339239239239239225e+02 1.338944972804835913e+02 2.494844004579999802e-02
1.339639639639639768e+02 1.465239032367328491e+02 2.720485323099999797e-02
1.340040040040040026e+02 1.474060401954689326e+02 2.698442489999999805e-02
1.340440440440440568e+02 1.541506506506506753e+02 2.731686825109999259e-02
1.340840840840840826e+02 1.441420271589949493e+02 2.753771475439999866e-02
1.341241241241241369e+02 1.542435613714300757e+02 2.753897735109999204e-02
1.341641641641641627e+02 1.492576326326326637e+02 2.610732240419999517e-02
1.342042042042042169e+02 1.442662430496903312e+02 2.753885804019999550e-02
1.342442442442442427e+02 1.376265699293043099e+02 2.641755017600000074e-02
1.342842842842842970e+02 1.428868712462463009e+02 2.708091893430000438e-02
1.343243243243243228e+02 1.450545291385135442e+02 2.728614068019999395e-02
1.343643643643643770e+02 1.343725653143377770e+02 2.504206614079999837e-02
1.344044044044044028e+02 1.444584838744995068e+02 2.758875098119999494e-02
1.344444444444444571e+02 1.411674872504340499e+02 2.642501094049999610e-02
1.344844844844844829e+02 1.586119071952812192e+02 2.745798735269999388e-02
1.345245245245245371e+02 1.564126762260307828e+02 2.756990088859999355e-02
1.345645645645645629e+02 1.421338213213213066e+02 2.696032017640000167e-02
1.346046046046046172e+02 1.371547309027777715e+02 2.639517764000000322e-02
1.346446446446446430e+02 1.346450555474908413e+02 2.702106905879999785e-02
1.346846846846846972e+02 1.431024774774774642e+02 2.754136322430000144e-02
1.347247247247247230e+02 1.372508133133133583e+02 2.641708792000000208e-02
1.347647647647647773e+02 1.465550366039868209e+02 2.720485323099999797e-02
1.348048048048048031e+02 1.482852852852852834e+02 2.701704454419999457e-02
1.348448448448448573e+02 1.449318713244494461e+02 2.728614068019999395e-02
1.348848848848848831e+02 1.422581089390171485e+02 2.707926761140000416e-02
1.349249249249249374e+02 1.416711711711711814e+02 2.684608871549999665e-02
1.349649649649649632e+02 1.358076722352234924e+02 2.682507514499999843e-02
1.350050050050050174e+02 1.485038574951904877e+02 2.658663454419999544e-02
1.350450450450450433e+02 1.420091294297226909e+02 2.696032017640000167e-02
1.350850850850850975e+02 1.350859095790126219e+02 2.672504635680000157e-02
1.351251251251251233e+02 1.425411720314064041e+02 2.707924069030000561e-02
1.351651651651651775e+02 1.421346189939940245e+02 2.696032017640000167e-02
1.352052052052052034e+02 1.487232500444780499e+02 2.658601807019999111e-02
1.352452452452452576e+02 1.420091584504426692e+02 2.696032017640000167e-02
1.352852852852852834e+02 1.446125715559309697e+02 2.753885804019999550e-02
1.353253253253253376e+02 1.547783408408409116e+02 2.753809981369998924e-02
1.353653653653653635e+02 1.438257007007007360e+02 2.753340547540000099e-02
1.354054054054054177e+02 1.455608108108108354e+02 2.708654813519999205e-02
1.354454454454454435e+02 1.576669638388389103e+02 2.746812088269999508e-02
1.354854854854854977e+02 1.439500205772178560e+02 2.753340547540000099e-02
1.355255255255255236e+02 1.425400302646396540e+02 2.707924069030000561e-02
1.355655655655655778e+02 1.585481653528529478e+02 2.745798735269999388e-02
1.356056056056056036e+02 1.441107521095314041e+02 2.753771475439999866e-02
1.356456456456456579e+02 1.426671954547320524e+02 2.708091893430000438e-02
1.356856856856856837e+02 1.374082578672422414e+02 2.641708792000000208e-02
1.357257257257257379e+02 1.442077551794959334e+02 2.758254235440000049e-02
1.357657657657657637e+02 1.427927048141891646e+02 2.708091893430000438e-02
1.358058058058058180e+02 1.358074635915212411e+02 2.682507514499999843e-02
1.358458458458458438e+02 1.436981901029447499e+02 2.754994945539999962e-02
1.358858858858858980e+02 1.485065861149235502e+02 2.701617987319999276e-02
1.359259259259259238e+02 1.365630787037036953e+02 2.656740129700000189e-02
1.359659659659659781e+02 1.438298178549643183e+02 2.752925835439999983e-02
1.360060060060060039e+02 1.470564939939939961e+02 2.700543961999999493e-02
1.360460460460460581e+02 1.583910112505083134e+02 2.745798735269999388e-02
1.360860860860860839e+02 1.420398523523523409e+02 2.696032017640000167e-02
1.361261261261261382e+02 1.463355855855855907e+02 2.711238869999999662e-02
1.361661661661661640e+02 1.446765515515515403e+02 2.753648643019999259e-02
1.362062062062062182e+02 1.432293387137137302e+02 2.754136322430000144e-02
1.362462462462462440e+02 1.362495725706174881e+02 2.656732114499999950e-02
1.362862862862862983e+02 1.577931340153630231e+02 2.746812088269999508e-02
1.363263263263263241e+02 1.433556525275275249e+02 2.754136322430000144e-02
1.363663663663663783e+02 1.372186561561561575e+02 2.639517764000000322e-02
1.364064064064064041e+02 1.366195414164164106e+02 2.668913661200000148e-02
1.364464464464464584e+02 1.466799299299299264e+02 2.720485323099999797e-02
1.364864864864864842e+02 1.552800358952702595e+02 2.753098468659999354e-02
1.365265265265265384e+02 1.364998611893143448e+02 2.656740129700000189e-02
1.365665665665665642e+02 1.425413538538538489e+02 2.707924069030000561e-02
1.366066066066066185e+02 1.449277365744650865e+02 2.753648643019999259e-02
1.366466466466466443e+02 1.443330205205205061e+02 2.758017074439999758e-02
1.366866866866866985e+02 1.426675634985571719e+02 2.708091893430000438e-02
1.367267267267267243e+02 1.450885541303021569e+02 2.728614068019999395e-02
1.367667667667667786e+02 1.436040616574827027e+02 2.754994945539999962e-02
1.368068068068068044e+02 1.427921046046046172e+02 2.708091893430000438e-02
1.368468468468468586e+02 1.370606700450450717e+02 2.639517764000000322e-02
1.368868868868868844e+02 1.437295602487253063e+02 2.754994945539999962e-02
1.369269269269269387e+02 1.429191514512559422e+02 2.708091893430000438e-02
1.369669669669669645e+02 1.369644590268979982e+02 2.728167900200000051e-02
1.370070070070070187e+02 1.438573573573573867e+02 2.753340547540000099e-02
1.370470470470470445e+02 1.451808695902934119e+02 2.728648841219999399e-02
1.370870870870870988e+02 1.422270161396748733e+02 2.707926761140000416e-02
1.371271271271271246e+02 1.439834834834834965e+02 2.753326490440000107e-02
1.371671671671671788e+02 1.455190938008321098e+02 2.702699185119999611e-02
1.372072072072072046e+02 1.593417512360994124e+02 2.753195091229999544e-02
1.372472472472472589e+02 1.441096096096096346e+02 2.753771475439999866e-02
1.372872872872872847e+02 1.430723912388951362e+02 2.754136322430000144e-02
1.373273273273273389e+02 1.581410003753754268e+02 2.741785135269999424e-02
1.373673673673673647e+02 1.442390894312281375e+02 2.758254235440000049e-02
1.374074074074074190e+02 1.374074074074074190e+02 2.641708792000000208e-02
1.374474474474474448e+02 1.597818187450145899e+02 2.740458373269999068e-02
1.374874874874874990e+02 1.443652184899743816e+02 2.758017074439999758e-02
1.375275275275275249e+02 1.461465012375657011e+02 2.711332735599999988e-02
1.375675675675675791e+02 1.410067567567567721e+02 2.629779474050000093e-02
1.376076076076076049e+02 1.444896677683543089e+02 2.758977043019999326e-02
1.376476476476476591e+02 1.479729014903575717e+02 2.701707451719999667e-02
1.376876876876876850e+02 1.359649108336852237e+02 2.682507514499999843e-02
1.377277277277277392e+02 1.446124328674377466e+02 2.753885804019999550e-02
1.377677677677677650e+02 1.560650494244244157e+02 2.752749598659999519e-02
1.378078078078078192e+02 1.474705037068318632e+02 2.698442489999999805e-02
1.378478478478478451e+02 1.447402402402402402e+02 2.753648643019999259e-02
1.378878878878878993e+02 1.452114987301754638e+02 2.728648841219999399e-02
1.379279279279279251e+02 1.456863738738738903e+02 2.708722066619999314e-02
1.379679679679679793e+02 1.448697347249593577e+02 2.728614068019999395e-02
1.380080080080080052e+02 1.472772622934213587e+02 2.704468971999999388e-02
1.380480480480480594e+02 1.460521217323280325e+02 2.741766735600000005e-02
1.380880880880880852e+02 1.449924924924924881e+02 2.728614068019999395e-02
1.381281281281281395e+02 1.441720768009220137e+02 2.753783859119999719e-02
1.381681681681681653e+02 1.571646046681446762e+02 2.757119309929999262e-02
1.382082082082082195e+02 1.451169315067020307e+02 2.728648841219999399e-02
1.382482482482482453e+02 1.570396818938078241e+02 2.757010461499999343e-02
1.382882882882882996e+02 1.469313063063063112e+02 2.700543961999999493e-02
1.383283283283283254e+02 1.452430561665180448e+02 2.728648841219999399e-02
1.383683683683683796e+02 1.591236236236235868e+02 2.749181491229999580e-02
1.384084084084084054e+02 1.470589339339339290e+02 2.700543961999999493e-02
1.384484484484484597e+02 1.438565909659660065e+02 2.753340547540000099e-02
1.384884884884884855e+02 1.564757628722472873e+02 2.756990088859999355e-02
1.385285285285285397e+02 1.472136179147898360e+02 2.704468971999999388e-02
1.385685685685685655e+02 1.439814032782782931e+02 2.753340547540000099e-02
1.386086086086086198e+02 1.576672922922923590e+02 2.746812088269999508e-02
1.386486486486486456e+02 1.455819273252745063e+02 2.702699185119999611e-02
1.386886886886886998e+02 1.438929004688282021e+02 2.752925835439999983e-02
1.387287287287287256e+02 1.562865834584585230e+02 2.752384708659999513e-02
1.387687687687687799e+02 1.450567286036036307e+02 2.728614068019999395e-02
1.388088088088088057e+02 1.440141391391391608e+02 2.753326490440000107e-02
1.388488488488488599e+02 1.423209175361885173e+02 2.707926761140000416e-02
1.388888888888888857e+02 1.458333333333333428e+02 2.702699185119999611e-02
1.389289289289289400e+02 1.441455474028716424e+02 2.758254235440000049e-02
1.389689689689689658e+02 1.580788986007491985e+02 2.741785135269999424e-02
1.390090090090090200e+02 1.453078547297297405e+02 2.728624929219999190e-02
1.390490490490490458e+02 1.440444268731621946e+02 2.753338874119999960e-02
1.390890890890891001e+02 1.564752252252252447e+02 2.756990088859999355e-02
1.391291291291291259e+02 1.428247466216216139e+02 2.708091893430000438e-02
1.391691691691691801e+02 1.472140373405632658e+02 2.704468971999999388e-02
1.392092092092092059e+02 1.594354984256717387e+02 2.753195091229999544e-02
1.392492492492492602e+02 1.431656343843843899e+02 2.754136322430000144e-02
1.392892892892892860e+02 1.432612104291791866e+02 2.754136322430000144e-02
1.393293293293293402e+02 1.584854113146349732e+02 2.745798735269999388e-02
1.393693693693693660e+02 1.426358389639639199e+02 2.708091893430000438e-02
1.394094094094094203e+02 1.442075640704180728e+02 2.758254235440000049e-02
1.394494494494494461e+02 1.588416385135135442e+02 2.749030837729999482e-02
1.394894894894895003e+02 1.455921546546546779e+02 2.708654813519999205e-02
1.395295295295295261e+02 1.441095454585445168e+02 2.753771475439999866e-02
1.395695695695695804e+02 1.448068358886229703e+02 2.728614068019999395e-02
1.396096096096096062e+02 1.457175300300300194e+02 2.708722066619999314e-02
1.396496496496496604e+02 1.575422610110110213e+02 2.746812088269999508e-02
1.396896896896896862e+02 1.501357228810842344e+02 2.607149407809999583e-02
1.397297297297297405e+02 1.458429054054054177e+02 2.708722066619999314e-02
1.397697697697697663e+02 1.581384384873154261e+02 2.745522132269999707e-02
1.398098098098098205e+02 1.459264889889889787e+02 2.741790647599999520e-02
1.398498498498498464e+02 1.550601428149340109e+02 2.753744412929999552e-02
1.398898898898899006e+02 1.438242930430430420e+02 2.753340547540000099e-02
1.399299299299299264e+02 1.582965872977469246e+02 2.745798735269999388e-02
1.399699699699699806e+02 1.458749530780780788e+02 2.699101166619999326e-02
1.400100100100100065e+02 1.432914946196196126e+02 2.754136322430000144e-02
1.400500500500500607e+02 1.540550550550551065e+02 2.740807727809999386e-02
1.400900900900900865e+02 1.477508393708650374e+02 2.702349970719999592e-02
1.401301301301301407e+02 1.595622380192692731e+02 2.740446391229999293e-02
1.401701701701701666e+02 1.419774790354319691e+02 2.696032017640000167e-02
1.402102102102102208e+02 1.480970345345345720e+02 2.701764780419999706e-02
1.402502502502502466e+02 1.542752752752753054e+02 2.753897735109999204e-02
1.402902902902903008e+02 1.446777869177771549e+02 2.758977043019999326e-02
1.403303303303303267e+02 1.543693589219102478e+02 2.753864300709999227e-02
1.403703703703703809e+02 1.481291232638889142e+02 2.701764780419999706e-02
1.404104104104104067e+02 1.588958385876111095e+02 2.744894998669999628e-02
1.404504504504504609e+02 1.544954954954955326e+02 2.753864300709999227e-02
1.404904904904904868e+02 1.485062687198917786e+02 2.701617987319999276e-02
1.405305305305305410e+02 1.541178360367203481e+02 2.749972725109999308e-02
1.405705705705705668e+02 1.449634009009009219e+02 2.728614068019999395e-02
1.406106106106106211e+02 1.366834001970720749e+02 2.668676500199999857e-02
1.406506506506506469e+02 1.549354823573573867e+02 2.753752855969999330e-02
1.406906906906907011e+02 1.442079579579579729e+02 2.758254235440000049e-02
1.407307307307307269e+02 1.427922160441691801e+02 2.708091893430000438e-02
1.407707707707707812e+02 1.480034877406703799e+02 2.701764780419999706e-02
1.408108108108108070e+02 1.556894531250000284e+02 2.752749598659999519e-02
1.408508508508508612e+02 1.422272071265601596e+02 2.707926761140000416e-02
1.408908908908908870e+02 1.479096375428162560e+02 2.701707451719999667e-02
1.409309309309309413e+02 1.435733858858858980e+02 2.754149305540000078e-02
1.409709709709709671e+02 1.519849733919710673e+02 2.605243630079999081e-02
1.410110110110110213e+02 1.480340203484734900e+02 2.701764780419999706e-02
1.410510510510510471e+02 1.562856665259009503e+02 2.752384708659999513e-02
1.410910910910911014e+02 1.448698246586430400e+02 2.728614068019999395e-02
1.411311311311311272e+02 1.486287224724724751e+02 2.658582266619999301e-02
1.411711711711711814e+02 1.411987436655405475e+02 2.642501094049999610e-02
1.412112112112112072e+02 1.337093656156156385e+02 2.494792752779999637e-02
1.412512512512512615e+02 1.562867848317067399e+02 2.752384708659999513e-02
1.412912912912912873e+02 1.426986850131381459e+02 2.708091893430000438e-02
1.413313313313313415e+02 1.444229542042041885e+02 2.753885804019999550e-02
1.413713713713713673e+02 1.486608327077076979e+02 2.658601807019999111e-02
1.414114114114114216e+02 1.577621058558558502e+02 2.746812088269999508e-02
1.414514514514514474e+02 1.416724693443443357e+02 2.684608871549999665e-02
1.414914914914915016e+02 1.432601351351351582e+02 2.754136322430000144e-02
1.415315315315315274e+02 1.433542337503519093e+02 2.754136322430000144e-02
1.415715715715715817e+02 1.450555594657157030e+02 2.728614068019999395e-02
1.416116116116116075e+02 1.575429179179179187e+02 2.746812088269999508e-02
1.416516516516516617e+02 1.562871445664414978e+02 2.752384708659999513e-02
1.416916916916916875e+02 1.456767705205205630e+02 2.702699185119999611e-02
1.417317317317317418e+02 1.448321133633633906e+02 2.753648643019999259e-02
1.417717717717717676e+02 1.592163452515015365e+02 2.749181491229999580e-02
1.418118118118118218e+02 1.426981356356356514e+02 2.708091893430000438e-02
1.418518518518518476e+02 1.598049768518519045e+02 2.697869060749999437e-02
1.418918918918919019e+02 1.418910258525126551e+02 2.684776695949999889e-02
1.419319319319319277e+02 1.575111791478979342e+02 2.746812088269999508e-02
1.419719719719719819e+02 1.454638637813839637e+02 2.728624929219999190e-02
1.420120120120120077e+02 1.422893792229729684e+02 2.707926761140000416e-02
1.420520520520520620e+02 1.442716153653653635e+02 2.758017074439999758e-02
1.420920920920920878e+02 1.578553251508955100e+02 2.746812088269999508e-02
1.421321321321321420e+02 1.456854354354354655e+02 2.708654813519999205e-02
1.421721721721721678e+02 1.443658443599850045e+02 2.758017074439999758e-02
1.422122122122122221e+02 1.433232451201201343e+02 2.754136322430000144e-02
1.422522522522522479e+02 1.453067165065456265e+02 2.728624929219999190e-02
1.422922922922923021e+02 1.420699605855855907e+02 2.699677817640000477e-02
1.423323323323323280e+02 1.443338807557557573e+02 2.758017074439999758e-02
1.423723723723723822e+02 1.592790915915916230e+02 2.749181491229999580e-02
1.424124124124124080e+02 1.473078390890891001e+02 2.704451442719999280e-02
1.424524524524524622e+02 1.444269978596761348e+02 2.758875098119999494e-02
1.424924924924924881e+02 1.353687375730222300e+02 2.682450435679999828e-02
1.425325325325325423e+02 1.577305509855558512e+02 2.746812088269999508e-02
1.425725725725725681e+02 1.425725725725725681e+02 2.707924069030000561e-02
1.426126126126126223e+02 1.441724380630630549e+02 2.753783859119999719e-02
1.426526526526526482e+02 1.566958938308425786e+02 2.757010461499999343e-02
1.426926926926927024e+02 1.592176630976679803e+02 2.749181491229999580e-02
1.427327327327327282e+02 1.445168918918918735e+02 2.753885804019999550e-02
1.427727727727727824e+02 1.428564286943193338e+02 2.708091893430000438e-02
1.428128128128128083e+02 1.596872832915923652e+02 2.740458373269999068e-02
1.428528528528528625e+02 1.431039613832582802e+02 2.754136322430000144e-02
1.428928928928928883e+02 1.444270029917612987e+02 2.758875098119999494e-02
1.429329329329329425e+02 1.456129254254254306e+02 2.702699185119999611e-02
1.429729729729729684e+02 1.608445945945945823e+02 2.705836361729999778e-02
1.430130130130130226e+02 1.448006756756756772e+02 2.753648643019999259e-02
1.430530530530530484e+02 1.361213014161622539e+02 2.682507514499999843e-02
1.430930930930931027e+02 1.582967342342342363e+02 2.745798735269999388e-02
1.431331331331331285e+02 1.556572822822822673e+02 2.752749598659999519e-02
1.431731731731731827e+02 1.447391297547547993e+02 2.753648643019999259e-02
1.432132132132132085e+02 1.443600377721471375e+02 2.753885804019999550e-02
1.432532532532532628e+02 1.555632053562351871e+02 2.753098468659999354e-02
1.432932932932932886e+02 1.432932932932932886e+02 2.754136322430000144e-02
1.433333333333333428e+02 1.433333333333333428e+02 2.700502087130000547e-02
1.433733733733733686e+02 1.456135823323323280e+02 2.702699185119999611e-02
1.434134134134134229e+02 1.566623478947697947e+02 2.756990088859999355e-02
1.434534534534534487e+02 1.449944573479729684e+02 2.728614068019999395e-02
1.434934934934935029e+02 1.459615395424721669e+02 2.672241273120000080e-02
1.435335335335335287e+02 1.578868868868869129e+02 2.746783532269999467e-02
1.435735735735735830e+02 1.435735735735735830e+02 2.754149305540000078e-02
1.436136136136136088e+02 1.431648210710710600e+02 2.754136322430000144e-02
1.436536536536536630e+02 1.472454333911548474e+02 2.704468971999999388e-02
1.436936936936936888e+02 1.571645389591251956e+02 2.757119309929999262e-02
1.437337337337337431e+02 1.437618067286036307e+02 2.753340547540000099e-02
1.437737737737737689e+02 1.419774791270762933e+02 2.696032017640000167e-02
1.438138138138138231e+02 1.363422367680180116e+02 2.656732114499999950e-02
1.438538538538538489e+02 1.566956901970329739e+02 2.757010461499999343e-02
1.438938938938939032e+02 1.436673031674252456e+02 2.754994945539999962e-02
1.439339339339339290e+02 1.583282058303420854e+02 2.745798735269999388e-02
1.439739739739739832e+02 1.579495726194945178e+02 2.746783532269999467e-02
1.440140140140140090e+02 1.442390359109108999e+02 2.758254235440000049e-02
1.440540540540540633e+02 1.476255113756334367e+02 2.702349970719999592e-02
1.440940940940940891e+02 1.565070826441676672e+02 2.756990088859999355e-02
1.441341341341341433e+02 1.589988464416565250e+02 2.749181491229999580e-02
1.441741741741741691e+02 1.441724142355245988e+02 2.753783859119999719e-02
1.442142142142142234e+02 1.453391273353431927e+02 2.728624929219999190e-02
1.442542542542542492e+02 1.589244470300378964e+02 2.712190076669999950e-02
1.442942942942943034e+02 1.467743524774774642e+02 2.720454961999999727e-02
1.443343343343343292e+02 1.443343343343343292e+02 2.758017074439999758e-02
1.443743743743743835e+02 1.371274575356606533e+02 2.655186828699999599e-02
1.444144144144144093e+02 1.565993806306306340e+02 2.756990088859999355e-02
1.444544544544544635e+02 1.444544544544544635e+02 2.753885804019999550e-02
1.444944944944944893e+02 1.442969434278028302e+02 2.753885804019999550e-02
1.445345345345345436e+02 1.553746246246246301e+02 2.753098468659999354e-02
1.445745745745745694e+02 1.373758478937922121e+02 2.641708792000000208e-02
1.446146146146146236e+02 1.446428596565315274e+02 2.753885804019999550e-02
1.446546546546546494e+02 1.555320066159910084e+02 2.753098468659999354e-02
1.446946946946947037e+02 1.573554804804804803e+02 2.746812088269999508e-02
1.447347347347347295e+02 1.436039946196196411e+02 2.754994945539999962e-02
1.447747747747747837e+02 1.445485641891892215e+02 2.753885804019999550e-02
1.448148148148148096e+02 1.411670441804108691e+02 2.642501094049999610e-02
1.448548548548548638e+02 1.442076761820414390e+02 2.758254235440000049e-02
1.448948948948948896e+02 1.451487085840723807e+02 2.728648841219999399e-02
1.449349349349349438e+02 1.456143174424424274e+02 2.702699185119999611e-02
1.449749749749749697e+02 1.590194256756757341e+02 2.711289858669999747e-02
1.450150150150150239e+02 1.585800792247325717e+02 2.745798735269999388e-02
1.450550550550550497e+02 1.450550550550550497e+02 2.728614068019999395e-02
1.450950950950951039e+02 1.568823003912115723e+02 2.757010461499999343e-02
1.451351351351351298e+02 1.424156230204814051e+02 2.707924069030000561e-02
1.451751751751751840e+02 1.442394758039289400e+02 2.758254235440000049e-02
1.452152152152152098e+02 1.452435775619369451e+02 2.728648841219999399e-02
1.452552552552552640e+02 1.588729354354354655e+02 2.749030837729999482e-02
1.452952952952952899e+02 1.434799909162091467e+02 2.754149305540000078e-02
1.453353353353353441e+02 1.444269894894895003e+02 2.758875098119999494e-02
1.453753753753753699e+02 1.460832196484814745e+02 2.741766735600000005e-02
1.454154154154154241e+02 1.581410393547844819e+02 2.741785135269999424e-02
1.454554554554554500e+02 1.436088529936185978e+02 2.752583188230000449e-02
1.454954954954955042e+02 1.446465349626970465e+02 2.758977043019999326e-02
1.455355355355355300e+02 1.477509019028794910e+02 2.702349970719999592e-02
1.455755755755755843e+02 1.458012603668121301e+02 2.702699185119999611e-02
1.456156156156156101e+02 1.474073702608858696e+02 2.698442489999999805e-02
1.456556556556556643e+02 1.436358213682432847e+02 2.754994945539999962e-02
1.456956956956956901e+02 1.550293262012011724e+02 2.753720399369999350e-02
1.457357357357357444e+02 1.456218796921921808e+02 2.708654813519999205e-02
1.457757757757757702e+02 1.448646771771771569e+02 2.753648643019999259e-02
1.458158158158158244e+02 1.437937605574324493e+02 2.753340547540000099e-02
1.458558558558558502e+02 1.574787443693693660e+02 2.746812088269999508e-02
1.458958958958959045e+02 1.458950054180156712e+02 2.741790647599999520e-02
1.459359359359359303e+02 1.441420212937546808e+02 2.753771475439999866e-02
1.459759759759759845e+02 1.588646995384056027e+02 2.744894998669999628e-02
1.460160160160160103e+02 1.430500656906906443e+02 2.700071159230000087e-02
1.460560560560560646e+02 1.460832454463741215e+02 2.741766735600000005e-02
1.460960960960960904e+02 1.443015502379820987e+02 2.758254235440000049e-02
1.461361361361361446e+02 1.594359159574613614e+02 2.753195091229999544e-02
1.461761761761761704e+02 1.416081706706706598e+02 2.684608871549999665e-02
1.462162162162162247e+02 1.452434642894847912e+02 2.728648841219999399e-02
1.462562562562562505e+02 1.581413624317676749e+02 2.741785135269999424e-02
1.462962962962963047e+02 1.564122065791377452e+02 2.756990088859999355e-02
1.463363363363363305e+02 1.431352289789790007e+02 2.754136322430000144e-02
1.463763763763763848e+02 1.455191490012962277e+02 2.702699185119999611e-02
1.464164164164164106e+02 1.546523398398398399e+02 2.753809981369998924e-02
1.464564564564564648e+02 1.428236498216966766e+02 2.708091893430000438e-02
1.464964964964964906e+02 1.432918856356355946e+02 2.754136322430000144e-02
1.465365365365365449e+02 1.598468193535333057e+02 2.740267637869999232e-02
1.465765765765765707e+02 1.584859234234234293e+02 2.745798735269999388e-02
1.466166166166166249e+02 1.430084733170670859e+02 2.754136322430000144e-02
1.466566566566566507e+02 1.457382623101617014e+02 2.702699185119999611e-02
1.466966966966967050e+02 1.576989489489489813e+02 2.746812088269999508e-02
1.467367367367367308e+02 1.568822064251751840e+02 2.757010461499999343e-02
1.467767767767767850e+02 1.431646920357858050e+02 2.754136322430000144e-02
1.468168168168168108e+02 1.422583625495612409e+02 2.707926761140000416e-02
1.468568568568568651e+02 1.449637801864363951e+02 2.728614068019999395e-02
1.468968968968968909e+02 1.552172289476977198e+02 2.753737308659999494e-02
1.469369369369369451e+02 1.426034452421171181e+02 2.707924069030000561e-02
1.469769769769769709e+02 1.561917444788538774e+02 2.752384708659999513e-02
1.470170170170170252e+02 1.583591501657908225e+02 2.745798735269999388e-02
1.470570570570570510e+02 1.470570570570570510e+02 2.700543961999999493e-02
1.470970970970971052e+02 1.563499210880803219e+02 2.756990088859999355e-02
1.471371371371371310e+02 1.590920295295295546e+02 2.749181491229999580e-02
1.471771771771771853e+02 1.453069203236439648e+02 2.728624929219999190e-02
1.472172172172172111e+02 1.472455213086621768e+02 2.704468971999999388e-02
1.472572572572572653e+02 1.545891119696356668e+02 2.753864300709999227e-02
1.472972972972972912e+02 1.509833258551520316e+02 2.606231523269999725e-02
1.473373373373373454e+02 1.555630125364622245e+02 2.753098468659999354e-02
1.473773773773773712e+02 1.547462462462462440e+02 2.753809981369998924e-02
1.474174174174174254e+02 1.586752709740990781e+02 2.745795216669999830e-02
1.474574574574574513e+02 1.587471690440440284e+02 2.749030837729999482e-02
1.474974974974975055e+02 1.548723723723723822e+02 2.753813799369999107e-02
1.475375375375375313e+02 1.493835577520880520e+02 2.610732240419999517e-02
1.475775775775775855e+02 1.589089125746840807e+02 2.704264391229999759e-02
1.476176176176176114e+02 1.549984984984984919e+02 2.753752855969999330e-02
1.476576576576576656e+02 1.458119369369369451e+02 2.708722066619999314e-02
1.476976976976976914e+02 1.587380645415923652e+02 2.745795216669999830e-02
1.477377377377377456e+02 1.551264280638060029e+02 2.734447015969999201e-02
1.477777777777777715e+02 1.570707126193576073e+02 2.757010461499999343e-02
1.478178178178178257e+02 1.589041541541541562e+02 2.749030837729999482e-02
1.478578578578578515e+02 1.552484946188864399e+02 2.753737308659999494e-02
1.478978978978979058e+02 1.571329408937746166e+02 2.757119309929999262e-02
1.479379379379379316e+02 1.442390380187316055e+02 2.758254235440000049e-02
1.479779779779779858e+02 1.554057788257006791e+02 2.753098468659999354e-02
1.480180180180180116e+02 1.577298935898789409e+02 2.746812088269999508e-02
1.480580580580580659e+02 1.596250938438438993e+02 2.740446391229999293e-02
1.480980980980980917e+02 1.443956456456456294e+02 2.758875098119999494e-02
1.481381381381381459e+02 1.478786432306329743e+02 2.701707451719999667e-02
1.481781781781781717e+02 1.537059188094344222e+02 2.673788527809999385e-02
1.482182182182182260e+02 1.556580779998748767e+02 2.752749598659999519e-02
1.482582582582582518e+02 1.445843780792511097e+02 2.758977043019999326e-02
1.482982982982983060e+02 1.408815731014217363e+02 2.629052767862999698e-02
1.483383383383383318e+02 1.557842275869619471e+02 2.752749598659999519e-02
1.483783783783783861e+02 1.465236486486486456e+02 2.720485323099999797e-02
1.484184184184184119e+02 1.535492895238988922e+02 2.664609327809999359e-02
1.484584584584584661e+02 1.595928428428428560e+02 2.740446391229999293e-02
1.484984984984984919e+02 1.568515390390390394e+02 2.757010461499999343e-02
1.485385385385385462e+02 1.467117248474059750e+02 2.720485323099999797e-02
1.485785785785785720e+02 1.597546186323041866e+02 2.751238655829999630e-02
1.486186186186186262e+02 1.570074429898648987e+02 2.757010461499999343e-02
1.486586586586586520e+02 1.579498248248248160e+02 2.746783532269999467e-02
1.486986986986987063e+02 1.542748998998999070e+02 2.753897735109999204e-02
1.487387387387387321e+02 1.548112083641258323e+02 2.735146799369999118e-02
1.487787787787787863e+02 1.580774524524524622e+02 2.741508532269999743e-02
1.488188188188188121e+02 1.566957523930180400e+02 2.757010461499999343e-02
1.488588588588588664e+02 1.590929054054054177e+02 2.749181491229999580e-02
1.488988988988988922e+02 1.600663163163163176e+02 2.740260833389999290e-02
1.489389389389389464e+02 1.568513200700700736e+02 2.757010461499999343e-02
1.489789789789789722e+02 1.562242457301051104e+02 2.752384708659999513e-02
1.490190190190190265e+02 1.611263595443588201e+02 2.705836361729999778e-02
1.490590590590590523e+02 1.569760020029795271e+02 2.757010461499999343e-02
1.490990990990991065e+02 1.579809790259009219e+02 2.746783532269999467e-02
1.491391391391391323e+02 1.588098801926927308e+02 2.749030837729999482e-02
1.491791791791791866e+02 1.571330043727809880e+02 2.757119309929999262e-02
1.492192192192192124e+02 1.576055142056118825e+02 2.746812088269999508e-02
1.492592592592592666e+02 1.586754195601851620e+02 2.745795216669999830e-02
1.492992992992992924e+02 1.571643032803311257e+02 2.757119309929999262e-02
1.493393393393393467e+02 1.578553231041710205e+02 2.746812088269999508e-02
1.493793793793793725e+02 1.587155905905905797e+02 2.749030837729999482e-02
1.494194194194194267e+02 1.578240337658214685e+02 2.746812088269999508e-02
1.494594594594594525e+02 1.588298669763513544e+02 2.712190076669999950e-02
1.494994994994995068e+02 1.593104041541541278e+02 2.753195091229999544e-02
1.495395395395395326e+02 1.579511386386386107e+02 2.741508532269999743e-02
1.495795795795795868e+02 1.552171156141492929e+02 2.753737308659999494e-02
1.496196196196196126e+02 1.594671731362709579e+02 2.753195091229999544e-02
1.496596596596596669e+02 1.555632874695985493e+02 2.753098468659999354e-02
1.496996996996996927e+02 1.446122489677177327e+02 2.753885804019999550e-02
1.497397397397397469e+02 1.600352607856880525e+02 2.740260833389999290e-02
1.497797797797797728e+02 1.556890601539038812e+02 2.752749598659999519e-02
1.498198198198198270e+02 1.441723148930180400e+02 2.753783859119999719e-02
1.498598598598598528e+02 1.573528528528528625e+02 2.746812088269999508e-02
1.498998998998999070e+02 1.549355996621621898e+02 2.753752855969999330e-02
1.499399399399399329e+02 1.593102710254199792e+02 2.753195091229999544e-02
1.499799799799799871e+02 1.574789789789790007e+02 2.746812088269999508e-02
1.500200200200200129e+02 1.545891112059324826e+02 2.753864300709999227e-02
1.500600600600600671e+02 1.594672065253730580e+02 2.753195091229999544e-02
1.501001001001000930e+02 1.576051051051051104e+02 2.746812088269999508e-02
1.501401401401401472e+02 1.538936436436436566e+02 2.677713537809999281e-02
1.501801801801801730e+02 1.588331397804054177e+02 2.744894998669999628e-02
1.502202202202202272e+02 1.577303143597699204e+02 2.746812088269999508e-02
1.502602602602602531e+02 1.583602274149149025e+02 2.745798735269999388e-02
1.503003003003003073e+02 1.549981020449160098e+02 2.753752855969999330e-02
1.503403403403403331e+02 1.583280885255372823e+02 2.745798735269999388e-02
1.503803803803803874e+02 1.589347330729166856e+02 2.749030837729999482e-02
1.504204204204204132e+02 1.541809309309309128e+02 2.749972725109999308e-02
1.504604604604604674e+02 1.584536724224224429e+02 2.745798735269999388e-02
1.505005005005004932e+02 1.589661536536536630e+02 2.749030837729999482e-02
1.505405405405405475e+02 1.548406487542230252e+02 2.753809981369998924e-02
1.505805805805805733e+02 1.585801739239239225e+02 2.745798735269999388e-02
1.506206206206206275e+02 1.590930305305305410e+02 2.749181491229999580e-02
1.506606606606606533e+02 1.539563626126125939e+02 2.677713537809999281e-02
1.507007007007007076e+02 1.587066754254254306e+02 2.745795216669999830e-02
1.507407407407407334e+02 1.582773177535445370e+02 2.701898218669999269e-02
1.507807807807807876e+02 1.544325028153153312e+02 2.753864300709999227e-02
1.508208208208208134e+02 1.588331769269269387e+02 2.744894998669999628e-02
1.508608608608608677e+02 1.584039039039039096e+02 2.701865837729999775e-02
1.509009009009008935e+02 1.549980850907059562e+02 2.753752855969999330e-02
1.509409409409409477e+02 1.566012262262262311e+02 2.756990088859999355e-02
1.509809809809809735e+02 1.595621265797046817e+02 2.740446391229999293e-02
1.510210210210210278e+02 1.555625284097573910e+02 2.753098468659999354e-02
1.510610610610610536e+02 1.567267728543973249e+02 2.757010461499999343e-02
1.511011011011011078e+02 1.592168828985235223e+02 2.749181491229999580e-02
1.511411411411411336e+02 1.556567410305813723e+02 2.753098468659999354e-02
1.511811811811811879e+02 1.568209479010260452e+02 2.757010461499999343e-02
1.512212212212212137e+02 1.583097159659659496e+02 2.701865837729999775e-02
1.512612612612612679e+02 1.590606700450450717e+02 2.749181491229999580e-02
1.513013013013012937e+02 1.574479166666666856e+02 2.746812088269999508e-02
1.513413413413413480e+02 1.561298759697197056e+02 2.752384708659999513e-02
1.513813813813813738e+02 1.603846652285831169e+02 2.696640344369999331e-02
1.514214214214214280e+02 1.575729166666666856e+02 2.746812088269999508e-02
1.514614614614614538e+02 1.567271138325825746e+02 2.757010461499999343e-02
1.515015015015015081e+02 1.609703453453453790e+02 2.705836361729999778e-02
1.515415415415415339e+02 1.582010819413163176e+02 2.745522132269999707e-02
1.515815815815815881e+02 1.563186216535749224e+02 2.756990088859999355e-02
1.516216216216216139e+02 1.544636016020903639e+02 2.753864300709999227e-02
1.516616616616616682e+02 1.582968593593593596e+02 2.745798735269999388e-02
1.517017017017016940e+02 1.564127506412662569e+02 2.756990088859999355e-02
1.517417417417417482e+02 1.550601661842506473e+02 2.753744412929999552e-02
1.517817817817817740e+02 1.584222347347347295e+02 2.745798735269999388e-02
1.518218218218218283e+02 1.581100474253550487e+02 2.741785135269999424e-02
1.518618618618618541e+02 1.556584084084084054e+02 2.752749598659999519e-02
1.519019019019019083e+02 1.585476101101100994e+02 2.745798735269999388e-02
1.519419419419419341e+02 1.582332879754754913e+02 2.745522132269999707e-02
1.519819819819819884e+02 1.567314189189189051e+02 2.728082561499999698e-02
1.520220220220220142e+02 1.586428297499159044e+02 2.745798735269999388e-02
1.520620620620620684e+02 1.577616050498741060e+02 2.746812088269999508e-02
1.521021021021020942e+02 1.574494416291291259e+02 2.746812088269999508e-02
1.521421421421421485e+02 1.559716965500656727e+02 2.752749598659999519e-02
1.521821821821821743e+02 1.578871563213604077e+02 2.746783532269999467e-02
1.522222222222222285e+02 1.575737847222222001e+02 2.746812088269999508e-02
1.522622622622622544e+02 1.561282962650150239e+02 2.752384708659999513e-02
1.523023023023023086e+02 1.461145564815303715e+02 2.741766735600000005e-02
1.523423423423423344e+02 1.571016458047402580e+02 2.757020729429999345e-02
1.523823823823823886e+02 1.561919419419419341e+02 2.752384708659999513e-02
1.524224224224224145e+02 1.448013013013012937e+02 2.753648643019999259e-02
1.524624624624624687e+02 1.588721392290728431e+02 2.749030837729999482e-02
1.525025025025024945e+02 1.600978419826076049e+02 2.706655693389999409e-02
1.525425425425425487e+02 1.481908345112691165e+02 2.701764780419999706e-02
1.525825825825825746e+02 1.590196602852852834e+02 2.711289858669999747e-02
1.526226226226226288e+02 1.602537537537537560e+02 2.706682078849999631e-02
1.526626626626626546e+02 1.464607419919919948e+02 2.720418069999999688e-02
1.527027027027027088e+02 1.579518581081081265e+02 2.741508532269999743e-02
1.527427427427427347e+02 1.585899258633633337e+02 2.701907837729999873e-02
1.527827827827827889e+02 1.433233800206456294e+02 2.754136322430000144e-02
1.528228228228228147e+02 1.580751746008703833e+02 2.745522132269999707e-02
1.528628628628628690e+02 1.581697718226038774e+02 2.745522132269999707e-02
1.529029029029028948e+02 1.566956116272522763e+02 2.757010461499999343e-02
1.529429429429429490e+02 1.591861216685435920e+02 2.749181491229999580e-02
1.529829829829829748e+02 1.577926469560380838e+02 2.746812088269999508e-02
1.530230230230230291e+02 1.453700039150478460e+02 2.728624929219999190e-02
1.530630630630630549e+02 1.563814224380630549e+02 2.756990088859999355e-02
1.531031031031031091e+02 1.578871078414840667e+02 2.746783532269999467e-02
1.531431431431431349e+02 1.427304562863644719e+02 2.708091893430000438e-02
1.531831831831831892e+02 1.589350322001689619e+02 2.749030837729999482e-02
1.532232232232232150e+02 1.592085053803803589e+02 2.711269459769999335e-02
1.532632632632632692e+02 1.556580017517517831e+02 2.752749598659999519e-02
1.533033033033032950e+02 1.571957699887387321e+02 2.757119309929999262e-02
1.533433433433433493e+02 1.591236685904654564e+02 2.749181491229999580e-02
1.533833833833833751e+02 1.563810249458442740e+02 2.756990088859999355e-02
1.534234234234234293e+02 1.572590090090090200e+02 2.746858409929999606e-02
1.534634634634634551e+02 1.587378333533729062e+02 2.745795216669999830e-02
1.535035035035035094e+02 1.476571786630379961e+02 2.702349970719999592e-02
1.535435435435435352e+02 1.586116800394144093e+02 2.745798735269999388e-02
1.535835835835835894e+02 1.439246160222722608e+02 2.752925835439999983e-02
1.536236236236236152e+02 1.420699719494885471e+02 2.699677817640000477e-02
1.536636636636636695e+02 1.586757401933182905e+02 2.745795216669999830e-02
1.537037037037036953e+02 1.430766508314344492e+02 2.706532688230000802e-02
1.537437437437437495e+02 1.461466407814064041e+02 2.711332735599999988e-02
1.537837837837837753e+02 1.580751623205236740e+02 2.745522132269999707e-02
1.538238238238238296e+02 1.576994631350100349e+02 2.746812088269999508e-02
1.538638638638638554e+02 1.557834057201732776e+02 2.752749598659999519e-02
1.539039039039039096e+02 1.582324512012012292e+02 2.745522132269999707e-02
1.539439439439439354e+02 1.577925425425425487e+02 2.746812088269999508e-02
1.539839839839839897e+02 1.500103250222879296e+02 2.607149407809999583e-02
1.540240240240240155e+02 1.540235539800053743e+02 2.740807727809999386e-02
1.540640640640640697e+02 1.425092592592592666e+02 2.707924069030000561e-02
1.541041041041040955e+02 1.464289973567317134e+02 2.720418069999999688e-02
1.541441441441441498e+02 1.561913710585585591e+02 2.752384708659999513e-02
1.541841841841841756e+02 1.431021959459459083e+02 2.754136322430000144e-02
1.542242242242242298e+02 1.586747377260072653e+02 2.745795216669999830e-02
1.542642642642642556e+02 1.457074183558558502e+02 2.702699185119999611e-02
1.543043043043043099e+02 1.427917566003503396e+02 2.708091893430000438e-02
1.543443443443443357e+02 1.437934614301802014e+02 2.753340547540000099e-02
1.543843843843843899e+02 1.561295008387293421e+02 2.752384708659999513e-02
1.544244244244244157e+02 1.580437468718718605e+02 2.745522132269999707e-02
1.544644644644644700e+02 1.544635216881920883e+02 2.753864300709999227e-02
1.545045045045044958e+02 1.428563133445945539e+02 2.708091893430000438e-02
1.545445445445445500e+02 1.564122093284690891e+02 2.756990088859999355e-02
1.545845845845845759e+02 1.596559477568388559e+02 2.740458373269999068e-02
1.546246246246246301e+02 1.590300674209366321e+02 2.749181491229999580e-02
1.546646646646646559e+02 1.468710155467967695e+02 2.700574323099999563e-02
1.547047047047047101e+02 1.478155108233233364e+02 2.701403002719999710e-02
1.547447447447447360e+02 1.586114743894285084e+02 2.745798735269999388e-02
1.547847847847847902e+02 1.442340250406656423e+02 2.753885804019999550e-02
1.548248248248248160e+02 1.568206135823323280e+02 2.757010461499999343e-02
1.548648648648648702e+02 1.471821157094594525e+02 2.704468971999999388e-02
1.549049049049048961e+02 1.589675658935302636e+02 2.749181491229999580e-02
1.549449449449449503e+02 1.617200034507163764e+02 2.610425668780000374e-02
1.549849849849849761e+02 1.577613578544364827e+02 2.746812088269999508e-02
1.550250250250250303e+02 1.452744581128980599e+02 2.728648841219999399e-02
1.550650650650650562e+02 1.454340707895395042e+02 2.708713929219999650e-02
1.551051051051051104e+02 1.480655447928397166e+02 2.701764780419999706e-02
1.551451451451451362e+02 1.541754879879879923e+02 2.677713537809999281e-02
1.551851851851851904e+02 1.600347222222222570e+02 2.740260833389999290e-02
1.552252252252252163e+02 1.446747606981982130e+02 2.753885804019999550e-02
1.552652652652652705e+02 1.455611861861862053e+02 2.708654813519999205e-02
1.553053053053052963e+02 1.592486040728228147e+02 2.749181491229999580e-02
1.553453453453453506e+02 1.554060271208708741e+02 2.753098468659999354e-02
1.553853853853853764e+02 1.583595587775275249e+02 2.745798735269999388e-02
1.554254254254254306e+02 1.430399618368368806e+02 2.754136322430000144e-02
1.554654654654654564e+02 1.571957588997689186e+02 2.757119309929999262e-02
1.555055055055055107e+02 1.574493243243243228e+02 2.746812088269999508e-02
1.555455455455455365e+02 1.586443044607106856e+02 2.745795216669999830e-02
1.555855855855855907e+02 1.604476351351351582e+02 2.696618755129999434e-02
1.556256256256256165e+02 1.556256256256256165e+02 2.753098468659999354e-02
1.556656656656656708e+02 1.577302499643198246e+02 2.746812088269999508e-02
1.557057057057056966e+02 1.482853556681681653e+02 2.701704454419999457e-02
1.557457457457457508e+02 1.574492148398398683e+02 2.746812088269999508e-02
1.557857857857857766e+02 1.587067692692692731e+02 2.745795216669999830e-02
1.558258258258258309e+02 1.431649774774775210e+02 2.754136322430000144e-02
1.558658658658658567e+02 1.555005552427427347e+02 2.753098468659999354e-02
1.559059059059059109e+02 1.587377905248999355e+02 2.745795216669999830e-02
1.559459459459459367e+02 1.581693940033783861e+02 2.745522132269999707e-02
1.559859859859859910e+02 1.480648226351351582e+02 2.701764780419999706e-02
1.560260260260260168e+02 1.482856723911411336e+02 2.701704454419999457e-02
1.560660660660660710e+02 1.560651135143933175e+02 2.752749598659999519e-02
1.561061061061060968e+02 1.563500218968968909e+02 2.756990088859999355e-02
1.561461461461461511e+02 1.556581894394394681e+02 2.752749598659999519e-02
1.561861861861861769e+02 1.482548564189189051e+02 2.701704454419999457e-02
1.562262262262262311e+02 1.591554679679679793e+02 2.749181491229999580e-02
1.562662662662662569e+02 1.443016533684563001e+02 2.758254235440000049e-02
1.563063063063063112e+02 1.601529068130630833e+02 2.675250714249999273e-02
1.563463463463463370e+02 1.573216024862753670e+02 2.746858409929999606e-02
1.563863863863863912e+02 1.588299236736737043e+02 2.712190076669999950e-02
1.564264264264264170e+02 1.599093585773273105e+02 2.740267637869999232e-02
1.564664664664664713e+02 1.369692778716215571e+02 2.656465348699999993e-02
1.565065065065064971e+02 1.565065065065064971e+02 2.756990088859999355e-02
1.565465465465465513e+02 1.546202902120870704e+02 2.753864300709999227e-02
1.565865865865865771e+02 1.560972535035035094e+02 2.752384708659999513e-02
1.566266266266266314e+02 1.576055430430430420e+02 2.746812088269999508e-02
1.566666666666666572e+02 1.591145833333333428e+02 2.711289858669999747e-02
1.567067067067067114e+02 1.606320260690378063e+02 2.663061589829999673e-02
1.567467467467467372e+02 1.448644555199730348e+02 2.753648643019999259e-02
1.567867867867867915e+02 1.587159992023273389e+02 2.749030837729999482e-02
1.568268268268268173e+02 1.558466591591591737e+02 2.752749598659999519e-02
1.568668668668668715e+02 1.610949191378879277e+02 2.705836361729999778e-02
1.569069069069068973e+02 1.579182209553303267e+02 2.746783532269999467e-02
1.569469469469469516e+02 1.570082543480980917e+02 2.757010461499999343e-02
1.569869869869869774e+02 1.561284644019018799e+02 2.752384708659999513e-02
1.570270270270270316e+02 1.552175358952702879e+02 2.753737308659999494e-02
1.570670670670670575e+02 1.590304054054053893e+02 2.749181491229999580e-02
1.571071071071071117e+02 1.572902580925651819e+02 2.746858409929999606e-02
1.571471471471471375e+02 1.492897897897897792e+02 2.610732240419999517e-02
1.571871871871871917e+02 1.452743862637051109e+02 2.728648841219999399e-02
1.572272272272272176e+02 1.572272272272272176e+02 2.757119309929999262e-02
1.572672672672672718e+02 1.576358624249249374e+02 2.746812088269999508e-02
1.573073073073072976e+02 1.434800295595888429e+02 2.754149305540000078e-02
1.573473473473473518e+02 1.593103477012168696e+02 2.753195091229999544e-02
1.573873873873873777e+02 1.573873873873873777e+02 2.746812088269999508e-02
1.574274274274274319e+02 1.564435060060060039e+02 2.756990088859999355e-02
1.574674674674674577e+02 1.553126697253894122e+02 2.753098468659999354e-02
1.575075075075075119e+02 1.587380349099099135e+02 2.745795216669999830e-02
1.575475475475475378e+02 1.577927539966724453e+02 2.746812088269999508e-02
1.575875875875875920e+02 1.593419806525275533e+02 2.753195091229999544e-02
1.576276276276276178e+02 1.586108761349239842e+02 2.745798735269999388e-02
1.576676676676676720e+02 1.576676676676676720e+02 2.746812088269999508e-02
1.577077077077076979e+02 1.577616117093656101e+02 2.746812088269999508e-02
1.577477477477477521e+02 1.540505349099099135e+02 2.677713537809999281e-02
1.577877877877877779e+02 1.558154404404404261e+02 2.752749598659999519e-02
1.578278278278278322e+02 1.590608577327327566e+02 2.749181491229999580e-02
1.578678678678678580e+02 1.567578594219219212e+02 2.757010461499999343e-02
1.579079079079079122e+02 1.542069413163163176e+02 2.677713537809999281e-02
1.579479479479479380e+02 1.560969954329329141e+02 2.752384708659999513e-02
1.579879879879879923e+02 1.582965582770270316e+02 2.745798735269999388e-02
1.580280280280280181e+02 1.571329474005255236e+02 2.757119309929999262e-02
1.580680680680680723e+02 1.441136214339339006e+02 2.758254235440000049e-02
1.581081081081080981e+02 1.581698690878378102e+02 2.745522132269999707e-02
1.581481481481481524e+02 1.585805844907407618e+02 2.745798735269999388e-02
1.581881881881881782e+02 1.569446189353415946e+02 2.757010461499999343e-02
1.582282282282282324e+02 1.574788074207019690e+02 2.746812088269999508e-02
1.582682682682682582e+02 1.565372090840840542e+02 2.756990088859999355e-02
1.583083083083083125e+02 1.607818756256256165e+02 2.705882278849999767e-02
1.583483483483483383e+02 1.576060904654654564e+02 2.746812088269999508e-02
1.583883883883883925e+02 1.561610516766767205e+02 2.752384708659999513e-02
1.584284284284284183e+02 1.566956174924924596e+02 2.757010461499999343e-02
1.584684684684684726e+02 1.589559447142455042e+02 2.712190076669999950e-02
1.585085085085084984e+02 1.557841435185185048e+02 2.752749598659999519e-02
1.585485485485485526e+02 1.585485485485485526e+02 2.745798735269999388e-02
1.585885885885885784e+02 1.570398719031531414e+02 2.757010461499999343e-02
1.586286286286286327e+02 1.576371996996996927e+02 2.746812088269999508e-02
1.586686686686686585e+02 1.598462876939439639e+02 2.740267637869999232e-02
1.587087087087087127e+02 1.567267872120166885e+02 2.757010461499999343e-02
1.587487487487487385e+02 1.549040524899899651e+02 2.753813799369999107e-02
1.587887887887887928e+02 1.446466622872872847e+02 2.758977043019999326e-02
1.588288288288288186e+02 1.600662861042194152e+02 2.740260833389999290e-02
1.588688688688688728e+02 1.568830080080080052e+02 2.757010461499999343e-02
1.589089089089088986e+02 1.594670880902875751e+02 2.753195091229999544e-02
1.589489489489489529e+02 1.583280546171171181e+02 2.745798735269999388e-02
1.589889889889889787e+02 1.588725419755693054e+02 2.749030837729999482e-02
1.590290290290290329e+02 1.590299996651925483e+02 2.749181491229999580e-02
1.590690690690690587e+02 1.551234105198948612e+02 2.753744412929999552e-02
1.591091091091091130e+02 1.602899970282782647e+02 2.696640344369999331e-02
1.591491491491491388e+02 1.586430657341912251e+02 2.745798735269999388e-02
1.591891891891891930e+02 1.595622888513513544e+02 2.740446391229999293e-02
1.592292292292292188e+02 1.480353677652261979e+02 2.701764780419999706e-02
1.592692692692692731e+02 1.582641153116006478e+02 2.745522132269999707e-02
1.593093093093092989e+02 1.590603885135134874e+02 2.749181491229999580e-02
1.593493493493493531e+02 1.577309575200200129e+02 2.746812088269999508e-02
1.593893893893893789e+02 1.551551223159193853e+02 2.753744412929999552e-02
1.594294294294294332e+02 1.596795109929265379e+02 2.697869060749999437e-02
1.594694694694694590e+02 1.597186405155155171e+02 2.740458373269999068e-02
1.595095095095095132e+02 1.581387246621621330e+02 2.745522132269999707e-02
1.595495495495495391e+02 1.551858927408854356e+02 2.753737308659999494e-02
1.595895895895895933e+02 1.560985673173173041e+02 2.752384708659999513e-02
1.596296296296296191e+02 1.598790509259259238e+02 2.740267637869999232e-02
1.596696696696696733e+02 1.442031322399058979e+02 2.753885804019999550e-02
1.597097097097096992e+02 1.595946844060857757e+02 2.740446391229999293e-02
1.597497497497497534e+02 1.565067830281453212e+02 2.756990088859999355e-02
1.597897897897897792e+02 1.575427458708708741e+02 2.746812088269999508e-02
1.598298298298298334e+02 1.578241527660472912e+02 2.746812088269999508e-02
1.598698698698698593e+02 1.588648285736908861e+02 2.744894998669999628e-02
1.599099099099099135e+02 1.599099099099099135e+02 2.740267637869999232e-02
1.599499499499499393e+02 1.444587035766234635e+02 2.758875098119999494e-02
1.599899899899899935e+02 1.579823031038851013e+02 2.741508532269999743e-02
1.600300300300300194e+02 1.590298423423423060e+02 2.749181491229999580e-02
1.600700700700700736e+02 1.565685372872873131e+02 2.756990088859999355e-02
1.601101101101100994e+02 1.583589057807807308e+02 2.745798735269999388e-02
1.601501501501501536e+02 1.580153361369181653e+02 2.741508532269999743e-02
1.601901901901901795e+02 1.598147444319318993e+02 2.740267637869999232e-02
1.602302302302302337e+02 1.567271498793715807e+02 2.757010461499999343e-02
1.602702702702702595e+02 1.585173141891891646e+02 2.745798735269999388e-02
1.603103103103103138e+02 1.588015304122481552e+02 2.744894998669999628e-02
1.603503503503503396e+02 1.590917410330251869e+02 2.749181491229999580e-02
1.603903903903903938e+02 1.568818506006006146e+02 2.757010461499999343e-02
1.604304304304304196e+02 1.569131812476538812e+02 2.757010461499999343e-02
1.604704704704704739e+02 1.592167949199198915e+02 2.749181491229999580e-02
1.605105105105104997e+02 1.605105105105104997e+02 2.696618755129999434e-02
1.605505505505505539e+02 1.569130771396396540e+02 2.757010461499999343e-02
1.605905905905905797e+02 1.570776714214213996e+02 2.722761239839999875e-02
1.606306306306306340e+02 1.598776745495495106e+02 2.740267637869999232e-02
1.606706706706706598e+02 1.586529710557725537e+02 2.749030837729999482e-02
1.607107107107107140e+02 1.546840590590590523e+02 2.753809981369998924e-02
1.607507507507507398e+02 1.566063954579579445e+02 2.728082561499999698e-02
1.607907907907907941e+02 1.587789431276980281e+02 2.749030837729999482e-02
1.608308308308308199e+02 1.480342566687781130e+02 2.701764780419999706e-02
1.608708708708708741e+02 1.573557480820664409e+02 2.746812088269999508e-02
1.609109109109108999e+02 1.566327863508038831e+02 2.756990088859999355e-02
1.609509509509509542e+02 1.584360923423423060e+02 2.701865837729999775e-02
1.609909909909909800e+02 1.559718138548704758e+02 2.752749598659999519e-02
1.610310310310310342e+02 1.585168868819991985e+02 2.745798735269999388e-02
1.610710710710710600e+02 1.547782492575583149e+02 2.753809981369998924e-02
1.611111111111111143e+02 1.699189249674479356e+02 2.529105946289999726e-02
1.611511511511511401e+02 1.562587816087571753e+02 2.738323088859999366e-02
1.611911911911911943e+02 1.586745464947369157e+02 2.745795216669999830e-02
1.612312312312312201e+02 1.597196884384384248e+02 2.740458373269999068e-02
1.612712712712712744e+02 1.448960950696790064e+02 2.753648643019999259e-02
1.613113113113113002e+02 1.610641852179327884e+02 2.705836361729999778e-02
1.613513513513513544e+02 1.585800946209881204e+02 2.745798735269999388e-02
1.613913913913913802e+02 1.486615271888098846e+02 2.658601807019999111e-02
1.614314314314314345e+02 1.558782847789195500e+02 2.752749598659999519e-02
1.614714714714714603e+02 1.604780434731606533e+02 2.696618755129999434e-02
1.615115115115115145e+02 1.425725517998466785e+02 2.707924069030000561e-02
1.615515515515515403e+02 1.461467670673603152e+02 2.711332735599999988e-02
1.615915915915915946e+02 1.696691986175628699e+02 2.510247646289999815e-02
1.616316316316316204e+02 1.540551488988988922e+02 2.740807727809999386e-02
1.616716716716716746e+02 1.587666338213213066e+02 2.712193595269999508e-02
1.617117117117117004e+02 1.574162443693693376e+02 2.746812088269999508e-02
1.617517517517517547e+02 1.576368756451764170e+02 2.746812088269999508e-02
1.617917917917917805e+02 1.696285817067067114e+02 2.571883617019999832e-02
1.618318318318318347e+02 1.461464711782094810e+02 2.711332735599999988e-02
1.618718718718718605e+02 1.449278862602837137e+02 2.753648643019999259e-02
1.619119119119119148e+02 1.568521646646646559e+02 2.757010461499999343e-02
1.619519519519519406e+02 1.566379035285285113e+02 2.728082561499999698e-02
1.619919919919919948e+02 1.549982764441688232e+02 2.753752855969999330e-02
1.620320320320320207e+02 1.701336336336336217e+02 2.555589236489999583e-02
1.620720720720720749e+02 1.457382460585585875e+02 2.702699185119999611e-02
1.621121121121121291e+02 1.455288662686123473e+02 2.708654813519999205e-02
1.621521521521521549e+02 1.705131224974975055e+02 2.616529236489999535e-02
1.621921921921921808e+02 1.421636739278340826e+02 2.699776561140000697e-02
1.622322322322322350e+02 1.574159628378378102e+02 2.746812088269999508e-02
1.622722722722722892e+02 1.706394363113113286e+02 2.616572764189999470e-02
1.623123123123123150e+02 1.432913382132132085e+02 2.754136322430000144e-02
1.623523523523523409e+02 1.594985024086586805e+02 2.753195091229999544e-02
1.623923923923923951e+02 1.707013244323425170e+02 2.616578340499999683e-02
1.624324324324324493e+02 1.483484777502111456e+02 2.701704454419999457e-02
1.624724724724724751e+02 1.595629617654763877e+02 2.740446391229999293e-02
1.625125125125125010e+02 1.708920639389389748e+02 2.621306041799999556e-02
1.625525525525525552e+02 1.591237096471471375e+02 2.749181491229999580e-02
1.625925925925926094e+02 1.575115740740740762e+02 2.746812088269999508e-02
1.626326326326326353e+02 1.707642642642642841e+02 2.616578340499999683e-02
1.626726726726726611e+02 1.486929898648648134e+02 2.658601807019999111e-02
1.627127127127127153e+02 1.594076107357357159e+02 2.736432791229999328e-02
1.627527527527527695e+02 1.710175409784785074e+02 2.621594972799999590e-02
1.627927927927927954e+02 1.547783478058136097e+02 2.753809981369998924e-02
1.628328328328328212e+02 1.424787287287286972e+02 2.707924069030000561e-02
1.628728728728728754e+02 1.710798902082013910e+02 2.621594972799999590e-02
1.629129129129129296e+02 1.443346361498216766e+02 2.758017074439999758e-02
1.629529529529529555e+02 1.426360495932944161e+02 2.708091893430000438e-02
1.629929929929929813e+02 1.711426426426426417e+02 2.619020432799999687e-02
1.630330330330330355e+02 1.569133238463072075e+02 2.757010461499999343e-02
1.630730730730730897e+02 1.584866428928928883e+02 2.745798735269999388e-02
1.631131131131131156e+02 1.689749906156156385e+02 2.516493866219999750e-02
1.631531531531531414e+02 1.702911036036035739e+02 2.555589236489999583e-02
1.631931931931931956e+02 1.598783314564564648e+02 2.740267637869999232e-02
1.632332332332332498e+02 1.690993030154788812e+02 2.539978166219999597e-02
1.632732732732732757e+02 1.582965476462790946e+02 2.745798735269999388e-02
1.633133133133133015e+02 1.555942074887387321e+02 2.753098468659999354e-02
1.633533533533533557e+02 1.697323496592295555e+02 2.510247646289999815e-02
1.633933933933934100e+02 1.571958333150044780e+02 2.757119309929999262e-02
1.634334334334334358e+02 1.470900900900900865e+02 2.700543961999999493e-02
1.634734734734734616e+02 1.696037287287286972e+02 2.529105946289999726e-02
1.635135135135135158e+02 1.451172452359585918e+02 2.728648841219999399e-02
1.635535535535535701e+02 1.555036520895895933e+02 2.734082598659999530e-02
1.635935935935935959e+02 1.698561608483483383e+02 2.529105946289999726e-02
1.636336336336336217e+02 1.564746621621621330e+02 2.756990088859999355e-02
1.636736736736736759e+02 1.563171494248154261e+02 2.752384708659999513e-02
1.637137137137137302e+02 1.699818785460265644e+02 2.529105946289999726e-02
1.637537537537537560e+02 1.595319772897897792e+02 2.740446391229999293e-02
1.637937937937937818e+02 1.568837431181181046e+02 2.757010461499999343e-02
1.638338338338338360e+02 1.702335929679679509e+02 2.531446856289999714e-02
1.638738738738738903e+02 1.579846565315315559e+02 2.741508532269999743e-02
1.639139139139139161e+02 1.596559938845094848e+02 2.740458373269999068e-02
1.639539539539539419e+02 1.555000782032032021e+02 2.753098468659999354e-02
1.639939939939939961e+02 1.475945945945945823e+02 2.698424960719999696e-02
1.640340340340340504e+02 1.587157430868368522e+02 2.749030837729999482e-02
1.640740740740740762e+02 1.702268518518518476e+02 2.555589236489999583e-02
1.641141141141141020e+02 1.559084084084083770e+02 2.752749598659999519e-02
1.641541541541541562e+02 1.556899555805805448e+02 2.752749598659999519e-02
1.641941941941942105e+02 1.722796358370089251e+02 2.474888146499999719e-02
1.642342342342342363e+02 1.582017536335163186e+02 2.745522132269999707e-02
1.642742742742742621e+02 1.478789316660410122e+02 2.701707451719999667e-02
1.643143143143143163e+02 1.723996536820023380e+02 2.461902197599999745e-02
1.643543543543543706e+02 1.591540798611111143e+02 2.749181491229999580e-02
1.643943943943943964e+02 1.600346919795772465e+02 2.740260833389999290e-02
1.644344344344344222e+02 1.585792678664992934e+02 2.745798735269999388e-02
1.644744744744744764e+02 1.577926989489489529e+02 2.746812088269999508e-02
1.645145145145145307e+02 1.561602618243243228e+02 2.752384708659999513e-02
1.645545545545545565e+02 1.696968843843843899e+02 2.529105946289999726e-02
1.645945945945945823e+02 1.584222972972972912e+02 2.745798735269999388e-02
1.646346346346346365e+02 1.451485821759259522e+02 2.728648841219999399e-02
1.646746746746746908e+02 1.585174660744729351e+02 2.745798735269999388e-02
1.647147147147147166e+02 1.564749576236392841e+02 2.756990088859999355e-02
1.647547547547547424e+02 1.574180195820820245e+02 2.746812088269999508e-02
1.647947947947947966e+02 1.544951201201201059e+02 2.753864300709999227e-02
1.648348348348348509e+02 1.482223226186391400e+02 2.701764780419999706e-02
1.648748748748748767e+02 1.566311311311311272e+02 2.756990088859999355e-02
1.649149149149149025e+02 1.814708262950450433e+02 2.442113817170000339e-02
1.649549549549549567e+02 1.549352301520270316e+02 2.753752855969999330e-02
1.649949949949950110e+02 1.585498780030030161e+02 2.745798735269999388e-02
1.650350350350350368e+02 1.598776901901902079e+02 2.740267637869999232e-02
1.650750750750750626e+02 1.568213213213213066e+02 2.757010461499999343e-02
1.651151151151151169e+02 1.593102868493493816e+02 2.753195091229999544e-02
1.651551551551551711e+02 1.605101664164164390e+02 2.696618755129999434e-02
1.651951951951951969e+02 1.434490485205664925e+02 2.754149305540000078e-02
1.652352352352352227e+02 1.559084807463713673e+02 2.752749598659999519e-02
1.652752752752752770e+02 1.580444819819819884e+02 2.741508532269999743e-02
1.653153153153153312e+02 1.578239605877850522e+02 2.746812088269999508e-02
1.653553553553553570e+02 1.488198198198198270e+02 2.658548584819999186e-02
1.653953953953953828e+02 1.600978265099816440e+02 2.706655693389999409e-02
1.654354354354354371e+02 1.560650689752252163e+02 2.752749598659999519e-02
1.654754754754754913e+02 1.581066457082082479e+02 2.745522132269999707e-02
1.655155155155155171e+02 1.580155937187187192e+02 2.741508532269999743e-02
1.655555555555555429e+02 1.556567298041449590e+02 2.753098468659999354e-02
1.655955955955955972e+02 1.540815268393393467e+02 2.677713537809999281e-02
1.656356356356356514e+02 1.818756920983484235e+02 2.476968385730000249e-02
1.656756756756756772e+02 1.571330236486486456e+02 2.757119309929999262e-02
1.657157157157157030e+02 1.594042773241991995e+02 2.753195091229999544e-02
1.657557557557557573e+02 1.558452126442848851e+02 2.752749598659999519e-02
1.657957957957958115e+02 1.578945899024024015e+02 2.723118135269999435e-02
1.658358358358358373e+02 1.585805180180180116e+02 2.745798735269999388e-02
1.658758758758758631e+02 1.572905033940190265e+02 2.746858409929999606e-02
1.659159159159159174e+02 1.562550404408314648e+02 2.752384708659999513e-02
1.659559559559559716e+02 1.559402547078328212e+02 2.752749598659999519e-02
1.659959959959959974e+02 1.601601992617617611e+02 2.706634104149999512e-02
1.660360360360360232e+02 1.567897421347128102e+02 2.757010461499999343e-02
1.660760760760760775e+02 1.588102477477477237e+02 2.749030837729999482e-02
1.661161161161161317e+02 1.419776214660705023e+02 2.696032017640000167e-02
1.661561561561561575e+02 1.457801216744087469e+02 2.708722066619999314e-02
1.661961961961961833e+02 1.588926524180429851e+02 2.712190076669999950e-02
1.662362362362362376e+02 1.558464714714714887e+02 2.752749598659999519e-02
1.662762762762762918e+02 1.566959048892642272e+02 2.757010461499999343e-02
1.663163163163163176e+02 1.574807620120120077e+02 2.746812088269999508e-02
1.663563563563563434e+02 1.555001419876907676e+02 2.753098468659999354e-02
1.663963963963963977e+02 1.581415751689189051e+02 2.741785135269999424e-02
1.664364364364364519e+02 1.560341591591591737e+02 2.752749598659999519e-02
1.664764764764764777e+02 1.587379215152652421e+02 2.745795216669999830e-02
1.665165165165165035e+02 1.576052810623122866e+02 2.746812088269999508e-02
1.665565565565565578e+02 1.556262825325325707e+02 2.752749598659999519e-02
1.665965965965966120e+02 1.582016899712212421e+02 2.745522132269999707e-02
1.666366366366366378e+02 1.580444350600600671e+02 2.741508532269999743e-02
1.666766766766766636e+02 1.552171464983049134e+02 2.753737308659999494e-02
1.667167167167167179e+02 1.541809098832719087e+02 2.749972725109999308e-02
1.667567567567567721e+02 1.567578652871621898e+02 2.757010461499999343e-02
1.667967967967967979e+02 1.594984188900814956e+02 2.753195091229999544e-02
1.668368368368368237e+02 1.582017271177427347e+02 2.745522132269999707e-02
1.668768768768768780e+02 1.563166995120120362e+02 2.752384708659999513e-02
1.669169169169169322e+02 1.554373037588370039e+02 2.753098468659999354e-02
1.669569569569569580e+02 1.586743266704204416e+02 2.745795216669999830e-02
1.669969969969969839e+02 1.596256451764264170e+02 2.740446391229999293e-02
1.670370370370370381e+02 1.583589409722222570e+02 2.745798735269999388e-02
1.670770770770770923e+02 1.565694952765265384e+02 2.756990088859999355e-02
1.671171171171171181e+02 1.556890154314471033e+02 2.752749598659999519e-02
1.671571571571571440e+02 1.546203703703703809e+02 2.753864300709999227e-02
1.671971971971971982e+02 1.570086179929929813e+02 2.757010461499999343e-02
1.672372372372372524e+02 1.595939728791291259e+02 2.740446391229999293e-02
1.672772772772772782e+02 1.463676176176175545e+02 2.711238869999999662e-02
1.673173173173173041e+02 1.558142517517517263e+02 2.752749598659999519e-02
1.673573573573573583e+02 1.756271642736486456e+02 2.376572172859999638e-02
1.673973973973974125e+02 1.548098977884134229e+02 2.753809981369998924e-02
1.674374374374374383e+02 1.611585335335335003e+02 2.705457219830000037e-02
1.674774774774774642e+02 1.423517670502533292e+02 2.707924069030000561e-02
1.675175175175175184e+02 1.560651022726828501e+02 2.752749598659999519e-02
1.675575575575575726e+02 1.607505317817817740e+02 2.705882278849999767e-02
1.675975975975975985e+02 1.592177177177177043e+02 2.749181491229999580e-02
1.676376376376376243e+02 1.801449770082582518e+02 2.344825267270000610e-02
1.676776776776776785e+02 1.465869697822822104e+02 2.720485323099999797e-02
1.677177177177177327e+02 1.570388161599099135e+02 2.757010461499999343e-02
1.677577577577577586e+02 1.562244119119119148e+02 2.752384708659999513e-02
1.677977977977977844e+02 1.583591716716716462e+02 2.745798735269999388e-02
1.678378378378378386e+02 1.553114640519425791e+02 2.753098468659999354e-02
1.678778778778778928e+02 1.573855105105105281e+02 2.746812088269999508e-02
1.679179179179179187e+02 1.572590657063313415e+02 2.746858409929999606e-02
1.679579579579579445e+02 1.589039742867867631e+02 2.749030837729999482e-02
1.679979979979979987e+02 1.585481106106105926e+02 2.745798735269999388e-02
1.680380380380380529e+02 1.448015280905906081e+02 2.753648643019999259e-02
1.680780780780780788e+02 1.575731981981982130e+02 2.746812088269999508e-02
1.681181181181181046e+02 1.574793934559559432e+02 2.746812088269999508e-02
1.681581581581581588e+02 1.597502502502502466e+02 2.740458373269999068e-02
1.681981981981982130e+02 1.565688696509009219e+02 2.756990088859999355e-02
1.682382382382382389e+02 1.534845333614865126e+02 2.596481527809999315e-02
1.682782782782782647e+02 1.556574074074073906e+02 2.752749598659999519e-02
1.683183183183183189e+02 1.555629457582582802e+02 2.753098468659999354e-02
1.683583583583583732e+02 1.599414680183112978e+02 2.740267637869999232e-02
1.683983983983983990e+02 1.810940589026526482e+02 2.442167260470000378e-02
1.684384384384384248e+02 1.452123568881381175e+02 2.728648841219999399e-02
1.684784784784784790e+02 1.600350166450630240e+02 2.740260833389999290e-02
1.685185185185185333e+02 1.811574074074074190e+02 2.442167260470000378e-02
1.685585585585585591e+02 1.600647874436937173e+02 2.706634104149999512e-02
1.685985985985985849e+02 1.442966912224724751e+02 2.753885804019999550e-02
1.686386386386386391e+02 1.570395857894027358e+02 2.757010461499999343e-02
1.686786786786786934e+02 1.588610524587087411e+02 2.712190076669999950e-02
1.687187187187187192e+02 1.561925072044701324e+02 2.752384708659999513e-02
1.687587587587587450e+02 1.560977317649681027e+02 2.752384708659999513e-02
1.687987987987987992e+02 1.434800092450848865e+02 2.754149305540000078e-02
1.688388388388388535e+02 1.571647007420017417e+02 2.757119309929999262e-02
1.688788788788788793e+02 1.590825845376626546e+02 2.711289858669999747e-02
1.689189189189189051e+02 1.583284945101351013e+02 2.745798735269999388e-02
1.689589589589589593e+02 1.562870370370370097e+02 2.752384708659999513e-02
1.689989989989990136e+02 1.447714081268768496e+02 2.753648643019999259e-02
1.690390390390390394e+02 1.574176051051050820e+02 2.746812088269999508e-02
1.690790790790790652e+02 1.579832645145144738e+02 2.741508532269999743e-02
1.691191191191191194e+02 1.585491741741741407e+02 2.745798735269999388e-02
1.691591591591591737e+02 1.590822951858108354e+02 2.711289858669999747e-02
1.691991991991991995e+02 1.590301042619768168e+02 2.749181491229999580e-02
1.692392392392392253e+02 1.544638603447197056e+02 2.753864300709999227e-02
1.692792792792792795e+02 1.602108940605644420e+02 2.694467714249999812e-02
1.693193193193193338e+02 1.587781995863050781e+02 2.749030837729999482e-02
1.693593593593593596e+02 1.439502870179749721e+02 2.753340547540000099e-02
1.693993993993993854e+02 1.566944444444444002e+02 2.756990088859999355e-02
1.694394394394394396e+02 1.572278860892142234e+02 2.746858409929999606e-02
1.694794794794794939e+02 1.601934852943763872e+02 2.697019486269999766e-02
1.695195195195195197e+02 1.576995061467717392e+02 2.746812088269999508e-02
1.695595595595595455e+02 1.357138818506005578e+02 2.682489138379999874e-02
1.695995995995995997e+02 1.357459295232731620e+02 2.682489138379999874e-02
1.696396396396396540e+02 1.569767197617539409e+02 2.757010461499999343e-02
1.696796796796796798e+02 1.549984105198948896e+02 2.753752855969999330e-02
1.697197197197197056e+02 1.585487147303553002e+02 2.745798735269999388e-02
1.697597597597597598e+02 1.702902590090089916e+02 2.555589236489999583e-02
1.697997997997998141e+02 1.591541482889139161e+02 2.749181491229999580e-02
1.698398398398398399e+02 1.571023701619099597e+02 2.757010461499999343e-02
1.698798798798798657e+02 1.448955928584834396e+02 2.753648643019999259e-02
1.699199199199199199e+02 1.465559309309309128e+02 2.720485323099999797e-02
1.699599599599599742e+02 1.365322881475225358e+02 2.656740129700000189e-02
1.700000000000000000e+02 1.593417968750000000e+02 2.753195091229999544e-02
