1.000000000000000000e+01 9.750000000000000000e+00 1.896005897459999978e-02
1.002002002002002001e+01 1.002002002002002001e+01 1.895380021260000339e-02
1.004004004004004003e+01 1.104404404404404616e+01 1.885930978660000160e-02
1.006006006006006004e+01 1.059450075075075226e+01 1.896943775060000448e-02
1.008008008008008005e+01 1.008008008008008005e+01 1.895380021260000339e-02
1.010010010010010006e+01 1.162103314251751840e+01 1.895766960730000186e-02
1.012012012012012008e+01 1.059450075075075048e+01 1.896943775060000448e-02
1.014014014014014009e+01 1.077389889889889929e+01 1.896943775060000448e-02
1.016016016016016010e+01 1.116426973848848903e+01 1.885658287660000113e-02
1.018018018018018012e+01 1.021099908502252163e+01 1.770567160960000164e-02
1.020020020020020013e+01 9.690190190190190123e+00 1.896005897459999978e-02
1.022022022022022014e+01 1.044478560591841898e+01 1.895364669760000315e-02
1.024024024024024015e+01 1.011223723723723644e+01 1.895380021260000339e-02
1.026026026026026017e+01 1.080533658658658780e+01 1.896943775060000448e-02
1.028028028028028018e+01 2.313063063063062330e+01 2.534887082055000199e-02
1.030030030030030019e+01 1.065437312312312201e+01 1.896943775060000448e-02
1.032032032032032021e+01 1.080408533533533344e+01 1.896943775060000448e-02
1.034034034034034022e+01 1.137437437437437637e+01 1.885605452530000198e-02
1.036036036036036023e+01 1.023085585585585555e+01 1.895380021260000339e-02
1.038038038038038025e+01 9.991116116116115720e+00 1.895380021260000339e-02
1.040040040040040026e+01 1.144044044044044028e+01 1.896995952530000293e-02
1.042042042042042027e+01 1.041431470533032844e+01 1.895313083260000142e-02
1.044044044044044028e+01 1.122347347347347579e+01 1.885658287660000113e-02
1.046046046046046030e+01 1.098552654216716817e+01 1.896671084060000401e-02
1.048048048048048031e+01 1.077524399399399258e+01 1.896943775060000448e-02
1.050050050050050032e+01 1.125419853447197127e+01 1.885658287660000113e-02
1.052052052052052034e+01 1.101572470908408441e+01 1.896671084060000401e-02
1.054054054054054035e+01 1.080405405405405439e+01 1.896943775060000448e-02
1.056056056056056036e+01 1.074413280467967979e+01 1.896943775060000448e-02
1.058058058058058037e+01 1.144025275275275710e+01 1.896995952530000293e-02
1.060060060060060039e+01 1.086561561561561540e+01 1.896943775060000448e-02
1.062062062062062040e+01 1.008129222972972983e+01 1.895380021260000339e-02
1.064064064064064041e+01 1.140543668668668786e+01 1.885605452530000198e-02
1.066066066066066043e+01 1.119343342365803196e+01 1.885930978660000160e-02
1.068068068068068044e+01 1.041366366366366236e+01 1.895313083260000142e-02
1.070070070070070045e+01 1.176868079016516688e+01 1.885909552530000075e-02
1.072072072072072046e+01 1.159073233389639768e+01 1.895937229530000184e-02
1.074074074074074048e+01 1.047536892361111072e+01 1.896994869760000244e-02
1.076076076076076049e+01 1.116428928928928954e+01 1.885658287660000113e-02
1.078078078078078050e+01 1.159091855527402259e+01 1.895937229530000184e-02
1.080080080080080052e+01 1.137459334334334216e+01 1.885605452530000198e-02
1.082082082082082053e+01 1.391384255349098886e+01 1.887198622790000127e-02
1.084084084084084054e+01 1.104410660660660604e+01 1.885930978660000160e-02
1.086086086086086056e+01 1.310091341341342108e+01 1.900551055900000230e-02
1.088088088088088057e+01 1.203697447447447644e+01 1.885767519970000042e-02
1.090090090090090058e+01 1.164607967342342398e+01 1.885605452530000198e-02
1.092092092092092059e+01 1.228603603603603389e+01 1.886639478829999980e-02
1.094094094094094061e+01 1.288979604604604390e+01 1.900583744900000149e-02
1.096096096096096062e+01 1.164602102102102066e+01 1.885605452530000198e-02
1.098098098098098063e+01 1.153110239145395433e+01 1.895937229530000184e-02
1.100100100100100065e+01 1.182822470908408263e+01 1.885816676370000167e-02
1.102102102102102066e+01 1.074549549549549532e+01 1.896943775060000448e-02
1.104104104104104067e+01 1.131383238707457473e+01 1.885658287660000113e-02
1.106106106106106068e+01 1.185607482482482489e+01 1.885463419970000165e-02
1.108108108108108070e+01 1.080405405405405261e+01 1.896943775060000448e-02
1.110110110110110071e+01 1.134393768768768673e+01 1.885658287660000113e-02
1.112112112112112072e+01 1.171193068068067866e+01 1.895766960730000186e-02
1.114114114114114074e+01 1.135003753753753841e+01 1.896922348930000363e-02
1.116116116116116075e+01 1.234703453453453648e+01 1.900663378830000014e-02
1.118118118118118076e+01 1.170529904904904939e+01 1.885512576370000290e-02
1.120120120120120077e+01 1.095508105762012008e+01 1.896943775060000448e-02
1.122122122122122079e+01 1.234334334334334216e+01 1.884538528169999935e-02
1.124124124124124080e+01 1.180330330330330391e+01 1.895766960730000186e-02
1.126126126126126081e+01 1.186391469594594916e+01 1.895766960730000186e-02
1.128128128128128083e+01 1.131433191003503325e+01 1.885658287660000113e-02
1.130130130130130084e+01 1.243584600225225145e+01 1.886497446269999947e-02
1.132132132132132085e+01 1.192387211430180116e+01 1.895766960730000186e-02
1.134134134134134086e+01 1.077427427427427276e+01 1.896943775060000448e-02
1.136136136136136088e+01 1.249749749749749839e+01 1.900521346269999981e-02
1.138138138138138089e+01 1.194600459834834894e+01 1.885463419970000165e-02
1.140140140140140090e+01 1.125443021146146094e+01 1.885658287660000113e-02
1.142142142142142092e+01 1.212633727477477485e+01 1.885293151170000167e-02
1.144144144144144093e+01 1.258782024211711814e+01 1.900521346269999981e-02
1.146146146146146094e+01 1.132043175988488670e+01 1.896922348930000363e-02
1.148148148148148096e+01 1.065512876157407618e+01 1.896943775060000448e-02
1.150150150150150097e+01 1.150037830799549532e+01 1.896995952530000293e-02
1.152152152152152098e+01 1.191757382382382424e+01 1.885767519970000042e-02
1.154154154154154099e+01 1.385435826451451824e+01 1.887198622790000127e-02
1.156156156156156101e+01 1.156043250281531520e+01 1.895937229530000184e-02
1.158158158158158102e+01 1.216575022287912944e+01 1.895713796830000505e-02
1.160160160160160103e+01 1.185538663663663606e+01 1.885463419970000165e-02
1.162162162162162105e+01 1.162162162162162105e+01 1.895766960730000186e-02
1.164164164164164106e+01 1.222471849290696966e+01 1.884680560729999968e-02
1.166166166166166107e+01 1.122434934934934958e+01 1.885658287660000113e-02
1.168168168168168108e+01 1.168168168168168108e+01 1.895766960730000186e-02
1.170170170170170110e+01 1.258847128378378422e+01 1.900521346269999981e-02
1.172172172172172111e+01 1.201476476476476307e+01 1.895766960730000186e-02
1.174174174174174112e+01 1.170504879879879923e+01 1.885512576370000290e-02
1.176176176176176114e+01 1.246011636636636766e+01 1.884538528169999935e-02
1.178178178178178115e+01 1.237087087087087056e+01 1.884538528169999935e-02
1.180180180180180116e+01 1.180295432150900936e+01 1.895766960730000186e-02
1.182182182182182117e+01 1.270845845845845723e+01 1.900521346269999981e-02
1.184184184184184119e+01 1.257906588228853906e+01 1.893300767759999864e-02
1.186186186186186120e+01 1.186302024680930955e+01 1.895766960730000186e-02
1.188188188188188121e+01 1.307007007007007005e+01 1.900551055900000230e-02
1.190190190190190123e+01 1.279919372497497321e+01 1.900583744900000149e-02
1.192192192192192124e+01 1.177289789789789687e+01 1.895766960730000186e-02
1.194194194194194125e+01 1.227780905905905939e+01 1.884538528169999935e-02
1.196196196196196126e+01 1.285910910910910943e+01 1.900583744900000149e-02
1.198198198198198128e+01 1.168243243243243157e+01 1.895766960730000186e-02
1.200200200200200129e+01 1.159060525369119077e+01 1.895937229530000184e-02
1.202202202202202130e+01 1.258790235548048209e+01 1.900521346269999981e-02
1.204204204204204132e+01 1.143993993993993818e+01 1.896995952530000293e-02
1.206206206206206133e+01 1.285952456362612750e+01 1.900583744900000149e-02
1.208208208208208134e+01 1.230862112112112072e+01 1.884538528169999935e-02
1.210210210210210136e+01 1.179836770364114251e+01 1.885909552530000075e-02
1.212212212212212137e+01 1.276078275541166107e+01 1.893247603860000183e-02
1.214214214214214138e+01 1.385437390515515865e+01 1.887198622790000127e-02
1.216216216216216139e+01 1.185810810810810700e+01 1.885816676370000167e-02
1.218218218218218141e+01 1.282936061061061039e+01 1.900583744900000149e-02
1.220220220220220142e+01 1.143956456456456650e+01 1.896995952530000293e-02
1.222222222222222143e+01 1.252777777777777857e+01 1.900521346269999981e-02
1.224224224224224145e+01 1.316041041041041026e+01 1.900572275490000282e-02
1.226226226226226146e+01 1.348848848848848903e+01 1.892874295490000122e-02
1.228228228228228147e+01 1.243581081081081052e+01 1.886497446269999947e-02
1.230230230230230148e+01 1.264830455455455471e+01 1.900521346269999981e-02
1.232232232232232150e+01 1.201426426426426275e+01 1.895766960730000186e-02
1.234234234234234151e+01 1.234234234234234151e+01 1.884538528169999935e-02
1.236236236236236152e+01 1.298048048048048031e+01 1.900551055900000230e-02
1.238238238238238154e+01 1.331106106106106068e+01 1.887076328490000163e-02
1.240240240240240155e+01 1.240739848735454132e+01 1.900570502670000106e-02
1.242242242242242156e+01 2.173923923923926793e+01 2.512463830916999985e-02
1.244244244244244157e+01 1.306334948229479664e+01 1.895259685859999876e-02
1.246246246246246159e+01 1.261824324324324209e+01 1.900521346269999981e-02
1.248248248248248160e+01 1.201438938938938961e+01 1.895766960730000186e-02
1.250250250250250161e+01 1.312396478509759490e+01 1.895259685859999876e-02
1.252252252252252163e+01 1.267905405405405261e+01 1.900521346269999981e-02
1.254254254254254164e+01 1.442514878159409264e+01 1.895544309890000167e-02
1.256256256256256165e+01 1.319069069069069045e+01 1.900572275490000282e-02
1.258258258258258167e+01 1.179862870683183118e+01 1.885909552530000075e-02
1.260260260260260168e+01 1.433546046046046207e+01 1.895544309890000167e-02
1.262262262262262169e+01 1.230705705705705455e+01 1.884538528169999935e-02
1.264264264264264170e+01 1.327477477477477485e+01 1.895322084490000045e-02
1.266266266266266172e+01 1.361236236236236152e+01 1.887198622790000127e-02
1.268268268268268173e+01 1.316014109812938315e+01 1.900572275490000282e-02
1.270270270270270174e+01 1.207501055743243157e+01 1.895766960730000186e-02
1.272272272272272176e+01 1.415402902902903115e+01 1.895544309890000167e-02
1.274274274274274177e+01 2.102552552552553777e+01 2.428148902272000281e-02
1.276276276276276178e+01 1.340090090090090058e+01 1.887076328490000163e-02
1.278278278278278179e+01 1.406355769832332214e+01 1.895527420990000128e-02
1.280280280280280181e+01 1.376301301301301194e+01 1.887198622790000127e-02
1.282282282282282182e+01 1.346396396396396433e+01 1.887198622790000127e-02
1.284284284284284183e+01 1.380354768831331569e+01 1.787899261060000092e-02
1.286286286286286185e+01 1.318443443443443286e+01 1.895259685859999876e-02
1.288288288288288186e+01 1.288539907094594383e+01 1.886518665859999999e-02
1.290290290290290187e+01 1.355308824449449290e+01 1.887198622790000127e-02
1.292292292292292188e+01 1.195433470579954793e+01 1.895766960730000186e-02
1.294294294294294190e+01 1.294294294294294190e+01 1.891820485860000109e-02
1.296296296296296191e+01 1.360857928240740478e+01 1.892874295490000122e-02
1.298298298298298192e+01 1.428254915071321207e+01 1.873824189230000048e-02
1.300300300300300194e+01 1.300363791525900758e+01 1.895259685859999876e-02
1.302302302302302195e+01 1.367417417417417447e+01 1.887198622790000127e-02
1.304304304304304196e+01 1.418430930930930955e+01 1.895544309890000167e-02
1.306306306306306197e+01 1.306433875281531343e+01 1.895259685859999876e-02
1.308308308308308199e+01 1.406463372552239477e+01 1.895544309890000167e-02
1.310310310310310200e+01 1.342812148085585555e+01 1.892874295490000122e-02
1.312312312312312201e+01 1.279504504504504325e+01 1.886497446269999947e-02
1.314314314314314203e+01 1.388372845501751840e+01 1.887198622790000127e-02
1.316316316316316204e+01 1.349352770739489316e+01 1.887198622790000127e-02
1.318318318318318205e+01 1.376252228791291188e+01 1.887198622790000127e-02
1.320320320320320207e+01 1.485360360360360232e+01 1.872507322559999882e-02
1.322322322322322385e+01 1.421496496496496675e+01 1.895544309890000167e-02
1.324324324324324387e+01 1.415500950168919303e+01 1.895544309890000167e-02
1.326326326326326388e+01 1.376322611674174290e+01 1.887198622790000127e-02
1.328328328328328389e+01 1.527707297140891285e+01 1.876837487630000217e-02
1.330330330330330391e+01 1.409448608765014654e+01 1.895544309890000167e-02
1.332332332332332392e+01 1.349376818224474839e+01 1.887198622790000127e-02
1.334334334334334393e+01 1.436494306806807053e+01 1.895544309890000167e-02
1.336336336336336394e+01 1.436561561561561717e+01 1.895544309890000167e-02
1.338338338338338396e+01 1.388395328922672611e+01 1.887198622790000127e-02
1.340340340340340397e+01 1.340340340340340397e+01 1.887076328490000163e-02
1.342342342342342398e+01 1.409459459459459651e+01 1.895544309890000167e-02
1.344344344344344400e+01 1.430466403903904293e+01 1.895544309890000167e-02
1.346346346346346401e+01 1.345820429804804874e+01 1.892874295490000122e-02
1.348348348348348402e+01 1.382320406343843899e+01 1.887198622790000127e-02
1.350350350350350404e+01 1.485385385385385426e+01 1.872507322559999882e-02
1.352352352352352405e+01 1.351824089714714816e+01 1.892874295490000122e-02
1.354354354354354406e+01 2.370120120120123630e+01 2.537590585409999974e-02
1.356356356356356407e+01 1.288538538538538525e+01 1.886518665859999999e-02
1.358358358358358409e+01 1.357827749624624758e+01 1.892874295490000122e-02
1.360360360360360410e+01 1.394336157446509006e+01 1.895939642790000004e-02
1.362362362362362411e+01 1.430480480480480665e+01 1.895544309890000167e-02
1.364364364364364413e+01 1.364364364364364413e+01 1.887198622790000127e-02
1.366366366366366414e+01 1.298048048048048031e+01 1.900551055900000230e-02
1.368368368368368415e+01 1.240083833833833893e+01 1.884538528169999935e-02
1.370370370370370416e+01 1.370370370370370416e+01 1.887198622790000127e-02
1.372372372372372418e+01 1.312331081081081052e+01 1.895259685859999876e-02
1.374374374374374419e+01 1.391285621559059038e+01 1.895939642790000004e-02
1.376376376376376420e+01 1.376376376376376420e+01 1.887198622790000127e-02
1.378378378378378422e+01 1.309997888513513686e+01 1.900551055900000230e-02
1.380380380380380423e+01 1.451556243743743657e+01 1.895554956090000215e-02
1.382382382382382424e+01 1.382382382382382424e+01 1.887198622790000127e-02
1.384384384384384425e+01 1.358427177177177470e+01 1.887198622790000127e-02
1.386386386386386427e+01 1.343332590402902937e+01 1.887076328490000163e-02
1.388388388388388428e+01 1.388388388388388428e+01 1.887198622790000127e-02
1.390390390390390429e+01 1.442530030030030019e+01 1.895544309890000167e-02
1.392392392392392431e+01 1.403406433777527695e+01 1.895527420990000128e-02
1.394394394394394432e+01 1.394326308730605568e+01 1.895939642790000004e-02
1.396396396396396433e+01 1.361486486486486669e+01 1.887198622790000127e-02
1.398398398398398434e+01 1.817917917917918658e+01 2.033320518050000039e-02
1.400400400400400436e+01 1.400332021474599742e+01 1.895924630990000054e-02
1.402402402402402437e+01 1.436503788945195303e+01 1.895544309890000167e-02
1.404404404404404438e+01 1.651272366116117141e+01 2.037947436490000069e-02
1.406406406406406440e+01 1.406475078594219319e+01 1.895544309890000167e-02
1.408408408408408441e+01 1.382275830518018012e+01 1.887198622790000127e-02
1.410410410410410442e+01 2.194951201201198643e+01 2.512530932717000134e-02
1.412412412412412444e+01 1.412412412412412444e+01 1.895544309890000167e-02
1.414414414414414445e+01 1.361373873873873919e+01 1.887198622790000127e-02
1.416416416416416446e+01 1.319037787787787508e+01 1.900572275490000282e-02
1.418418418418418447e+01 1.418418418418418447e+01 1.895544309890000167e-02
1.420420420420420449e+01 1.491718867304804697e+01 1.875913833560000077e-02
1.422422422422422450e+01 1.331298485985985636e+01 1.887076328490000163e-02
1.424424424424424451e+01 1.424424424424424451e+01 1.895544309890000167e-02
1.426426426426426453e+01 1.515578078078078228e+01 1.876715193330000253e-02
1.428428428428428454e+01 1.455211461461461653e+01 1.872507322559999882e-02
1.430430430430430455e+01 1.421490240240240333e+01 1.895544309890000167e-02
1.432432432432432456e+01 1.316047297297297192e+01 1.900572275490000282e-02
1.434434434434434458e+01 1.470295295295295368e+01 1.872507322559999882e-02
1.436436436436436459e+01 1.418480980980980988e+01 1.895544309890000167e-02
1.438438438438438460e+01 1.654204204204204487e+01 2.037947436490000069e-02
1.440440440440440462e+01 1.512603130474224322e+01 1.875923193330000099e-02
1.442442442442442463e+01 1.424411911911911766e+01 1.895544309890000167e-02
1.444444444444444464e+01 1.515679253472222143e+01 1.875923193330000099e-02
1.446446446446446465e+01 1.518627514232982989e+01 1.876715193330000253e-02
1.448448448448448467e+01 1.412520137324824709e+01 1.895544309890000167e-02
1.450450450450450468e+01 1.485277550499718657e+01 1.873299322560000035e-02
1.452452452452452469e+01 1.488763763763763848e+01 1.875913833560000077e-02
1.454454454454454471e+01 1.454525472738363234e+01 1.895554956090000215e-02
1.456456456456456472e+01 1.415493618618618576e+01 1.895544309890000167e-02
1.458458458458458473e+01 1.367304804804804697e+01 1.887198622790000127e-02
1.460460460460460475e+01 1.889470720720719754e+01 2.273317548089999821e-02
1.462462462462462476e+01 1.536728134384384603e+01 1.876837487630000217e-02
1.464464464464464477e+01 1.400322637090215139e+01 1.895924630990000054e-02
1.466466466466466478e+01 1.594782282282282537e+01 1.944812188700000000e-02
1.468468468468468480e+01 1.358333333333333393e+01 1.887198622790000127e-02
1.470470470470470481e+01 1.470757671734234151e+01 1.875869298860000089e-02
1.472472472472472482e+01 1.573669005919982844e+01 1.867588592060000566e-02
1.474474474474474484e+01 1.488297672672672789e+01 1.873299322560000035e-02
1.476476476476476485e+01 1.439564564564564542e+01 1.895544309890000167e-02
1.478478478478478486e+01 1.561642892892892931e+01 1.867577945860000518e-02
1.480480480480480487e+01 1.609010475319068689e+01 1.961232228029999997e-02
1.482482482482482489e+01 1.445565194100350226e+01 1.895544309890000167e-02
1.484484484484484490e+01 1.642210960960961330e+01 2.037954596030000162e-02
1.486486486486486491e+01 1.672297297297297547e+01 2.037947436490000069e-02
1.488488488488488493e+01 1.488779208896396256e+01 1.875913833560000077e-02
1.490490490490490494e+01 1.696524600772647418e+01 2.147500446490000284e-02
1.492492492492492495e+01 1.536800863363363412e+01 1.876837487630000217e-02
1.494494494494494496e+01 1.494640441222472305e+01 1.875913833560000077e-02
1.496496496496496498e+01 1.946614583333332860e+01 2.273330487671999800e-02
1.498498498498498499e+01 1.479694098395270174e+01 1.875913833560000077e-02
1.500500500500500500e+01 1.500647033752502679e+01 1.875913833560000077e-02
1.502502502502502502e+01 1.551803365865865914e+01 1.876837487630000217e-02
1.504504504504504503e+01 1.485698198198198128e+01 1.875913833560000077e-02
1.506506506506506504e+01 1.657157157157157457e+01 2.037947436490000069e-02
1.508508508508508505e+01 1.583933933933933957e+01 1.910431680120000184e-02
1.510510510510510507e+01 1.584855949699699629e+01 1.960411516860000036e-02
1.512512512512512508e+01 1.512660218812562718e+01 1.875923193330000099e-02
1.514514514514514509e+01 2.498801047140894127e+01 2.405932734509999560e-02
1.516516516516516511e+01 1.497708157376126081e+01 1.875913833560000077e-02
1.518518518518518512e+01 1.518592664930555713e+01 1.876715193330000253e-02
1.520520520520520513e+01 1.591794919919919948e+01 1.944812188700000000e-02
1.522522522522522515e+01 1.370270270270270174e+01 1.887198622790000127e-02
1.524524524524524516e+01 1.524692013791134926e+01 1.876837487630000217e-02
1.526526526526526517e+01 1.603001927708959329e+01 1.961232228029999997e-02
1.528528528528528518e+01 1.681381381381381601e+01 2.037947436490000069e-02
1.530530530530530520e+01 1.606010795952202130e+01 1.961232228029999997e-02
1.532532532532532521e+01 2.222471494932430147e+01 2.532078903224999761e-02
1.534534534534534522e+01 1.534534534534534522e+01 1.867030677860000501e-02
1.536536536536536524e+01 1.747810310310310911e+01 2.144052651979999960e-02
1.538538538538538525e+01 1.711473876219970691e+01 2.147544981190000271e-02
1.540540540540540526e+01 1.675337837837838251e+01 2.037947436490000069e-02
1.542542542542542527e+01 1.513318592029529519e+01 1.866223706660000495e-02
1.544544544544544529e+01 1.853491162060497999e+01 2.273317647050000084e-02
1.546546546546546530e+01 1.623873873873873919e+01 1.961232228029999997e-02
1.548548548548548531e+01 1.802550585253221982e+01 2.034904951980000265e-02
1.550550550550550533e+01 1.705605605605605746e+01 2.147500446490000284e-02
1.552552552552552534e+01 2.143856747372371530e+01 2.510304338917000028e-02
1.554554554554554535e+01 1.710010010010010006e+01 2.037197709340000593e-02
1.556556556556556536e+01 2.108647710210212267e+01 2.428148902272000281e-02
1.558558558558558538e+01 2.048043355855855907e+01 2.389782833472000115e-02
1.560560560560560539e+01 1.624110731825575726e+01 1.961779496030000014e-02
1.562562562562562540e+01 1.552491358546045852e+01 1.867030677860000501e-02
1.564564564564564542e+01 1.645237424924925307e+01 2.037947436490000069e-02
1.566566566566566543e+01 2.078454430993492252e+01 2.428160066472000167e-02
1.568568568568568544e+01 1.681309434434434635e+01 2.037947436490000069e-02
1.570570570570570545e+01 1.690548971823385926e+01 2.147500446490000284e-02
1.572572572572572547e+01 1.651201201201201130e+01 2.037947436490000069e-02
1.574574574574574548e+01 2.206864677177174627e+01 2.512530932717000134e-02
1.576576576576576549e+01 2.246621621621624243e+01 2.531429539024999953e-02
1.578578578578578551e+01 2.003129887700200840e+01 2.332004659071999775e-02
1.580580580580580552e+01 2.054446047610111492e+01 2.425991386472000147e-02
1.582582582582582553e+01 2.057048259196697870e+01 2.389782833472000115e-02
1.584584584584584555e+01 1.901501501501502034e+01 2.273317548089999821e-02
1.586586586586586556e+01 2.298071509009009361e+01 2.534887082055000199e-02
1.588588588588588557e+01 2.300971283783784571e+01 2.534887082055000199e-02
1.590590590590590558e+01 1.729689601711086411e+01 2.144093312959999970e-02
1.592592592592592560e+01 1.672222222222222143e+01 2.037947436490000069e-02
1.594594594594594561e+01 1.684290540540540349e+01 2.037947436490000069e-02
1.596596596596596562e+01 1.796171171171171466e+01 2.144052651979999960e-02
1.598598598598598564e+01 1.919567223473474726e+01 2.273317548089999821e-02
1.600600600600600387e+01 1.530730632976726646e+01 1.876837487630000217e-02
1.602602602602602389e+01 1.603854635885885571e+01 1.944812188700000000e-02
1.604604604604604390e+01 1.723696352602602389e+01 2.144083953189999947e-02
1.606606606606606391e+01 2.246582031250002842e+01 2.531429539024999953e-02
1.608608608608608392e+01 2.219455735031906940e+01 2.532073489916999987e-02
1.610610610610610394e+01 1.811936936936937315e+01 2.033320518050000039e-02
1.612612612612612395e+01 1.723558470579954260e+01 2.144036920960000134e-02
1.614614614614614396e+01 2.180360438563564784e+01 2.517214913717000235e-02
1.616616616616616398e+01 2.081393893893893221e+01 2.428160066472000167e-02
1.618618618618618399e+01 1.699549549549549354e+01 2.147500446490000284e-02
1.620620620620620400e+01 1.681393893893893932e+01 2.037947436490000069e-02
1.622622622622622401e+01 1.967588389170420982e+01 2.273392222671999710e-02
1.624624624624624403e+01 1.787087087087086701e+01 2.144052651979999960e-02
1.626626626626626404e+01 1.687307424612112072e+01 2.037947436490000069e-02
1.628628628628628405e+01 1.750775775775775855e+01 2.144052651979999960e-02
1.630630630630630407e+01 1.788597972972972983e+01 2.035612003580000370e-02
1.632632632632632408e+01 2.285685685685686508e+01 2.531495532054999983e-02
1.634634634634634409e+01 1.961601469633696126e+01 2.273392222671999710e-02
1.636636636636636410e+01 1.882212046030405261e+01 2.235642446949999765e-02
1.638638638638638412e+01 1.720730593875124725e+01 2.144083953189999947e-02
1.640640640640640413e+01 2.173848848848848547e+01 2.512463830916999985e-02
1.642642642642642770e+01 1.778032329204204132e+01 2.144052651979999960e-02
1.644644644644644771e+01 1.973573573573573725e+01 2.273392222671999710e-02
1.646646646646646772e+01 1.873140963228854972e+01 2.235642446949999765e-02
1.648648648648648773e+01 1.729672323690878954e+01 2.144093312959999970e-02
1.650650650650650775e+01 2.228378378378379665e+01 2.515707005024999873e-02
1.652652652652652776e+01 1.812753378378378954e+01 2.035612003580000370e-02
1.654654654654654777e+01 1.778672960069444642e+01 2.034895592210000242e-02
1.656656656656656779e+01 1.690307494994995352e+01 2.037947436490000069e-02
1.658658658658658780e+01 1.907457457457457650e+01 2.273317548089999821e-02
1.660660660660660781e+01 1.681418918918919303e+01 2.037947436490000069e-02
1.662662662662662783e+01 1.714539686170546062e+01 2.147544981190000271e-02
1.664664664664664784e+01 1.747897897897897934e+01 2.144052651979999960e-02
1.666666666666666785e+01 1.687500000000000355e+01 2.037947436490000069e-02
1.668668668668668786e+01 1.855049507515328244e+01 2.235706682019999655e-02
1.670670670670670788e+01 1.922576482732733893e+01 2.273317548089999821e-02
1.672672672672672789e+01 1.714489489489489671e+01 2.147544981190000271e-02
1.674674674674674790e+01 1.668132976726726469e+01 1.980475653540000533e-02
1.676676676676676792e+01 1.683144325966591737e+01 1.980475653540000533e-02
1.678678678678678793e+01 1.720727612378003357e+01 2.144083953189999947e-02
1.680680680680680794e+01 1.675428553553553712e+01 2.037947436490000069e-02
1.682682682682682795e+01 1.846000675968937799e+01 2.219267682019999618e-02
1.684684684684684797e+01 1.768918918918918948e+01 2.144052651979999960e-02
1.686686686686686798e+01 1.702499374374374241e+01 2.147500446490000284e-02
1.688688688688688799e+01 1.833810372872873273e+01 2.033405533232000156e-02
1.690690690690690801e+01 1.681444725975975985e+01 2.037947436490000069e-02
1.692692692692692802e+01 1.788567864739740187e+01 2.035612003580000370e-02
1.694694694694694803e+01 1.910503472222222854e+01 2.273317548089999821e-02
1.696696696696696804e+01 1.654279279279279535e+01 2.037947436490000069e-02
1.698698698698698806e+01 1.880512543793793867e+01 2.273317548089999821e-02
1.700700700700700807e+01 2.168393393393393609e+01 2.517229954717000243e-02
1.702702702702702808e+01 1.861083984375000711e+01 2.235642446949999765e-02
1.704704704704704810e+01 2.045645645645645416e+01 2.362203507872000230e-02
1.706706706706706811e+01 1.738707457457458361e+01 2.144077713260000156e-02
1.708708708708708812e+01 1.836861861861862621e+01 2.035490766232000287e-02
1.710710710710710813e+01 1.839014014014014009e+01 2.033320518050000039e-02
1.712712712712712815e+01 2.189060935935938090e+01 2.512463830916999985e-02
1.714714714714714816e+01 1.805808933933933957e+01 2.033320518050000039e-02
1.716716716716716817e+01 1.781093593593593738e+01 2.144052651979999960e-02
1.718718718718718819e+01 1.976526526526526339e+01 2.273392222671999710e-02
1.720720720720720820e+01 1.720552681587837895e+01 2.147544981190000271e-02
1.722722722722722821e+01 1.808522389577077405e+01 2.034925668050000316e-02
1.724724724724724823e+01 1.898544638388388606e+01 2.273317548089999821e-02
1.726726726726726824e+01 1.726726726726726824e+01 2.144083953189999947e-02
1.728728728728728825e+01 2.090512485141391963e+01 2.428160066472000167e-02
1.730730730730730826e+01 2.033608608608609103e+01 2.360034827872000210e-02
1.732732732732732828e+01 1.732648126642267528e+01 2.144093312959999970e-02
1.734734734734734829e+01 2.168418418418418980e+01 2.517229954717000243e-02
1.736736736736736830e+01 2.170920920920921304e+01 2.512463830916999985e-02
1.738738738738738832e+01 1.738738738738738832e+01 2.144077713260000156e-02
1.740740740740740833e+01 1.882175925925925952e+01 2.235642446949999765e-02
1.742742742742742834e+01 1.862471211445820529e+01 2.273317548089999821e-02
1.744744744744744835e+01 1.744744744744744835e+01 2.144052651979999960e-02
1.746746746746746837e+01 1.910504254254254874e+01 2.273317548089999821e-02
1.748748748748748838e+01 1.743283908908909297e+01 2.035612003580000370e-02
1.750750750750750839e+01 1.882185285871809910e+01 2.235642446949999765e-02
1.752752752752752841e+01 1.907487956706707166e+01 2.273317548089999821e-02
1.754754754754754842e+01 1.747900243993993996e+01 2.144052651979999960e-02
1.756756756756756843e+01 2.102618243243243157e+01 2.428148902272000281e-02
1.758758758758758844e+01 2.000416334303053034e+01 2.274184222671999864e-02
1.760760760760760846e+01 1.847466191777715139e+01 2.273504203050000227e-02
1.762762762762762847e+01 2.024422860360360588e+01 2.360034827872000210e-02
1.764764764764764848e+01 1.898500844594594383e+01 2.273317548089999821e-02
1.766766766766766850e+01 1.678428428428428276e+01 2.037947436490000069e-02
1.768768768768768851e+01 1.900217307150901647e+01 2.235642446949999765e-02
1.770770770770770852e+01 2.218997122122123145e+01 2.512530932717000134e-02
1.772772772772772854e+01 1.773465262137137444e+01 2.035612003580000370e-02
1.774774774774774855e+01 1.985529279279279535e+01 2.273392222671999710e-02
1.776776776776776856e+01 1.954454454454454648e+01 2.235593582019999859e-02
1.778778778778778857e+01 1.779473614239239154e+01 2.035612003580000370e-02
1.780780780780780859e+01 1.803040540540540349e+01 2.033320518050000039e-02
1.782782782782782860e+01 2.228478478478478308e+01 2.532146005024999910e-02
1.784784784784784861e+01 1.829404404404404261e+01 2.143663298050000124e-02
1.786786786786786863e+01 1.898460960960961330e+01 2.273317548089999821e-02
1.788788788788788864e+01 2.057456479917418335e+01 2.425991386472000147e-02
1.790790790790790865e+01 2.003447197197197482e+01 2.274184222671999864e-02
1.792792792792792866e+01 1.815202702702702808e+01 2.033320518050000039e-02
1.794794794794794868e+01 1.957448073073073402e+01 2.235593582019999859e-02
1.796796796796796869e+01 2.203883571071071756e+01 2.512530932717000134e-02
1.798798798798798870e+01 1.753828828828828890e+01 2.144052651979999960e-02
1.800800800800800872e+01 1.864110203953953970e+01 2.235642446949999765e-02
1.802802802802802873e+01 1.960460020567442285e+01 2.235593582019999859e-02
1.804804804804804874e+01 1.714564564564564719e+01 2.147544981190000271e-02
1.806806806806806875e+01 1.939494181681681795e+01 2.235593582019999859e-02
1.808808808808808877e+01 1.808808808808808877e+01 2.033320518050000039e-02
1.810810810810810878e+01 1.898521959459459651e+01 2.273317548089999821e-02
1.812812812812812879e+01 2.090399774774775210e+01 2.428160066472000167e-02
1.814814814814814881e+01 2.132407407407407618e+01 2.485682714717000336e-02
1.816816816816816882e+01 1.930367867867867915e+01 2.235663163019999816e-02
1.818818818818818883e+01 1.818818818818818883e+01 2.035612003580000370e-02
1.820820820820820884e+01 1.729690872513138089e+01 2.144093312959999970e-02
1.822822822822822886e+01 1.891223181189002034e+01 2.235642446949999765e-02
1.824824824824824887e+01 1.850486423923924306e+01 2.273504203050000227e-02
1.826826826826826888e+01 2.021105578234484668e+01 2.332227833472000009e-02
1.828828828828828890e+01 2.057432432432432989e+01 2.425991386472000147e-02
1.830830830830830891e+01 1.942397084584584732e+01 2.235593582019999859e-02
1.832832832832832892e+01 1.985151264545795513e+01 2.266117659071999885e-02
1.834834834834834894e+01 1.885185282939189477e+01 2.235642446949999765e-02
1.836836836836836895e+01 2.066531130740115429e+01 2.428160066472000167e-02
1.838838838838838896e+01 1.838468467246543980e+01 2.391823718050000228e-02
1.840840840840840897e+01 2.301051051051050322e+01 2.534887082055000199e-02
1.842842842842842899e+01 2.027487057369869916e+01 2.360034827872000210e-02
1.844844844844844900e+01 2.075450450450450290e+01 2.428160066472000167e-02
1.846846846846846901e+01 1.933417792792793222e+01 2.235663163019999816e-02
1.848848848848848903e+01 2.138453688063064106e+01 2.485682714717000336e-02
1.850850850850850904e+01 2.197885385385386314e+01 2.512530932717000134e-02
1.852852852852852905e+01 1.945495495495495675e+01 2.235593582019999859e-02
1.854854854854854906e+01 2.306975725725726534e+01 2.534887082055000199e-02
1.856856856856856908e+01 2.135385385385385604e+01 2.485682714717000336e-02
1.858858858858858909e+01 2.114451951951951969e+01 2.485664460772000345e-02
1.860860860860860910e+01 2.093468468468468302e+01 2.428160066472000167e-02
1.862862862862862912e+01 1.912345157657657069e+01 2.235642446949999765e-02
1.864864864864864913e+01 2.333994932432432279e+01 2.537486801009999904e-02
1.866866866866866914e+01 2.324832645145145804e+01 2.537132107010000096e-02
1.868868868868868915e+01 1.924350913413413622e+01 2.235663163019999816e-02
1.870870870870870917e+01 1.994286229588963977e+01 2.266263422671999789e-02
1.872872872872872918e+01 2.066012887887887928e+01 2.389782833472000115e-02
1.874874874874874919e+01 1.892451826826826888e+01 2.273317548089999821e-02
1.876876876876876921e+01 1.982451201201201485e+01 2.273392222671999710e-02
1.878878878878878922e+01 2.078509759759759845e+01 2.428160066472000167e-02
1.880880880880880923e+01 1.839736611611611750e+01 2.033450067932000144e-02
1.882882882882882924e+01 2.188851351351351227e+01 2.512530932717000134e-02
1.884884884884884926e+01 1.994499040055680439e+01 2.274184222671999864e-02
1.886886886886886927e+01 2.075575575575576082e+01 2.428160066472000167e-02
1.888888888888888928e+01 1.853472222222222143e+01 2.273317548089999821e-02
1.890890890890890930e+01 1.985435435435435636e+01 2.274184222671999864e-02
1.892892892892892931e+01 1.984949598035536056e+01 2.246592013019999695e-02
1.894894894894894932e+01 2.132496950075075404e+01 2.485682714717000336e-02
1.896896896896896934e+01 2.015406641993555681e+01 2.360110422671999816e-02
1.898898898898898935e+01 2.006453719344344222e+01 2.274184222671999864e-02
1.900900900900900936e+01 2.376126126126126081e+01 2.537590585409999974e-02
1.902902902902902937e+01 2.153402230355355584e+01 2.517229954717000243e-02
1.904904904904904939e+01 2.072514213432182117e+01 2.428160066472000167e-02
1.906906906906906940e+01 1.954486468890765849e+01 2.235593582019999859e-02
1.908908908908908941e+01 1.873116866866867269e+01 2.235642446949999765e-02
1.910910910910910943e+01 2.162371111345721175e+01 2.517229954717000243e-02
1.912912912912912944e+01 2.102709740990991349e+01 2.428148902272000281e-02
1.914914914914914945e+01 2.021413356716091414e+01 2.360034827872000210e-02
1.916916916916916946e+01 2.132570070070070400e+01 2.485682714717000336e-02
1.918918918918918948e+01 2.231492820945946320e+01 2.532146005024999910e-02
1.920920920920920949e+01 2.063489270520520336e+01 2.428160066472000167e-02
1.922922922922922950e+01 2.273659181642580762e+01 2.531495532054999983e-02
1.924924924924924952e+01 2.117417417417417269e+01 2.485682714717000336e-02
1.926926926926926953e+01 2.246638728572323629e+01 2.531429539024999953e-02
1.928928928928928954e+01 1.978564941895020013e+01 2.235260945220000212e-02
1.930930930930930955e+01 2.075185048329579729e+01 2.389699386472000225e-02
1.932932932932932957e+01 2.197956159284284539e+01 2.512530932717000134e-02
1.934934934934934958e+01 2.346108608608609103e+01 2.537590585409999974e-02
1.936936936936936959e+01 1.997466216216216139e+01 2.274184222671999864e-02
1.938938938938938961e+01 2.096477727727727824e+01 2.428160066472000167e-02
1.940940940940940962e+01 2.182800378503503325e+01 2.512463830916999985e-02
1.942942942942942963e+01 1.876154279279279535e+01 2.235642446949999765e-02
1.944944944944944965e+01 2.066504004004004003e+01 2.428160066472000167e-02
1.946946946946946966e+01 2.129473223223223499e+01 2.485682714717000336e-02
1.948948948948948967e+01 1.900225225225225145e+01 2.235642446949999765e-02
1.950950950950950968e+01 2.060501419388138089e+01 2.428160066472000167e-02
1.952952952952952970e+01 2.099519783455330924e+01 2.428160066472000167e-02
1.954954954954954971e+01 1.924408783783783861e+01 2.235663163019999816e-02
1.956956956956956972e+01 2.177114614614614752e+01 2.512463830916999985e-02
1.958958958958958974e+01 2.081393893893893932e+01 2.428160066472000167e-02
1.960960960960960975e+01 2.267744111298799226e+01 2.531480296224999926e-02
1.962962962962962976e+01 2.135489004629629761e+01 2.485682714717000336e-02
1.964964964964964977e+01 2.075494244244244157e+01 2.428160066472000167e-02
1.966966966966966979e+01 2.111416103603603744e+01 2.485675624972000231e-02
1.968968968968968980e+01 1.907438688688688799e+01 2.273317548089999821e-02
1.970970970970970981e+01 2.069519519519519690e+01 2.428160066472000167e-02
1.972972972972972983e+01 2.102641997466216139e+01 2.428148902272000281e-02
1.974974974974974984e+01 2.376141766766767205e+01 2.537590585409999974e-02
1.976976976976976985e+01 2.285879629629629761e+01 2.531495532054999983e-02
1.978978978978978986e+01 2.176876876876876921e+01 2.512463830916999985e-02
1.980980980980980988e+01 2.129554554554554358e+01 2.485682714717000336e-02
1.982982982982982989e+01 2.063541666666667140e+01 2.428160066472000167e-02
1.984984984984984990e+01 2.282732732732732472e+01 2.531495532054999983e-02
1.986986986986986992e+01 2.191895020020020723e+01 2.512530932717000134e-02
1.988988988988988993e+01 1.889539539539539348e+01 2.273317548089999821e-02
1.990990990990990994e+01 2.090540540540540704e+01 2.428160066472000167e-02
1.992992992992992995e+01 2.291941941941941963e+01 2.531495532054999983e-02
1.994994994994994997e+01 1.954471659159159458e+01 2.235593582019999859e-02
1.996996996996996998e+01 2.009429473418731149e+01 2.360110422671999816e-02
1.998998998998998999e+01 2.273666146615365591e+01 2.531495532054999983e-02
2.001001001001001001e+01 2.063532282282282182e+01 2.428160066472000167e-02
2.003003003003003002e+01 2.015130560247747837e+01 2.332158274871999962e-02
2.005005005005005003e+01 2.108388075575575726e+01 2.485675624972000231e-02
2.007007007007007005e+01 2.194771920357858619e+01 2.512530932717000134e-02
2.009009009009009006e+01 2.018426238738738832e+01 2.360026975671999927e-02
2.011011011011011007e+01 2.165371817129629406e+01 2.517229954717000243e-02
2.013013013013013008e+01 2.057440839276776501e+01 2.425991386472000147e-02
2.015015015015015010e+01 1.964639639639639768e+01 2.273392222671999710e-02
2.017017017017017011e+01 2.162384063751251517e+01 2.517229954717000243e-02
2.019019019019019012e+01 2.069494494494494319e+01 2.428160066472000167e-02
2.021021021021021014e+01 1.973653340840840897e+01 2.273392222671999710e-02
2.023023023023023015e+01 2.237524707324512008e+01 2.532146005024999910e-02
2.025025025025025016e+01 2.176901901901902647e+01 2.512463830916999985e-02
2.027027027027027017e+01 2.135504645270270174e+01 2.485682714717000336e-02
2.029029029029029019e+01 2.285828015515516398e+01 2.531495532054999983e-02
2.031031031031031020e+01 2.183358358358358586e+01 2.517214913717000235e-02
2.033033033033033021e+01 2.147391141141141446e+01 2.485682714717000336e-02
2.035035035035035023e+01 2.114379540673485280e+01 2.485675624972000231e-02
2.037037037037037024e+01 2.298032407407407973e+01 2.534887082055000199e-02
2.039039039039039025e+01 2.188780968468468302e+01 2.512530932717000134e-02
2.041041041041041026e+01 2.066554054054054035e+01 2.428160066472000167e-02
2.043043043043043028e+01 2.288846659159159103e+01 2.531495532054999983e-02
2.045045045045045029e+01 2.249549549549550065e+01 2.531429539024999953e-02
2.047047047047047030e+01 2.267744306806807231e+01 2.531480296224999926e-02
2.049049049049049032e+01 2.567714589589589025e+01 2.390218238889999652e-02
2.051051051051051033e+01 2.188856043543543706e+01 2.512530932717000134e-02
2.053053053053053034e+01 2.361011011011012073e+01 2.537590585409999974e-02
2.055055055055055035e+01 2.421237167343124952e+01 2.537574735449999938e-02
2.057057057057057037e+01 2.108684367961711814e+01 2.428148902272000281e-02
2.059059059059059038e+01 2.207053928928928599e+01 2.512530932717000134e-02
2.061061061061061039e+01 2.322115377095845901e+01 2.535241776055000007e-02
2.063063063063063041e+01 2.111416103603603744e+01 2.485675624972000231e-02
2.065065065065065042e+01 2.207038288288288541e+01 2.512530932717000134e-02
2.067067067067067043e+01 2.273773773773774209e+01 2.531480296224999926e-02
2.069069069069069045e+01 2.075534909909909942e+01 2.428160066472000167e-02
2.071071071071071046e+01 2.171388576076076049e+01 2.517229954717000243e-02
2.073073073073073047e+01 2.222480097284784506e+01 2.532078903224999761e-02
2.075075075075075048e+01 2.081559684684684441e+01 2.428160066472000167e-02
2.077077077077077050e+01 2.339957144644644771e+01 2.537486801009999904e-02
2.079079079079079051e+01 2.183033033033033021e+01 2.512463830916999985e-02
2.081081081081081052e+01 2.087584459459459296e+01 2.428160066472000167e-02
2.083083083083083054e+01 2.298002739067192124e+01 2.534887082055000199e-02
2.085085085085085055e+01 2.349080476961336927e+01 2.537590585409999974e-02
2.087087087087087056e+01 2.093405417135885926e+01 2.428160066472000167e-02
2.089089089089089057e+01 1.958623027324198773e+01 2.273392222671999710e-02
2.091091091091091059e+01 2.189110985985985991e+01 2.512463830916999985e-02
2.093093093093093060e+01 2.201018205705705810e+01 2.512530932717000134e-02
2.095095095095095061e+01 2.042717717717717818e+01 2.362203507872000230e-02
2.097097097097097063e+01 2.310083521021021369e+01 2.534887082055000199e-02
2.099099099099099064e+01 2.204054054054054035e+01 2.512530932717000134e-02
2.101101101101101065e+01 2.258683683683683796e+01 2.531429539024999953e-02
2.103103103103103066e+01 2.234547047047047386e+01 2.532146005024999910e-02
2.105105105105105068e+01 2.319110419012763202e+01 2.535241776055000007e-02
2.107107107107107069e+01 2.298063688688688444e+01 2.534887082055000199e-02
2.109109109109109070e+01 2.036402515797046675e+01 2.360104386472000257e-02
2.111111111111111072e+01 2.249652777777777857e+01 2.531429539024999953e-02
2.113113113113113073e+01 2.298010510510510329e+01 2.534887082055000199e-02
2.115115115115115074e+01 2.045712900400400258e+01 2.362203507872000230e-02
2.117117117117117076e+01 2.249643686655405972e+01 2.531429539024999953e-02
2.119119119119119077e+01 2.330927558417792511e+01 2.537132107010000096e-02
2.121121121121121078e+01 2.304026389670920594e+01 2.534887082055000199e-02
2.123123123123123079e+01 2.150387839010885926e+01 2.517229954717000243e-02
2.125125125125125081e+01 2.231485147256631763e+01 2.532146005024999910e-02
2.127127127127127082e+01 2.340047567098348935e+01 2.537486801009999904e-02
2.129129129129129083e+01 2.162396771771772208e+01 2.517229954717000243e-02
2.131131131131131085e+01 2.234565913569819884e+01 2.532146005024999910e-02
2.133133133133133086e+01 2.212917311843093060e+01 2.512530932717000134e-02
2.135135135135135087e+01 2.108654455236486314e+01 2.428148902272000281e-02
2.137137137137137088e+01 2.270708208208208490e+01 2.531480296224999926e-02
2.139139139139139090e+01 2.219356856856856908e+01 2.515634489916999950e-02
2.141141141141141091e+01 2.114376876876876565e+01 2.485675624972000231e-02
2.143143143143143092e+01 2.304088170201450936e+01 2.534887082055000199e-02
2.145145145145145094e+01 2.252611889232982989e+01 2.531429539024999953e-02
2.147147147147147095e+01 2.200825825825825888e+01 2.512530932717000134e-02
2.149149149149149096e+01 2.105704434903653066e+01 2.428148902272000281e-02
2.151151151151151097e+01 2.258708708708708812e+01 2.531429539024999953e-02
2.153153153153153099e+01 2.206981981981981988e+01 2.512530932717000134e-02
2.155155155155155100e+01 2.111378566066066043e+01 2.485675624972000231e-02
2.157157157157157101e+01 2.318943943943943964e+01 2.534887082055000199e-02
2.159159159159159103e+01 2.213348993524774855e+01 2.515634489916999950e-02
2.161161161161161104e+01 2.282726476476476307e+01 2.531495532054999983e-02
2.163163163163163105e+01 2.322073269558621078e+01 2.535241776055000007e-02
2.165165165165165106e+01 2.330935623123124145e+01 2.537132107010000096e-02
2.167167167167167108e+01 2.312562073792542350e+01 2.517301557009999843e-02
2.169169169169169109e+01 2.060498877784033667e+01 2.428160066472000167e-02
2.171171171171171110e+01 2.361148648648649129e+01 2.537590585409999974e-02
2.173173173173173112e+01 2.471984484484484312e+01 2.405932734509999560e-02
2.175175175175175113e+01 2.093393686655405261e+01 2.428160066472000167e-02
2.177177177177177114e+01 2.282740504176050678e+01 2.531495532054999983e-02
2.179179179179179116e+01 2.397203502330455649e+01 2.537590585409999974e-02
2.181181181181181117e+01 2.454041834803553357e+01 2.405923523149999799e-02
2.183183183183183118e+01 2.207061749249248805e+01 2.512530932717000134e-02
2.185185185185185119e+01 2.349074074074074403e+01 2.537590585409999974e-02
2.187187187187187121e+01 2.433245745745746191e+01 2.532467999449999896e-02
2.189189189189189122e+01 2.185768581081081052e+01 2.512530932717000134e-02
2.191191191191191123e+01 2.300964734265515688e+01 2.534887082055000199e-02
2.193193193193193125e+01 2.385097597597597741e+01 2.537590585409999974e-02
2.195195195195195126e+01 2.191765202702702453e+01 2.512530932717000134e-02
2.197197197197197127e+01 2.307057057057057037e+01 2.534887082055000199e-02
2.199199199199199128e+01 2.364139139139139090e+01 2.537590585409999974e-02
2.201201201201201130e+01 2.197761824324324209e+01 2.512530932717000134e-02
2.203203203203203131e+01 2.451036668993211975e+01 2.405923523149999799e-02
2.205205205205205132e+01 2.343084368548235830e+01 2.537590585409999974e-02
2.207207207207207134e+01 2.206776112049549710e+01 2.512530932717000134e-02
2.209209209209209135e+01 2.123127717561311201e+01 2.423394118917000101e-02
2.211211211211211136e+01 2.321879741069194125e+01 2.537106612055000168e-02
2.213213213213213137e+01 2.212997079110360232e+01 2.512530932717000134e-02
2.215215215215215139e+01 2.129548689314314203e+01 2.485682714717000336e-02
2.217217217217217140e+01 2.327861552959209135e+01 2.537132107010000096e-02
2.219219219219219141e+01 2.243600289742867915e+01 2.531429539024999953e-02
2.221221221221221143e+01 2.276697522718030697e+01 2.531495532054999983e-02
2.223223223223223144e+01 2.310067880380380245e+01 2.534887082055000199e-02
2.225225225225225145e+01 2.228484832488738476e+01 2.532146005024999910e-02
2.227227227227227146e+01 2.282690405248998999e+01 2.531495532054999983e-02
2.229229229229229148e+01 2.132571243118118076e+01 2.485682714717000336e-02
2.231231231231231149e+01 2.343119633305180116e+01 2.537590585409999974e-02
2.233233233233233150e+01 2.285792726320070045e+01 2.531495532054999983e-02
2.235235235235235152e+01 2.123473473473473305e+01 2.485682714717000336e-02
2.237237237237237153e+01 2.349099099099099064e+01 2.537590585409999974e-02
2.239239239239239154e+01 2.459992365412287540e+01 2.405932734509999560e-02
2.241241241241241156e+01 2.468976740412286830e+01 2.405932734509999560e-02
2.243243243243243157e+01 2.246638777449324209e+01 2.531429539024999953e-02
2.245245245245245158e+01 2.361015703203203486e+01 2.537590585409999974e-02
2.247247247247247159e+01 2.471971971971972337e+01 2.405932734509999560e-02
2.249249249249249161e+01 2.252653874577702453e+01 2.531429539024999953e-02
2.251251251251251162e+01 2.364033662568818528e+01 2.537590585409999974e-02
2.253253253253253163e+01 2.313105292792792511e+01 2.534887082055000199e-02
2.255255255255255165e+01 2.258338612049549710e+01 2.515722240854999930e-02
2.257257257257257166e+01 2.370120120120120077e+01 2.537590585409999974e-02
2.259259259259259167e+01 2.315961371527777501e+01 2.534887082055000199e-02
2.261261261261261168e+01 2.222451039907094383e+01 2.532078903224999761e-02
2.263263263263263170e+01 2.093518518518518334e+01 2.428160066472000167e-02
2.265265265265265171e+01 2.321896896896896934e+01 2.537106612055000168e-02
2.267267267267267172e+01 2.207042980480480310e+01 2.512530932717000134e-02
2.269269269269269174e+01 2.155944311010228986e+01 2.512473018917000048e-02
2.271271271271271175e+01 2.327886700176739865e+01 2.537132107010000096e-02
2.273273273273273176e+01 2.212889451951952324e+01 2.512530932717000134e-02
2.275275275275275177e+01 2.143847020848973273e+01 2.510304338917000028e-02
2.277277277277277179e+01 2.391141141141141091e+01 2.537590585409999974e-02
2.279279279279279180e+01 2.261694995777026307e+01 2.531429539024999953e-02
2.281281281281281181e+01 2.252653874577703164e+01 2.531429539024999953e-02
2.283283283283283538e+01 2.355081839652152098e+01 2.537590585409999974e-02
2.285285285285285539e+01 2.228487911739865623e+01 2.532146005024999910e-02
2.287287287287287540e+01 2.315878378378378599e+01 2.534887082055000199e-02
2.289289289289289542e+01 2.117480810889014009e+01 2.485664460772000345e-02
2.291291291291291543e+01 2.352153716216216495e+01 2.537590585409999974e-02
2.293293293293293544e+01 2.321847482247873273e+01 2.537106612055000168e-02
2.295295295295295546e+01 2.194876126126126081e+01 2.512530932717000134e-02
2.297297297297297547e+01 2.412162162162162460e+01 2.537568483930000007e-02
2.299299299299299548e+01 2.471971287693944319e+01 2.405932734509999560e-02
2.301301301301301550e+01 2.128703703703704164e+01 2.424884838917000171e-02
2.303303303303303551e+01 2.361110817849098709e+01 2.537590585409999974e-02
2.305305305305305552e+01 2.406218694280218173e+01 2.537590585409999974e-02
2.307307307307307553e+01 2.249624624624624758e+01 2.531429539024999953e-02
2.309309309309309555e+01 2.367042042042042382e+01 2.537590585409999974e-02
2.311311311311311556e+01 2.442253642802959490e+01 2.466705999450000131e-02
2.313313313313313557e+01 2.255706389983734539e+01 2.531429539024999953e-02
2.315315315315315559e+01 2.370032728040541059e+01 2.537590585409999974e-02
2.317317317317317560e+01 2.433211470748091898e+01 2.521273652449999847e-02
2.319319319319319561e+01 2.406180545780155455e+01 2.537590585409999974e-02
2.321321321321321562e+01 2.307039754598348580e+01 2.534887082055000199e-02
2.323323323323323564e+01 2.206930270113863912e+01 2.512530932717000134e-02
2.325325325325325565e+01 2.427257005540697676e+01 2.537712652449999884e-02
2.327327327327327566e+01 2.240620747700825888e+01 2.531429539024999953e-02
2.329329329329329568e+01 2.212862862862862912e+01 2.512530932717000134e-02
2.331331331331331569e+01 2.346129821227477663e+01 2.537590585409999974e-02
2.333333333333333570e+01 2.213020833333333215e+01 2.512530932717000134e-02
2.335335335335335571e+01 2.072610110110110071e+01 2.428160066472000167e-02
2.337337337337337573e+01 2.352059823495370594e+01 2.537590585409999974e-02
2.339339339339339574e+01 2.222372372372372595e+01 2.515701591717000099e-02
2.341341341341341575e+01 2.180374124124124080e+01 2.517214913717000235e-02
2.343343343343343577e+01 2.357989239239239510e+01 2.537590585409999974e-02
2.345345345345345578e+01 2.462956169059684441e+01 2.405932734509999560e-02
2.347347347347347579e+01 2.406202955885573402e+01 2.537590585409999974e-02
2.349349349349349581e+01 2.114385735833488766e+01 2.485675624972000231e-02
2.351351351351351582e+01 2.468918918918919303e+01 2.405932734509999560e-02
2.353353353353353583e+01 2.412187187187187476e+01 2.537568483930000007e-02
2.355355355355355584e+01 2.237530083794732150e+01 2.532146005024999910e-02
2.357357357357357586e+01 2.327890390390390252e+01 2.537132107010000096e-02
2.359359359359359587e+01 2.448065741522773209e+01 2.405879052449999903e-02
2.361361361361361588e+01 2.228073581393894287e+01 2.512515891717000127e-02
2.363363363363363590e+01 2.319107999601163783e+01 2.535241776055000007e-02
2.365365365365365591e+01 2.454066566566567076e+01 2.405923523149999799e-02
2.367367367367367592e+01 2.382163413413413622e+01 2.537590585409999974e-02
2.369369369369369593e+01 2.325059385557432634e+01 2.535241776055000007e-02
2.371371371371371595e+01 2.504761011011011362e+01 2.405896901909999538e-02
2.373373373373373596e+01 2.462954311733609103e+01 2.405932734509999560e-02
2.375375375375375597e+01 2.316106976116742189e+01 2.535241776055000007e-02
2.377377377377377599e+01 2.273831448636136088e+01 2.531480296224999926e-02
2.379379379379379600e+01 2.468954648007382602e+01 2.405932734509999560e-02
2.381381381381381601e+01 2.321846846846846546e+01 2.537106612055000168e-02
2.383383383383383602e+01 2.234538298063689155e+01 2.532146005024999910e-02
2.385385385385385604e+01 2.474837337337337573e+01 2.405932734509999560e-02
2.387387387387387605e+01 2.297976932010135087e+01 2.534887082055000199e-02
2.389389389389389606e+01 2.240519230167667430e+01 2.532146005024999910e-02
2.391391391391391608e+01 2.480835034253003357e+01 2.405932734509999560e-02
2.393393393393393609e+01 2.273665291267830213e+01 2.531495532054999983e-02
2.395395395395395610e+01 2.185798298298298192e+01 2.512530932717000134e-02
2.397397397397397611e+01 2.394119705643143092e+01 2.537590585409999974e-02
2.399399399399399613e+01 2.219444444444444642e+01 2.532073489916999987e-02
2.401401401401401614e+01 2.394131533877628115e+01 2.537590585409999974e-02
2.403403403403403615e+01 2.355053686498998999e+01 2.537590585409999974e-02
2.405405405405405617e+01 2.466010346283784216e+01 2.405932734509999560e-02
2.407407407407407618e+01 2.385073061342593093e+01 2.537590585409999974e-02
2.409409409409409619e+01 2.537526931228103422e+01 2.395487801909999478e-02
2.411411411411411621e+01 2.486768018018018722e+01 2.405932734509999560e-02
2.413413413413413622e+01 2.507981981004442673e+01 2.400688081509999572e-02
2.415415415415415623e+01 2.702245995995995997e+01 2.255012286799999710e-02
2.417417417417417624e+01 2.477852852852853260e+01 2.405932734509999560e-02
2.419419419419419626e+01 2.570633133133133086e+01 2.390218238889999652e-02
2.421421421421421627e+01 2.391153653653654132e+01 2.537590585409999974e-02
2.423423423423423628e+01 2.468980943834460007e+01 2.405932734509999560e-02
2.425425425425425630e+01 2.531537787787788218e+01 2.395487801909999478e-02
2.427427427427427631e+01 2.495817350553679148e+01 2.405932734509999560e-02
2.429429429429429632e+01 2.433255069033878115e+01 2.532467999449999896e-02
2.431431431431431633e+01 2.522847554585835894e+01 2.397432148909999644e-02
2.433433433433433635e+01 2.570314064064064397e+01 2.354143721889999721e-02
2.435435435435435636e+01 2.465997296124249516e+01 2.405932734509999560e-02
2.437437437437437637e+01 2.346033533533533699e+01 2.537590585409999974e-02
2.439439439439439639e+01 2.576657907907907941e+01 2.390218238889999652e-02
2.441441441441441640e+01 2.471959459459459651e+01 2.405932734509999560e-02
2.443443443443443641e+01 2.367085835835835894e+01 2.537590585409999974e-02
2.445445445445445642e+01 2.567717717717718173e+01 2.390218238889999652e-02
2.447447447447447644e+01 2.324836066535285539e+01 2.537132107010000096e-02
2.449449449449449645e+01 2.174364794481982699e+01 2.517229954717000243e-02
2.451451451451451646e+01 2.558702452452453002e+01 2.390218238889999652e-02
2.453453453453453648e+01 2.346114864864864913e+01 2.537590585409999974e-02
2.455455455455455649e+01 2.240543155460147773e+01 2.532146005024999910e-02
2.457457457457457650e+01 2.549732105152027017e+01 2.390243148909999490e-02
2.459459459459459651e+01 2.090540540540540704e+01 2.428160066472000167e-02
2.461461461461461653e+01 2.138394644644643705e+01 2.485682714717000336e-02
2.463463463463463654e+01 2.324833500492680116e+01 2.537132107010000096e-02
2.465465465465465655e+01 2.480874624624624403e+01 2.405932734509999560e-02
2.467467467467467657e+01 2.513732482482483022e+01 2.402676801909999632e-02
2.469469469469469658e+01 2.346116575559934958e+01 2.537590585409999974e-02
2.471471471471471659e+01 2.471954180743243512e+01 2.405932734509999560e-02
2.473473473473473661e+01 2.427246814685779697e+01 2.537712652449999884e-02
2.475475475475475662e+01 2.552592338432182117e+01 2.390218238889999652e-02
2.477477477477477663e+01 2.477961359797297547e+01 2.405932734509999560e-02
2.479479479479479664e+01 2.619071268534159103e+01 2.340979290889999911e-02
2.481481481481481666e+01 2.729932544849537379e+01 2.289535850419999879e-02
2.483483483483483667e+01 2.498823359492304519e+01 2.405932734509999560e-02
2.485485485485485668e+01 2.610002482951701808e+01 2.340979290889999911e-02
2.487487487487487670e+01 2.549735404349662815e+01 2.390243148909999490e-02
2.489489489489489671e+01 2.427252252252252163e+01 2.537712652449999884e-02
2.491491491491491672e+01 2.600661519673970901e+01 2.385082230889999655e-02
2.493493493493493673e+01 2.555587325606857263e+01 2.390218238889999652e-02
2.495495495495495675e+01 2.432377005912162105e+01 2.405788565989999683e-02
2.497497497497497676e+01 2.373110415102602744e+01 2.537590585409999974e-02
2.499499499499499677e+01 2.546731252737112428e+01 2.390243148909999490e-02
2.501501501501501679e+01 2.427238175675675791e+01 2.537712652449999884e-02
2.503503503503503680e+01 2.315496257976726469e+01 2.517301557009999843e-02
2.505505505505505681e+01 2.631025459052803228e+01 2.335783361099999858e-02
2.507507507507507682e+01 2.382132132132132085e+01 2.537590585409999974e-02
2.509509509509509684e+01 2.258681093202576662e+01 2.531429539024999953e-02
2.511511511511511685e+01 2.699874874874875275e+01 2.289742539419999806e-02
2.513513513513513686e+01 2.324877269847972983e+01 2.537132107010000096e-02
2.515515515515515688e+01 2.200830420264014009e+01 2.512530932717000134e-02
2.517517517517517689e+01 2.627413057588839251e+01 2.302955357999999716e-02
2.519519519519519690e+01 2.330924625797672789e+01 2.537132107010000096e-02
2.521521521521521692e+01 2.221967719672798935e+01 2.512530932717000134e-02
2.523523523523523693e+01 2.633927677677677792e+01 2.335794047999999873e-02
2.525525525525525694e+01 2.463003970767641704e+01 2.405932734509999560e-02
2.527527527527527695e+01 2.543694817864740187e+01 2.390243148909999490e-02
2.529529529529529697e+01 2.687872149493243867e+01 2.289742539419999806e-02
2.531531531531531698e+01 2.531531531531531698e+01 2.395487801909999478e-02
2.533533533533533699e+01 2.786886886886887282e+01 2.269097919249999859e-02
2.535535535535535701e+01 2.630370507225975985e+01 2.302955357999999716e-02
2.537537537537537702e+01 2.537537537537537702e+01 2.395487801909999478e-02
2.539539539539539703e+01 2.667012520332833247e+01 2.335689483619999771e-02
2.541541541541541704e+01 2.795695695695695804e+01 2.269097919249999859e-02
2.543543543543543706e+01 2.543543543543543706e+01 2.395462891889999640e-02
2.545545545545545707e+01 2.672822822822823241e+01 2.289716683619999818e-02
2.547547547547547708e+01 2.738738005583709523e+01 2.205713076419999960e-02
2.549549549549549710e+01 2.549518427118525210e+01 2.395462891889999640e-02
2.551551551551551711e+01 2.615589515296547063e+01 2.348928157999999669e-02
2.553553553553553712e+01 2.681231231231231504e+01 2.254998613799999788e-02
2.555555555555555713e+01 2.555555555555555713e+01 2.390218238889999652e-02
2.557557557557557715e+01 2.622058459827015042e+01 2.340979290889999911e-02
2.559559559559559716e+01 2.687287580549299904e+01 2.254998613799999788e-02
2.561561561561561717e+01 2.561561561561561717e+01 2.390218238889999652e-02
2.563563563563563719e+01 2.435385385385385248e+01 2.405788565989999683e-02
2.565565565565565720e+01 2.693843843843844255e+01 2.289742539419999806e-02
2.567567567567567721e+01 2.439236202755489558e+01 2.516028999449999859e-02
2.569569569569569722e+01 2.312989014405030375e+01 2.534887082055000199e-02
2.571571571571571724e+01 2.828603163710586088e+01 2.286576862449999845e-02
2.573573573573573725e+01 2.219455881662911878e+01 2.532073489916999987e-02
2.575575575575575726e+01 2.060523340723536023e+01 2.428160066472000167e-02
2.577577577577577728e+01 2.738927892736486314e+01 2.353210223419999886e-02
2.579579579579579729e+01 2.321873533689939606e+01 2.537106612055000168e-02
2.581581581581581730e+01 2.258631776307557004e+01 2.531429539024999953e-02
2.583583583583583732e+01 2.358024626188688444e+01 2.537590585409999974e-02
2.585585585585585733e+01 2.423355240005629696e+01 2.405788565989999683e-02
2.587587587587587734e+01 2.522897897897897934e+01 2.397432148909999644e-02
2.589589589589589735e+01 2.330883520238987927e+01 2.537132107010000096e-02
2.591591591591591737e+01 2.591686498510229342e+01 2.390257400889999814e-02
2.593593593593593738e+01 2.690853353353353583e+01 2.289742539419999806e-02
2.595595595595595739e+01 2.465942553882007005e+01 2.405932734509999560e-02
2.597597597597597741e+01 2.597661015507695481e+01 2.385082230889999655e-02
2.599599599599599742e+01 2.729833446727977986e+01 2.253695676419999877e-02
2.601601601601601743e+01 2.471902615506132150e+01 2.405932734509999560e-02
2.603603603603603744e+01 2.603635385874155617e+01 2.385061471099999761e-02
2.605605605605605746e+01 2.735854079176833409e+01 2.253695676419999877e-02
2.607607607607607747e+01 2.412164361627251807e+01 2.537568483930000007e-02
2.609609609609609748e+01 2.609545898437500000e+01 2.348928157999999669e-02
2.611611611611611750e+01 2.774837337337337573e+01 2.269097919249999859e-02
2.613613613613613751e+01 2.678953953953953970e+01 2.289716683619999818e-02
2.615615615615615752e+01 2.615615615615615752e+01 2.348928157999999669e-02
2.617617617617617753e+01 2.846659159159159458e+01 2.286709692449999734e-02
2.619619619619619755e+01 2.717919310912475339e+01 2.289742539419999806e-02
2.621621621621621756e+01 2.564785684121622111e+01 2.390218238889999652e-02
2.623623623623623757e+01 2.394184663178803518e+01 2.537590585409999974e-02
2.625625625625625759e+01 2.822547547547548064e+01 2.286576862449999845e-02
2.627627627627627760e+01 2.594653980152027017e+01 2.385082230889999655e-02
2.629629629629629761e+01 2.301054325810183698e+01 2.534887082055000199e-02
2.631631631631631763e+01 2.673007871152402970e+01 2.289716683619999818e-02
2.633633633633633764e+01 2.403190690690691156e+01 2.537590585409999974e-02
2.635635635635635765e+01 2.174367226112831730e+01 2.517229954717000243e-02
2.637637637637637766e+01 2.744920457566942318e+01 2.317066223419999779e-02
2.639639639639639768e+01 2.276689189189189477e+01 2.531495532054999983e-02
2.641641641641641769e+01 2.360967217217218206e+01 2.537590585409999974e-02
2.643643643643643770e+01 2.651872758989458134e+01 2.335794047999999873e-02
2.645645645645645772e+01 2.546692297766516333e+01 2.390243148909999490e-02
2.647647647647647773e+01 2.498717467467467657e+01 2.405896901909999538e-02
2.649649649649649774e+01 2.218952204157282537e+01 2.512530932717000134e-02
2.651651651651651775e+01 2.585619310716966623e+01 2.390218238889999652e-02
2.653653653653653777e+01 2.852677677677678147e+01 2.286734884749999988e-02
2.655655655655655778e+01 2.489806847863489025e+01 2.405932734509999560e-02
2.657657657657657779e+01 2.624956010698198838e+01 2.335783361099999858e-02
2.659659659659659781e+01 2.759916361674174823e+01 2.269083623419999862e-02
2.661661661661661782e+01 2.528578578578578728e+01 2.395487801909999478e-02
2.663663663663663783e+01 2.622060176631709538e+01 2.340979290889999911e-02
2.665665665665665784e+01 2.132532532532533054e+01 2.485682714717000336e-02
2.667667667667667786e+01 2.567630130130130084e+01 2.390218238889999652e-02
2.669669669669669787e+01 2.669930379598348580e+01 2.289716683619999818e-02
2.671671671671671788e+01 2.771794133000187799e+01 2.269097919249999859e-02
2.673673673673673790e+01 2.840484539715496481e+01 2.286602054750000099e-02
2.675675675675675791e+01 2.675936972128378599e+01 2.289716683619999818e-02
2.677677677677677792e+01 2.945706937406156101e+01 2.109126487919999945e-02
2.679679679679679793e+01 2.813827218331613267e+01 2.269097919249999859e-02
2.681681681681681795e+01 2.681812623170045384e+01 2.289742539419999806e-02
2.683683683683683796e+01 2.549761577984234151e+01 2.390243148909999490e-02
2.685685685685685797e+01 2.282832832832831471e+01 2.531495532054999983e-02
2.687687687687687799e+01 2.687950157188438638e+01 2.289742539419999806e-02
2.689689689689689800e+01 2.421246050738238154e+01 2.537574735449999938e-02
2.691691691691691801e+01 2.792367269613363590e+01 2.223206315449999942e-02
2.693693693693693803e+01 2.516920045045045029e+01 2.400652248909999550e-02
2.695695695695695804e+01 2.324840098887951001e+01 2.537132107010000096e-02
2.697697697697697805e+01 2.798861361361361588e+01 2.269097919249999859e-02
2.699699699699699806e+01 2.834684684684684797e+01 2.286576862449999845e-02
2.701701701701701808e+01 2.194868794575824822e+01 2.512530932717000134e-02
2.703703703703703809e+01 2.669907407407407618e+01 2.289716683619999818e-02
2.705705705705705810e+01 2.570684649493243157e+01 2.390218238889999652e-02
2.707707707707707812e+01 2.504761841920045029e+01 2.405896901909999538e-02
2.709709709709709813e+01 2.210371602070818753e+01 2.515634489916999950e-02
2.711711711711711814e+01 2.373144971143018012e+01 2.537590585409999974e-02
2.713713713713713815e+01 2.951163663663664494e+01 2.150152209419999710e-02
2.715715715715715817e+01 2.588698323567708215e+01 2.390257400889999814e-02
2.717717717717717818e+01 2.726210585585586088e+01 2.254952612419999780e-02
2.719719719719719819e+01 2.855705705705705810e+01 2.286734884749999988e-02
2.721721721721721821e+01 2.585635635635635765e+01 2.390218238889999652e-02
2.723723723723723822e+01 2.732235360360360588e+01 2.205629612420000052e-02
2.725725725725725823e+01 2.921737081319601259e+01 2.296560434250000116e-02
2.727727727727727824e+01 2.531539107466841898e+01 2.395487801909999478e-02
2.729729729729729826e+01 2.738260135135135087e+01 2.205629612420000052e-02
2.731731731731731827e+01 2.945148273273273531e+01 2.150152209419999710e-02
2.733733733733733828e+01 2.870687386605355584e+01 2.286734884749999988e-02
2.735735735735735830e+01 2.744284909909909942e+01 2.205643908250000049e-02
2.737737737737737831e+01 3.011377832911036023e+01 2.152619693299999762e-02
2.739739739739739832e+01 2.876592950372247515e+01 2.294179504750000140e-02
2.741741741741741833e+01 2.741741741741741833e+01 2.205713076419999960e-02
2.743743743743743835e+01 2.606556556556556359e+01 2.348917471099999654e-02
2.745745745745745836e+01 3.020320320320320917e+01 2.152616875999999527e-02
2.747747747747747837e+01 2.807854729729729826e+01 2.269097919249999859e-02
2.749749749749749839e+01 2.406232428717779470e+01 2.537590585409999974e-02
2.751751751751751840e+01 2.837609631115490316e+01 2.286576862449999845e-02
2.753753753753753841e+01 2.616066066066066043e+01 2.340979290889999911e-02
2.755755755755755843e+01 2.867708333333333570e+01 2.286734884749999988e-02
2.757757757757757844e+01 2.825624452577577728e+01 2.286576862449999845e-02
2.759759759759759845e+01 2.897747747747747837e+01 2.294176355750000146e-02
2.761761761761761846e+01 2.312975475475477083e+01 2.534887082055000199e-02
2.763763763763763848e+01 2.642849099099098709e+01 2.335794047999999873e-02
2.765765765765765849e+01 2.549690315315315559e+01 2.390243148909999490e-02
2.767767767767767850e+01 3.044544544544545062e+01 2.155840859399999268e-02
2.769769769769769852e+01 3.185438099232045062e+01 2.098960085769999151e-02
2.771771771771771853e+01 2.771771771771771853e+01 2.269097919249999859e-02
2.773773773773773854e+01 2.912733338807557715e+01 2.294070534250000279e-02
2.775775775775775855e+01 3.053217817426802227e+01 2.108492265169999505e-02
2.777777777777777857e+01 2.777777777777777857e+01 2.269097919249999859e-02
2.779779779779779858e+01 2.936142392392392253e+01 2.122120409419999895e-02
2.781781781781781859e+01 2.990143757038288541e+01 2.150020601919999663e-02
2.783783783783783861e+01 2.783783783783783861e+01 2.269097919249999859e-02
2.785785785785785862e+01 2.846724849849849903e+01 2.286709692449999734e-02
2.787787787787787863e+01 2.927721666979480020e+01 2.148103434250000013e-02
2.789789789789789864e+01 2.789789789789789864e+01 2.269097919249999859e-02
2.791791791791791866e+01 2.861586586586586733e+01 2.286734884749999988e-02
2.793793793793793867e+01 2.942145881232795546e+01 2.122120409419999895e-02
2.795795795795795868e+01 2.795795795795795868e+01 2.269097919249999859e-02
2.797797797797797870e+01 2.867742742742742834e+01 2.286734884749999988e-02
2.799799799799799871e+01 2.909679638134227986e+01 2.294176355750000146e-02
2.801801801801801872e+01 2.801801801801801872e+01 2.269097919249999859e-02
2.803803803803803874e+01 2.654988631209334216e+01 2.335689483619999771e-02
2.805805805805805875e+01 3.086386386386386960e+01 2.111735916969999238e-02
2.807807807807807876e+01 2.807807807807807876e+01 2.269097919249999859e-02
2.809809809809809877e+01 2.537540885612175146e+01 2.395487801909999478e-02
2.811811811811811879e+01 2.996336961961961975e+01 2.152510501919999500e-02
2.813813813813813880e+01 2.822606981981981988e+01 2.286576862449999845e-02
2.815815815815815881e+01 2.252652652652652421e+01 2.531429539024999953e-02
2.817817817817817883e+01 3.020348473473473661e+01 2.152616875999999527e-02
2.819819819819819884e+01 2.264805479307432279e+01 2.531480296224999926e-02
2.821821821821821885e+01 2.213366491491490251e+01 2.515634489916999950e-02
2.823823823823823886e+01 2.576739239239238799e+01 2.390218238889999652e-02
2.825825825825825888e+01 2.843487237237237153e+01 2.286602054750000099e-02
2.827827827827827889e+01 2.969219219219219497e+01 2.150020601919999663e-02
2.829829829829829890e+01 3.254338848125470918e+01 2.095171041442999912e-02
2.831831831831831892e+01 2.849634485559778341e+01 2.286734884749999988e-02
2.833833833833833893e+01 2.993236986986987347e+01 2.150020601919999663e-02
2.835835835835835894e+01 2.507976934453984796e+01 2.400688081509999572e-02
2.837837837837837895e+01 2.412162162162161039e+01 2.537568483930000007e-02
2.839839839839839897e+01 2.573604854854854906e+01 2.390218238889999652e-02
2.841841841841841898e+01 2.930684089851570562e+01 2.148119487919999959e-02
2.843843843843843899e+01 2.603651515284815687e+01 2.385061471099999761e-02
2.845845845845845901e+01 3.041497747747748548e+01 2.152578246399999493e-02
2.847847847847847902e+01 2.990240240240240510e+01 2.150020601919999663e-02
2.849849849849849903e+01 2.780830048798798870e+01 2.269097919249999859e-02
2.851851851851851904e+01 3.027864583333333925e+01 2.076318273699999731e-02
2.853853853853853906e+01 3.014383133133133086e+01 2.152616875999999527e-02
2.855855855855855907e+01 2.804818588119369593e+01 2.269097919249999859e-02
2.857857857857857908e+01 3.014426047140890574e+01 2.152619693299999762e-02
2.859859859859859910e+01 2.216426301790071562e+01 2.532073489916999987e-02
2.861861861861861911e+01 2.888691816816816527e+01 2.294179504750000140e-02
2.863863863863863912e+01 2.684872372372371885e+01 2.289742539419999806e-02
2.865865865865865914e+01 3.152469944309544303e+01 2.103027049969999340e-02
2.867867867867867915e+01 3.011401293871996998e+01 2.152619693299999762e-02
2.869869869869869916e+01 2.513938743430929534e+01 2.400652248909999550e-02
2.871871871871871917e+01 2.978164785879629761e+01 2.150020601919999663e-02
2.873873873873873919e+01 3.017286915822072046e+01 2.152616875999999527e-02
2.875875875875875920e+01 2.282726476476476307e+01 2.531495532054999983e-02
2.877877877877877921e+01 3.026268455955955972e+01 2.152616875999999527e-02
2.879879879879879923e+01 2.340043021537162105e+01 2.537486801009999904e-02
2.881881881881881924e+01 3.179357384728477598e+01 2.098801807769999292e-02
2.883883883883883925e+01 2.616054433339589735e+01 2.340979290889999911e-02
2.885885885885885926e+01 2.307017759947445157e+01 2.534887082055000199e-02
2.887887887887887928e+01 3.104479479479479664e+01 2.111735916969999238e-02
2.889889889889889929e+01 2.457006115001720659e+01 2.405932734509999560e-02
2.891891891891891930e+01 2.855743243243242802e+01 2.286734884749999988e-02
2.893893893893893932e+01 2.948154404404404616e+01 2.150152209419999710e-02
2.895895895895895933e+01 3.113370890421671788e+01 2.111335116969999259e-02
2.897897897897897934e+01 3.038406326248123435e+01 2.152616875999999527e-02
2.899899899899899935e+01 2.573661161161161104e+01 2.390218238889999652e-02
2.901901901901901937e+01 2.681850453969594739e+01 2.289742539419999806e-02
2.903903903903903938e+01 2.942134621193459054e+01 2.150152209419999710e-02
2.905905905905905939e+01 2.987492619572697450e+01 2.137241693299999842e-02
2.907907907907907941e+01 3.035412854260511040e+01 2.152616875999999527e-02
2.909909909909909942e+01 2.948557150900900936e+01 2.109126487919999945e-02
2.911911911911911943e+01 3.221302552552553067e+01 2.095576577112999786e-02
2.913913913913913944e+01 2.909681055567286379e+01 2.294176355750000146e-02
2.915915915915915946e+01 2.897691441441441640e+01 2.294176355750000146e-02
2.917917917917917947e+01 3.059575139103947450e+01 2.155871348569999083e-02
2.919919919919919948e+01 2.915571406367304519e+01 2.145719355750000043e-02
2.921921921921921950e+01 2.903659909909909942e+01 2.294176355750000146e-02
2.923923923923923951e+01 2.768876004911160749e+01 2.269083623419999862e-02
2.925925925925925952e+01 2.852634910300925242e+01 2.286734884749999988e-02
2.927927927927927954e+01 3.083474099099099419e+01 2.111735916969999238e-02
2.929929929929929955e+01 2.636936936936937315e+01 2.335794047999999873e-02
2.931931931931931956e+01 2.858633633633633764e+01 2.286734884749999988e-02
2.933933933933933957e+01 2.576647252721470593e+01 2.390218238889999652e-02
2.935935935935935959e+01 3.032414690080705810e+01 2.152616875999999527e-02
2.937937937937937960e+01 3.011386386386386249e+01 2.152619693299999762e-02
2.939939939939939961e+01 2.903190690690690801e+01 2.106742409419999976e-02
2.941941941941941963e+01 3.245329704704704454e+01 2.095171041442999912e-02
2.943943943943943964e+01 2.355155155155154034e+01 2.537590585409999974e-02
2.945945945945945965e+01 2.117398648648649129e+01 2.485682714717000336e-02
2.947947947947947966e+01 3.095489288116241511e+01 2.111735916969999238e-02
2.949949949949949968e+01 2.525894644644642995e+01 2.397432148909999644e-02
2.951951951951951969e+01 2.924277402402402259e+01 2.106742409419999976e-02
2.953953953953953970e+01 2.510716624827954035e+01 2.402676801909999632e-02
2.955955955955955972e+01 2.678799001638357069e+01 2.289742539419999806e-02
2.957957957957957973e+01 2.930227102102102066e+01 2.106742409419999976e-02
2.959959959959959974e+01 2.876711086086086056e+01 2.286734884749999988e-02
2.961961961961961975e+01 2.388081831831833313e+01 2.537590585409999974e-02
2.963963963963963977e+01 2.894640783361486314e+01 2.294176355750000146e-02
2.965965965965965978e+01 2.382186238973345382e+01 2.537590585409999974e-02
2.967967967967967979e+01 3.116438826521834571e+01 2.111335116969999259e-02
2.969969969969969981e+01 2.858596096096096772e+01 2.286734884749999988e-02
2.971971971971971982e+01 2.897672672672672434e+01 2.294176355750000146e-02
2.973973973973973983e+01 2.379179179179177339e+01 2.537590585409999974e-02
2.975975975975975985e+01 3.050230064048423628e+01 2.108492265169999505e-02
2.977977977977977986e+01 2.903673937609484668e+01 2.294176355750000146e-02
2.979979979979979987e+01 3.017229729729729826e+01 2.152616875999999527e-02
2.981981981981981988e+01 3.056531531531531698e+01 2.155871348569999083e-02
2.983983983983983990e+01 2.834493380098848547e+01 2.286576862449999845e-02
2.985985985985985991e+01 3.023310810810810878e+01 2.152616875999999527e-02
2.987987987987987992e+01 3.137314438461899613e+01 2.103163116969999219e-02
2.989989989989989994e+01 2.690990990990989928e+01 2.289742539419999806e-02
2.991991991991991995e+01 3.029391891891891930e+01 2.152616875999999527e-02
2.993993993993993996e+01 2.516899296757696192e+01 2.400652248909999550e-02
2.995995995995995997e+01 2.321896896896896578e+01 2.537106612055000168e-02
2.997997997997997999e+01 3.035399779662474984e+01 2.152616875999999527e-02
3.000000000000000000e+01 2.915734863281250000e+01 2.296560434250000116e-02
