8.000000000000000000e+01 8.425585937500000000e+01 1.446966162137999605e-02
8.004004004004004003e+01 8.354179179179178050e+01 1.445527382917999835e-02
8.008008008008008005e+01 9.985180492992992640e+01 1.907361377999999830e-02
8.012012012012012008e+01 8.637950450450449580e+01 1.494597435497999754e-02
8.016016016016016010e+01 9.993404341841841187e+01 1.907159001199999759e-02
8.020020020020020013e+01 8.646584084084086896e+01 1.494597435497999754e-02
8.024024024024024015e+01 8.425421124249250227e+01 1.446942622917999667e-02
8.028028028028028018e+01 8.655217717717719950e+01 1.494597435497999754e-02
8.032032032032032021e+01 8.434418011761763978e+01 1.446966162137999605e-02
8.036036036036036023e+01 8.619904279279282378e+01 1.494597435497999754e-02
8.040040040040040026e+01 9.665321571571570303e+01 1.920860828539999385e-02
8.044044044044044028e+01 8.628494119119119432e+01 1.494597435497999754e-02
8.048048048048048031e+01 9.682807807807813560e+01 1.913162878539999279e-02
8.052052052052052034e+01 8.682592993384011493e+01 1.585250263498000009e-02
8.056056056056056036e+01 8.006492429929929244e+01 1.335437480899999592e-02
8.060060060060060039e+01 8.689949031062313622e+01 1.603437939298000062e-02
8.064064064064064041e+01 6.867054554554553647e+01 1.280453688060000095e-02
8.068068068068068044e+01 8.672385275900902002e+01 1.494701039297999766e-02
8.072072072072072046e+01 7.971171171171171466e+01 1.335437480899999592e-02
8.076076076076076049e+01 8.682570461086086766e+01 1.585250263498000009e-02
8.080080080080080052e+01 8.130580580580580374e+01 1.272967293639999491e-02
8.084084084084084054e+01 8.690390390390390962e+01 1.494701039297999766e-02
8.088088088088088057e+01 1.013617523773773428e+02 1.907602497199999830e-02
8.092092092092092059e+01 8.345760213338337508e+01 1.445527382917999835e-02
8.096096096096096062e+01 1.032252252252252447e+02 1.907484428199999679e-02
8.100100100100100065e+01 8.709189658408411105e+01 1.585250263498000009e-02
8.104104104104104067e+01 9.523113738738742029e+01 1.917799783539999442e-02
8.108108108108108070e+01 8.513513513513514397e+01 1.494088816997999648e-02
8.112112112112112072e+01 9.531731731731736090e+01 1.917799783539999442e-02
8.116116116116116075e+01 8.522318216654156231e+01 1.494088816997999648e-02
8.120120120120120077e+01 9.691807432432433700e+01 1.913162878539999279e-02
8.124124124124124080e+01 8.086141463729353518e+01 1.267479193639999523e-02
8.128128128128128083e+01 9.753356872497502650e+01 1.915394385199999799e-02
8.132132132132132085e+01 8.265947001689188767e+01 1.445473273039999881e-02
8.136136136136136088e+01 9.967164039039040802e+01 1.907159001199999759e-02
8.140140140140140090e+01 9.291206831831830470e+01 1.777641471259999370e-02
8.144144144144144093e+01 1.018018018018017585e+02 1.907602497199999830e-02
8.148148148148148096e+01 9.726851851851853326e+01 1.915340968099999569e-02
8.152152152152152098e+01 1.021566566566566649e+02 1.907602497199999830e-02
8.156156156156156101e+01 7.926764264264264170e+01 1.332165180899999579e-02
8.160160160160160103e+01 9.860724787287294646e+01 1.906639387199999744e-02
8.164164164164164106e+01 9.771284663569824147e+01 1.915394385199999799e-02
8.168168168168168108e+01 8.372372372372372240e+01 1.446942622917999667e-02
8.172172172172172111e+01 9.603100365990988507e+01 1.921010980539999274e-02
8.176176176176176114e+01 8.610535535535535701e+01 1.494597435497999754e-02
8.180180180180180116e+01 9.611911423141897615e+01 1.921010980539999274e-02
8.184184184184184119e+01 8.823573573573577278e+01 1.617465722920000126e-02
8.188188188188188121e+01 8.239364364364365656e+01 1.445174714039999808e-02
8.192192192192192124e+01 8.832207207207207489e+01 1.617465722920000126e-02
8.196196196196196126e+01 9.833634513419667655e+01 1.908962295200000020e-02
8.200200200200200129e+01 8.814414414414414978e+01 1.617465722920000126e-02
8.204204204204204132e+01 9.691216216216218982e+01 1.913164648099999546e-02
8.208208208208208134e+01 8.283556994494495029e+01 1.445473273039999881e-02
8.212212212212212137e+01 9.700274688751255781e+01 1.913164648099999546e-02
8.216216216216216139e+01 8.318517736486487024e+01 1.445527382917999835e-02
8.220220220220220142e+01 8.682607607607607747e+01 1.585250263498000009e-02
8.224224224224224145e+01 8.224224224224224145e+01 1.372168325969999776e-02
8.228228228228228147e+01 8.434436145129504325e+01 1.446966162137999605e-02
8.232232232232232150e+01 8.495719938688689865e+01 1.494088816997999648e-02
8.236236236236236152e+01 8.673786286286286895e+01 1.584755463498000241e-02
8.240240240240240155e+01 9.161634290540541770e+01 1.748065719419999650e-02
8.244244244244244157e+01 1.007383848692442996e+02 1.907602497199999830e-02
8.248248248248248160e+01 9.691288945195196902e+01 1.913164648099999546e-02
8.252252252252252163e+01 8.718053209459458230e+01 1.585250263498000009e-02
8.256256256256256165e+01 9.081478744369368883e+01 1.748168304819999394e-02
8.260260260260260168e+01 8.698683253566068174e+01 1.536323066297999758e-02
8.264264264264264170e+01 9.090287162162164236e+01 1.748168304819999394e-02
8.268268268268268173e+01 8.709134916166166818e+01 1.585250263498000009e-02
8.272272272272272176e+01 1.034034034034034448e+02 1.907491954399999703e-02
8.276276276276276178e+01 8.689888032563814591e+01 1.521898734297999836e-02
8.280280280280280181e+01 9.753587962962961910e+01 1.915340968099999569e-02
8.284284284284284183e+01 8.672610110110109360e+01 1.494701039297999766e-02
8.288288288288288186e+01 9.531531531531533119e+01 1.917799783539999442e-02
8.292292292292292188e+01 8.292292292292292188e+01 1.445473273039999881e-02
8.296296296296296191e+01 9.540740740740744741e+01 1.917799783539999442e-02
8.300300300300300194e+01 9.389714714714715171e+01 1.868367919859999227e-02
8.304304304304304196e+01 8.301060435435435636e+01 1.445473273039999881e-02
8.308308308308308199e+01 9.424737237237238219e+01 1.878923819859999386e-02
8.312312312312312201e+01 9.922822822822820399e+01 1.906396294599999736e-02
8.316316316316316204e+01 9.354231575325326276e+01 1.868367919859999227e-02
8.320320320320320207e+01 9.958383383383383602e+01 1.907159001199999759e-02
8.324324324324324209e+01 9.469731841216217560e+01 1.907243883539999282e-02
8.328328328328328212e+01 9.993993993993997549e+01 1.907361377999999830e-02
8.332332332332332214e+01 9.478028028028026597e+01 1.878851083539999356e-02
8.336336336336336217e+01 1.042042042042041885e+02 1.907482719829999701e-02
8.340340340340340219e+01 9.798270927177181022e+01 1.908962295200000020e-02
8.344344344344344222e+01 9.674224224224225566e+01 1.920860828539999385e-02
8.348348348348348225e+01 9.913459846565324085e+01 1.906588612599999580e-02
8.352352352352352227e+01 9.291176332582583086e+01 1.777641471259999370e-02
8.356356356356356230e+01 8.486924424424422853e+01 1.494088816997999648e-02
8.360360360360360232e+01 9.300900900900902002e+01 1.868496783059999181e-02
8.364364364364364235e+01 1.042931681681681368e+02 1.907482719829999701e-02
8.368368368368368237e+01 8.734484484484482891e+01 1.617862271298000157e-02
8.372372372372372240e+01 8.372372372372372240e+01 1.446942622917999667e-02
8.376376376376376243e+01 8.716615541322572369e+01 1.617862271298000157e-02
8.380380380380380245e+01 8.354191691691690380e+01 1.445527382917999835e-02
8.384384384384384248e+01 8.700436373873871787e+01 1.585250263498000009e-02
8.388388388388388250e+01 8.938876376376376243e+01 1.708459280819999565e-02
8.392392392392392253e+01 8.680880880880880568e+01 1.521898734297999836e-02
8.396396396396396256e+01 8.921171171171170045e+01 1.708459280819999565e-02
8.400400400400400258e+01 8.610410410410409554e+01 1.494597435497999754e-02
8.404404404404404261e+01 8.903415915915915946e+01 1.708557442419999725e-02
8.408408408408408263e+01 9.406906906906905874e+01 1.878923819859999386e-02
8.412412412412412266e+01 9.036360383821322273e+01 1.709454670819999383e-02
8.416416416416416268e+01 8.469019019019017946e+01 1.492650037777999879e-02
8.420420420420420271e+01 8.841441441441442350e+01 1.617465722920000126e-02
8.424424424424424274e+01 9.424824824824827374e+01 1.878923819859999386e-02
8.428428428428428276e+01 8.849849849849850614e+01 1.617465722920000126e-02
8.432432432432432279e+01 9.433783783783786703e+01 1.878923819859999386e-02
8.436436436436436281e+01 8.805530530530531053e+01 1.617465722920000126e-02
8.440440440440440284e+01 1.031357529404404545e+02 1.907484428199999679e-02
8.444444444444444287e+01 8.761111111111111427e+01 1.617862271298000157e-02
8.448448448448448289e+01 9.505329548298298903e+01 1.917799783539999442e-02
8.452452452452452292e+01 8.247744619619618334e+01 1.445174714039999808e-02
8.456456456456456294e+01 1.046486486486486740e+02 1.907482719829999701e-02
8.460460460460460297e+01 8.566216216216216139e+01 1.494597435497999754e-02
8.464464464464464299e+01 1.060703203203203913e+02 1.907482719829999701e-02
8.468468468468468302e+01 9.851210585585587864e+01 1.908911520599999856e-02
8.472472472472472305e+01 9.531531531531531698e+01 1.917799783539999442e-02
8.476476476476476307e+01 9.152773476601598190e+01 1.748065719419999650e-02
8.480480480480480310e+01 9.540540540540538927e+01 1.917799783539999442e-02
8.484484484484484312e+01 9.107978095282783215e+01 1.748168304819999394e-02
8.488488488488488315e+01 9.549549549549548999e+01 1.917799783539999442e-02
8.492492492492492318e+01 1.040237029021208457e+02 1.907482719829999701e-02
8.496496496496496320e+01 9.027527527527527695e+01 1.709454670819999383e-02
8.500500500500500323e+01 8.938807557557558425e+01 1.708459280819999565e-02
8.504504504504504325e+01 9.620720720720723307e+01 1.921010980539999274e-02
8.508508508508508328e+01 9.264843456737989413e+01 1.777667749059999233e-02
8.512512512512512330e+01 9.629779779779779858e+01 1.921010980539999274e-02
8.516516516516516333e+01 8.522338353978980763e+01 1.494088816997999648e-02
8.520520520520520336e+01 1.022462462462463009e+02 1.907602497199999830e-02
8.524524524524524338e+01 8.743256831049801292e+01 1.617862271298000157e-02
8.528528528528528341e+01 1.023381780217717676e+02 1.907602497199999830e-02
8.532532532532532343e+01 8.859272700434810588e+01 1.708529822919999802e-02
8.536536536536536346e+01 9.611940065065066108e+01 1.921010980539999274e-02
8.540540540540540349e+01 8.647297297297296836e+01 1.536624663497999747e-02
8.544544544544544351e+01 9.985184794169168754e+01 1.907361377999999830e-02
8.548548548548548354e+01 8.762262262262262880e+01 1.585353867298000194e-02
8.552552552552552356e+01 9.860074136636639253e+01 1.908911520599999856e-02
8.556556556556556359e+01 9.178870569788536216e+01 1.748160330119999384e-02
8.560560560560560361e+01 8.566412506256256165e+01 1.494597435497999754e-02
8.564564564564564364e+01 8.885735735735735830e+01 1.708529822919999802e-02
8.568568568568568367e+01 9.371871871871871917e+01 1.868367919859999227e-02
8.572572572572572369e+01 9.081569069069067268e+01 1.748168304819999394e-02
8.576576576576576372e+01 9.647601703265763717e+01 1.921010980539999274e-02
8.580580580580580374e+01 9.116866866866868691e+01 1.748168304819999394e-02
8.584584584584584377e+01 8.610573073073072692e+01 1.494597435497999754e-02
8.588588588588588379e+01 9.202538475975975985e+01 1.777667749059999233e-02
8.592592592592592382e+01 8.592592592592592382e+01 1.494597435497999754e-02
8.596596596596596385e+01 9.214476976976978051e+01 1.748160330119999384e-02
8.600600600600600387e+01 9.647538945195196902e+01 1.921010980539999274e-02
8.604604604604604390e+01 9.197011464589590446e+01 1.748160330119999384e-02
8.608608608608608392e+01 9.629619854229230214e+01 1.921010980539999274e-02
8.612612612612612395e+01 8.451126126126123950e+01 1.492650037777999879e-02
8.616616616616616398e+01 9.638577640140141511e+01 1.921010980539999274e-02
8.620620620620620400e+01 8.566320813000501744e+01 1.494597435497999754e-02
8.624624624624624403e+01 9.656484316347598451e+01 1.921010980539999274e-02
8.628628628628628405e+01 8.628628628628628405e+01 1.494597435497999754e-02
8.632632632632632408e+01 9.549849849849849193e+01 1.917799783539999442e-02
8.636636636636636410e+01 9.851163663663666625e+01 1.908911520599999856e-02
8.640640640640640413e+01 9.558708708708708457e+01 1.917799783539999442e-02
8.644644644644644416e+01 9.860719899587084569e+01 1.906639387199999744e-02
8.648648648648648418e+01 9.567567567567567721e+01 1.917799783539999442e-02
8.652652652652652421e+01 9.842392392392392253e+01 1.908911520599999856e-02
8.656656656656656423e+01 9.576426426426425564e+01 1.917799783539999442e-02
8.660660660660660426e+01 9.851924385322823241e+01 1.906639387199999744e-02
8.664664664664664429e+01 9.585391055117618464e+01 1.921010980539999274e-02
8.668668668668668431e+01 8.912474974974975339e+01 1.708459280819999565e-02
8.672672672672672434e+01 9.594250011730483152e+01 1.921010980539999274e-02
8.676676676676676436e+01 8.947610989896145384e+01 1.709454670819999383e-02
8.680680680680680439e+01 9.603108968343344998e+01 1.921010980539999274e-02
8.684684684684684441e+01 1.034020270270270885e+02 1.907491954399999703e-02
8.688688688688688444e+01 9.611861861861862621e+01 1.921010980539999274e-02
8.692692692692692447e+01 9.371809309309311686e+01 1.868367919859999227e-02
8.696696696696696449e+01 9.620720720720720465e+01 1.921010980539999274e-02
8.700700700700700452e+01 9.380442942942940476e+01 1.868367919859999227e-02
8.704704704704704454e+01 9.629579579579581150e+01 1.921010980539999274e-02
8.708708708708708457e+01 9.415866061373876050e+01 1.878923819859999386e-02
8.712712712712712460e+01 1.004727227227227218e+02 1.907499411399999831e-02
8.716716716716716462e+01 9.152552552552552356e+01 1.748065719419999650e-02
8.720720720720720465e+01 1.046486486486486740e+02 1.907482719829999701e-02
8.724724724724724467e+01 9.160960960960960620e+01 1.748160330119999384e-02
8.728728728728728470e+01 8.292292292292292188e+01 1.445473273039999881e-02
8.732732732732732472e+01 9.196659159159159458e+01 1.748160330119999384e-02
8.736736736736736475e+01 9.009759759759758424e+01 1.709454670819999383e-02
8.740740740740740478e+01 9.228993055555557135e+01 1.777667749059999233e-02
8.744744744744744480e+01 8.744744744744744480e+01 1.585353867298000194e-02
8.748748748748748483e+01 9.241506643362110651e+01 1.751298790799999186e-02
8.752752752752752485e+01 8.780105105105104712e+01 1.585353867298000194e-02
8.756756756756756488e+01 9.851778927364867400e+01 1.906639387199999744e-02
8.760760760760760490e+01 8.814659972472472305e+01 1.617465722920000126e-02
8.764764764764764493e+01 8.956493993993993286e+01 1.709454670819999383e-02
8.768768768768768496e+01 1.002927927927928238e+02 1.907361377999999830e-02
8.772772772772772498e+01 9.211411411411411621e+01 1.777667749059999233e-02
8.776776776776776501e+01 9.708880755755757264e+01 1.915340968099999569e-02
8.780780780780780503e+01 9.878378378378377533e+01 1.906588612599999580e-02
8.784784784784784506e+01 9.415762246621622467e+01 1.878923819859999386e-02
8.788788788788788509e+01 8.787930508633633053e+01 1.617465722920000126e-02
8.792792792792792511e+01 9.424774774774775210e+01 1.878923819859999386e-02
8.796796796796796514e+01 8.796796796796796514e+01 1.617465722920000126e-02
8.800800800800800516e+01 9.433358358358358942e+01 1.878923819859999386e-02
8.804804804804804519e+01 8.832319819819818463e+01 1.617465722920000126e-02
8.808808808808808521e+01 9.469899587087087411e+01 1.907243883539999282e-02
8.812812812812812524e+01 1.016270508790039742e+02 1.907602497199999830e-02
8.816816816816816527e+01 9.478078078078077340e+01 1.878851083539999356e-02
8.820820820820820529e+01 1.017150900900901433e+02 1.907602497199999830e-02
8.824824824824824532e+01 9.514264264264264170e+01 1.917799783539999442e-02
8.828828828828828534e+01 8.939189189189190188e+01 1.708459280819999565e-02
8.832832832832832537e+01 9.522897897897898645e+01 1.917799783539999442e-02
8.836836836836836540e+01 1.016236236236236152e+02 1.907602497199999830e-02
8.840840840840840542e+01 9.780072259759761266e+01 1.915394385199999799e-02
8.844844844844844545e+01 1.017157157157157314e+02 1.907602497199999830e-02
8.848848848848848547e+01 9.788931020864615107e+01 1.915394385199999799e-02
8.852852852852852550e+01 9.931848327820009104e+01 1.907159001199999759e-02
8.856856856856856552e+01 9.797897897897898645e+01 1.908962295200000020e-02
8.860860860860860555e+01 9.940778278278278890e+01 1.907159001199999759e-02
8.864864864864864558e+01 9.585135135135135442e+01 1.917799783539999442e-02
8.868868868868868560e+01 1.017148398398398115e+02 1.907602497199999830e-02
8.872872872872872563e+01 9.815615615615615752e+01 1.908962295200000020e-02
8.876876876876876565e+01 9.709084084084082633e+01 1.913164648099999546e-02
8.880880880880880568e+01 9.824908111236234731e+01 1.908962295200000020e-02
8.884884884884884571e+01 9.717842842842841833e+01 1.915340968099999569e-02
8.888888888888888573e+01 9.895833333333331439e+01 1.906588612599999580e-02
8.892892892892892576e+01 9.788912643111862621e+01 1.915394385199999799e-02
8.896896896896896578e+01 8.451183214464464299e+01 1.492650037777999879e-02
8.900900900900900581e+01 9.797944819819822726e+01 1.908962295200000020e-02
8.904904904904904583e+01 9.291016016016016010e+01 1.777641471259999370e-02
8.908908908908908586e+01 9.771306951482735315e+01 1.915394385199999799e-02
8.912912912912912589e+01 8.912477712087087411e+01 1.708459280819999565e-02
8.916916916916916591e+01 9.780090148742495160e+01 1.915394385199999799e-02
8.920920920920920594e+01 9.143943943943943964e+01 1.748065719419999650e-02
8.924924924924924596e+01 9.594294294294294900e+01 1.921010980539999274e-02
8.928928928928928599e+01 9.152152152152152098e+01 1.748065719419999650e-02
8.932932932932932601e+01 9.603120992085837315e+01 1.921010980539999274e-02
8.936936936936936604e+01 9.184797297297296836e+01 1.777667749059999233e-02
8.940940940940940607e+01 8.718290556181180762e+01 1.585250263498000009e-02
8.944944944944944609e+01 9.531956956956958038e+01 1.917799783539999442e-02
8.948948948948948612e+01 8.718233858858857843e+01 1.585250263498000009e-02
8.952952952952952614e+01 9.540490490490489606e+01 1.917799783539999442e-02
8.956956956956956617e+01 8.956519605543041962e+01 1.709454670819999383e-02
8.960960960960960620e+01 9.381006006006005293e+01 1.868367919859999227e-02
8.964964964964964622e+01 8.992104995620620400e+01 1.709454670819999383e-02
8.968968968968968625e+01 9.451138638638636280e+01 1.878923819859999386e-02
8.972972972972972627e+01 9.309897592905403485e+01 1.868496783059999181e-02
8.976976976976976630e+01 9.424730003440939186e+01 1.878923819859999386e-02
8.980980980980980632e+01 9.682620120120122920e+01 1.913162878539999279e-02
8.984984984984984635e+01 9.433356794294294900e+01 1.878923819859999386e-02
8.988988988988988638e+01 9.851896818693694513e+01 1.906639387199999744e-02
8.992992992992992640e+01 9.442203531656656423e+01 1.878923819859999386e-02
8.996996996996996643e+01 9.869459694069071531e+01 1.906588612599999580e-02
9.001001001001000645e+01 9.683108108108109491e+01 1.913162878539999279e-02
9.005005005005004648e+01 9.878244259884884571e+01 1.906588612599999580e-02
9.009009009009008651e+01 9.691283079954956747e+01 1.913164648099999546e-02
9.013013013013012653e+01 9.887028825700701873e+01 1.906588612599999580e-02
9.017017017017016656e+01 9.665335257132133506e+01 1.920860828539999385e-02
9.021021021021020658e+01 9.895813391516516333e+01 1.906588612599999580e-02
9.025025025025024661e+01 1.018047500625625617e+02 1.907602497199999830e-02
9.029029029029028663e+01 9.904597957332330793e+01 1.906588612599999580e-02
9.033033033033032666e+01 1.018950825825825746e+02 1.907602497199999830e-02
9.037037037037036669e+01 9.940740740740740478e+01 1.907159001199999759e-02
9.041041041041040671e+01 9.380962994244242736e+01 1.868367919859999227e-02
9.045045045045044674e+01 9.949549549549548999e+01 1.907159001199999759e-02
9.049049049049048676e+01 1.018018018018017870e+02 1.907602497199999830e-02
9.053053053053052679e+01 9.958358358358357521e+01 1.907159001199999759e-02
9.057057057057056682e+01 1.018918918918919019e+02 1.907602497199999830e-02
9.061061061061060684e+01 9.514114114114114784e+01 1.917799783539999442e-02
9.065065065065064687e+01 8.753453453453451516e+01 1.585353867298000194e-02
9.069069069069068689e+01 9.975975975975977406e+01 1.907159001199999759e-02
9.073073073073072692e+01 9.299899899899899935e+01 1.777641471259999370e-02
9.077077077077076694e+01 9.984784784784785927e+01 1.907159001199999759e-02
9.081081081081080697e+01 9.081524493243243512e+01 1.748168304819999394e-02
9.085085085085084700e+01 9.994037201263765269e+01 1.907361377999999830e-02
9.089089089089088702e+01 9.202702702702703164e+01 1.777667749059999233e-02
9.093093093093092705e+01 1.000284640108858980e+02 1.907361377999999830e-02
9.097097097097096707e+01 9.780045670670672564e+01 1.915394385199999799e-02
9.101101101101100710e+01 1.001165560091341433e+02 1.907361377999999830e-02
9.105105105105104712e+01 9.674229747325451001e+01 1.920860828539999385e-02
9.109109109109108715e+01 9.223389954896302356e+01 1.748160330119999384e-02
9.113113113113112718e+01 9.682682682682681730e+01 1.913162878539999279e-02
9.117117117117116720e+01 9.345045045045044674e+01 1.868470505259999317e-02
9.121121121121120723e+01 9.691636558433435766e+01 1.913162878539999279e-02
9.125125125125124725e+01 9.354144378753753131e+01 1.868367919859999227e-02
9.129129129129128728e+01 9.700145457957955841e+01 1.913164648099999546e-02
9.133133133133132731e+01 9.247297297297296836e+01 1.777667749059999233e-02
9.137137137137136733e+01 9.594217068631130019e+01 1.921010980539999274e-02
9.141141141141140736e+01 8.912389440221470238e+01 1.708459280819999565e-02
9.145145145145144738e+01 9.603072212837838606e+01 1.921010980539999274e-02
9.149149149149148741e+01 9.806744244244245579e+01 1.908962295200000020e-02
9.153153153153152743e+01 9.496284663569821305e+01 1.917799783539999442e-02
9.157157157157156746e+01 9.958408408408408263e+01 1.907159001199999759e-02
9.161161161161160749e+01 9.505152027027025952e+01 1.917799783539999442e-02
9.165165165165164751e+01 9.967117117117118141e+01 1.907159001199999759e-02
9.169169169169168754e+01 9.398398398398398967e+01 1.868367919859999227e-02
9.173173173173172756e+01 9.975825825825825177e+01 1.907159001199999759e-02
9.177177177177176759e+01 9.407502815315315559e+01 1.868367919859999227e-02
9.181181181181180762e+01 9.611997348911410199e+01 1.921010980539999274e-02
9.185185185185184764e+01 9.300896990740740478e+01 1.868496783059999181e-02
9.189189189189188767e+01 9.878378378378380376e+01 1.906588612599999580e-02
9.193193193193192769e+01 9.229104104104104067e+01 1.777667749059999233e-02
9.197197197197196772e+01 9.886986986986985926e+01 1.906588612599999580e-02
9.201201201201200774e+01 9.143244416291290122e+01 1.748168304819999394e-02
9.205205205205204777e+01 9.780081057620120077e+01 1.915394385199999799e-02
9.209209209209208780e+01 9.037435873373371464e+01 1.747172914819999576e-02
9.213213213213212782e+01 9.558708708708708457e+01 1.917799783539999442e-02
9.217217217217216785e+01 8.309672367680181537e+01 1.445527382917999835e-02
9.221221221221220787e+01 9.567017017017016656e+01 1.917799783539999442e-02
9.225225225225224790e+01 1.008288288288288470e+02 1.907602497199999830e-02
9.229229229229228793e+01 9.459959959959959974e+01 1.878923819859999386e-02
9.233233233233232795e+01 9.294773093405905229e+01 1.751298790799999186e-02
9.237237237237236798e+01 9.691882507507509104e+01 1.913162878539999279e-02
9.241241241241240800e+01 9.255680680680680439e+01 1.777667749059999233e-02
9.245245245245244803e+01 9.931867218781282247e+01 1.907159001199999759e-02
9.249249249249248805e+01 9.451124953078078761e+01 1.878923819859999386e-02
9.253253253253252808e+01 9.976163663663663783e+01 1.907159001199999759e-02
9.257257257257256811e+01 9.611862643893894642e+01 1.921010980539999274e-02
9.261261261261260813e+01 9.984797297297296836e+01 1.907159001199999759e-02
9.265265265265264816e+01 9.851809035598097353e+01 1.906639387199999744e-02
9.269269269269268818e+01 9.037537537537536991e+01 1.747172914819999576e-02
9.273273273273272821e+01 9.505105105105104712e+01 1.917799783539999442e-02
9.277277277277276823e+01 9.161311311311311556e+01 1.748065719419999650e-02
9.281281281281280826e+01 9.984628378378377533e+01 1.907159001199999759e-02
9.285285285285284829e+01 9.255815385698198838e+01 1.777667749059999233e-02
9.289289289289288831e+01 9.753526964464464299e+01 1.915340968099999569e-02
9.293293293293292834e+01 9.380417917917917237e+01 1.868367919859999227e-02
9.297297297297296836e+01 9.878378378378377533e+01 1.906588612599999580e-02
9.301301301301300839e+01 9.505221432369867784e+01 1.917799783539999442e-02
9.305305305305304842e+01 9.886886886886887282e+01 1.906588612599999580e-02
9.309309309309308844e+01 9.513859562687686378e+01 1.917799783539999442e-02
9.313313313313312847e+01 1.001181181181181330e+02 1.907361377999999830e-02
9.317317317317316849e+01 9.674223344438186700e+01 1.920860828539999385e-02
9.321321321321320852e+01 1.002042042042042169e+02 1.907361377999999830e-02
9.325325325325324854e+01 9.558458458458457585e+01 1.917799783539999442e-02
9.329329329329328857e+01 1.002902902902903008e+02 1.907361377999999830e-02
9.333333333333332860e+01 9.807291666666667140e+01 1.908962295200000020e-02
9.337337337337336862e+01 9.424646912537536991e+01 1.878923819859999386e-02
9.341341341341340865e+01 9.691641641641641058e+01 1.913162878539999279e-02
9.345345345345344867e+01 9.345345345345344867e+01 1.868367919859999227e-02
9.349349349349348870e+01 9.726769982873496190e+01 1.915340968099999569e-02
9.353353353353352873e+01 9.478719344344344222e+01 1.907243883539999282e-02
9.357357357357356875e+01 9.824768323010511040e+01 1.908962295200000020e-02
9.361361361361360878e+01 9.009853212587589155e+01 1.709454670819999383e-02
9.365365365365364880e+01 9.833633633633633053e+01 1.908962295200000020e-02
9.369369369369368883e+01 9.487401463963962556e+01 1.917799783539999442e-02
9.373373373373372885e+01 9.842499726288787087e+01 1.908911520599999856e-02
9.377377377377376888e+01 9.612040751689187346e+01 1.921010980539999274e-02
9.381381381381380891e+01 9.887096471471474501e+01 1.906588612599999580e-02
9.385385385385384893e+01 1.019835773273273389e+02 1.907602497199999830e-02
9.389389389389388896e+01 9.389389389389388896e+01 1.868367919859999227e-02
9.393393393393392898e+01 1.080245973512574977e+02 1.843928284729999881e-02
9.397397397397396901e+01 9.985193592029530407e+01 1.907361377999999830e-02
9.401401401401400904e+01 9.753494901151150032e+01 1.915340968099999569e-02
9.405405405405404906e+01 9.522972972972974048e+01 1.917799783539999442e-02
9.409409409409408909e+01 9.762262262262262880e+01 1.915394385199999799e-02
9.413413413413412911e+01 1.012677364864865126e+02 1.907602497199999830e-02
9.417417417417416914e+01 9.895645645645646482e+01 1.906588612599999580e-02
9.421421421421420916e+01 1.012710796734234293e+02 1.907602497199999830e-02
9.425425425425424919e+01 9.424735086649147320e+01 1.878923819859999386e-02
9.429429429429428922e+01 8.486486486486487024e+01 1.492650037777999879e-02
9.433433433433432924e+01 9.904644488238237443e+01 1.906588612599999580e-02
9.437437437437436927e+01 8.965565565565565009e+01 1.709454670819999383e-02
9.441441441441440929e+01 9.913513513513512976e+01 1.906588612599999580e-02
9.445445445445444932e+01 9.807028903903903938e+01 1.908962295200000020e-02
9.449449449449448935e+01 1.039439439439439354e+02 1.892686159399999818e-02
9.453453453453452937e+01 9.460377369557053839e+01 1.878851083539999356e-02
9.457457457457456940e+01 1.040320320320320207e+02 1.892686159399999818e-02
9.461461461461460942e+01 9.469777199074073337e+01 1.907243883539999282e-02
9.465465465465464945e+01 1.041131874061561575e+02 1.907482719829999701e-02
9.469469469469468947e+01 9.469931845908408263e+01 1.907243883539999282e-02
9.473473473473472950e+01 1.042035824887387463e+02 1.907482719829999701e-02
9.477477477477476953e+01 9.682946227477475531e+01 1.913162878539999279e-02
9.481481481481480955e+01 1.042916666666666714e+02 1.907482719829999701e-02
9.485485485485484958e+01 9.967170295295295546e+01 1.907159001199999759e-02
9.489489489489488960e+01 9.726726726726727179e+01 1.915340968099999569e-02
9.493493493493492963e+01 9.967241069194194836e+01 1.907159001199999759e-02
9.497497497497496965e+01 9.682995495495495675e+01 1.913162878539999279e-02
9.501501501501500968e+01 9.985159475882133506e+01 1.907361377999999830e-02
9.505505505505504971e+01 9.513859953703703809e+01 1.917799783539999442e-02
9.509509509509508973e+01 9.985101067864739832e+01 1.907361377999999830e-02
9.513513513513512976e+01 9.513978040540540349e+01 1.917799783539999442e-02
9.517517517517516978e+01 9.993393393393392898e+01 1.907159001199999759e-02
9.521521521521520981e+01 9.700050050050049322e+01 1.913164648099999546e-02
9.525525525525524984e+01 1.000273202890390394e+02 1.907361377999999830e-02
9.529529529529528986e+01 9.291291291291290122e+01 1.777641471259999370e-02
9.533533533533532989e+01 9.771173615021271530e+01 1.915394385199999799e-02
9.537537537537536991e+01 1.049129129129129012e+02 1.907482719829999701e-02
9.541541541541540994e+01 9.780080080080080052e+01 1.915394385199999799e-02
9.545545545545544996e+01 1.026052927927927954e+02 1.907602497199999830e-02
9.549549549549548999e+01 9.549549549549548999e+01 1.917799783539999442e-02
9.553553553553553002e+01 1.026913710585585591e+02 1.907602497199999830e-02
9.557557557557557004e+01 9.318618618618617688e+01 1.868470505259999317e-02
9.561561561561561007e+01 1.004710960960960904e+02 1.907499411399999831e-02
9.565565565565565009e+01 9.931864139530154034e+01 1.907159001199999759e-02
9.569569569569569012e+01 9.815817770895894512e+01 1.908962295200000020e-02
9.573573573573573015e+01 9.985171792886637832e+01 1.907361377999999830e-02
9.577577577577577017e+01 1.029601280968468586e+02 1.907602497199999830e-02
9.581581581581581020e+01 1.018043043043043099e+02 1.907602497199999830e-02
9.585585585585585022e+01 1.006509888795044958e+02 1.907602497199999830e-02
9.589589589589589025e+01 1.150750750750750342e+02 1.426198001999999521e-02
9.593593593593593027e+01 9.594296249374372110e+01 1.921010980539999274e-02
9.597597597597597030e+01 8.885744533596096062e+01 1.708529822919999802e-02
9.601601601601601033e+01 9.833671562187186055e+01 1.908962295200000020e-02
9.605605605605606456e+01 9.424562453078078761e+01 1.878923819859999386e-02
9.609609609609609038e+01 9.886918168168169530e+01 1.906588612599999580e-02
9.613613613613614461e+01 9.673698698698700582e+01 1.913162878539999279e-02
9.617617617617617043e+01 1.027835921859359445e+02 1.907602497199999830e-02
9.621621621621622467e+01 9.922297297297298257e+01 1.906588612599999580e-02
9.625625625625625048e+01 1.058019816691691801e+02 1.907482719829999701e-02
9.629629629629630472e+01 9.629629629629630472e+01 1.921010980539999274e-02
9.633633633633633053e+01 1.029606354401276178e+02 1.907602497199999830e-02
9.637637637637638477e+01 9.878107990803304972e+01 1.906588612599999580e-02
9.641641641641641058e+01 1.029603040540540633e+02 1.907602497199999830e-02
9.645645645645646482e+01 9.886786786786788639e+01 1.906588612599999580e-02
9.649649649649649064e+01 1.030458192567567863e+02 1.907484428199999679e-02
9.653653653653654487e+01 9.886981708270771207e+01 1.906588612599999580e-02
9.657657657657657069e+01 9.717782235360360232e+01 1.915340968099999569e-02
9.661661661661662492e+01 1.014474474474474590e+02 1.907602497199999830e-02
9.665665665665665074e+01 9.717816840277777146e+01 1.915340968099999569e-02
9.669669669669670498e+01 1.010027214714714887e+02 1.907602497199999830e-02
9.673673673673673079e+01 9.673673673673673079e+01 1.913162878539999279e-02
9.677677677677678503e+01 1.016250664727227218e+02 1.907602497199999830e-02
9.681681681681681084e+01 9.674236052458707036e+01 1.920860828539999385e-02
9.685685685685686508e+01 1.041211211211211207e+02 1.892686159399999818e-02
9.689689689689689089e+01 9.985158987112109230e+01 1.907361377999999830e-02
9.693693693693694513e+01 9.691327069256756488e+01 1.913164648099999546e-02
9.697697697697697095e+01 9.940613660535535701e+01 1.907159001199999759e-02
9.701701701701702518e+01 9.762337337337338283e+01 1.915394385199999799e-02
9.705705705705705100e+01 9.940765765765766560e+01 1.907159001199999759e-02
9.709709709709710523e+01 9.709235602790290898e+01 1.913164648099999546e-02
9.713713713713713105e+01 1.020698823823823886e+02 1.907602497199999830e-02
9.717717717717718529e+01 9.700161294106607102e+01 1.913164648099999546e-02
9.721721721721721110e+01 1.020685842092092059e+02 1.907602497199999830e-02
9.725725725725726534e+01 9.664939939939941382e+01 1.913162878539999279e-02
9.729729729729729115e+01 1.026942567567567437e+02 1.907602497199999830e-02
9.733733733733734539e+01 1.003838819288038025e+02 1.907499411399999831e-02
9.737737737737737120e+01 1.022462462462462440e+02 1.907602497199999830e-02
9.741741741741742544e+01 9.922377797719596515e+01 1.906588612599999580e-02
9.745745745745745126e+01 1.023350889952452576e+02 1.907602497199999830e-02
9.749749749749750549e+01 1.042111618454392357e+02 1.892686159399999818e-02
9.753753753753753131e+01 9.753515624999998579e+01 1.915340968099999569e-02
9.757757757757758554e+01 1.036714116460210278e+02 1.907491954399999703e-02
9.761761761761761136e+01 9.700274102227226081e+01 1.913164648099999546e-02
9.765765765765766560e+01 8.850225225225229053e+01 1.617465722920000126e-02
9.769769769769769141e+01 9.691296765515514267e+01 1.913164648099999546e-02
9.773773773773774565e+01 9.407257257257258232e+01 1.868367919859999227e-02
9.777777777777777146e+01 1.013585069444444713e+02 1.907602497199999830e-02
9.781781781781782570e+01 9.842440291854354939e+01 1.908911520599999856e-02
9.785785785785785151e+01 1.009159159159159174e+02 1.907602497199999830e-02
9.789789789789790575e+01 9.833647856841217560e+01 1.908962295200000020e-02
9.793793793793793157e+01 1.010176270020020013e+02 1.892796702199999945e-02
9.797797797797798580e+01 9.797797797797798580e+01 1.908962295200000020e-02
9.801801801801801162e+01 9.433755630630628275e+01 1.878923819859999386e-02
9.805805805805806585e+01 1.029609609609609748e+02 1.907602497199999830e-02
9.809809809809809167e+01 9.993983241053553002e+01 1.907361377999999830e-02
9.813813813813814591e+01 1.029611867727102350e+02 1.907602497199999830e-02
9.817817817817817172e+01 9.940780233358358942e+01 1.907159001199999759e-02
9.821821821821822596e+01 1.025152652652652705e+02 1.907602497199999830e-02
9.825825825825825177e+01 9.886757460585585022e+01 1.906588612599999580e-02
9.829829829829830601e+01 1.025124538601101278e+02 1.907602497199999830e-02
9.833833833833833182e+01 9.833593750000000000e+01 1.908962295200000020e-02
9.837837837837838606e+01 1.009146959459459509e+02 1.907602497199999830e-02
9.841841841841841187e+01 9.611894511699199484e+01 1.921010980539999274e-02
9.845845845845846611e+01 9.291055508633633053e+01 1.777641471259999370e-02
9.849849849849849193e+01 9.726726726726725758e+01 1.915340968099999569e-02
9.853853853853854616e+01 1.010020020020020155e+02 1.907602497199999830e-02
9.857857857857857198e+01 9.549799799799798450e+01 1.917799783539999442e-02
9.861861861861862621e+01 9.985135135135135442e+01 1.907361377999999830e-02
9.865865865865865203e+01 1.048248248248248160e+02 1.907482719829999701e-02
9.869869869869870627e+01 9.931797520176428407e+01 1.907159001199999759e-02
9.873873873873873208e+01 1.042927927927927954e+02 1.907482719829999701e-02
9.877877877877878632e+01 9.815658822885384893e+01 1.908962295200000020e-02
9.881881881881881213e+01 1.037597597597597598e+02 1.907491954399999703e-02
9.885885885885886637e+01 9.762312312312312201e+01 1.915394385199999799e-02
9.889889889889889218e+01 1.014486361361361304e+02 1.907602497199999830e-02
9.893893893893894642e+01 9.522872872872872563e+01 1.917799783539999442e-02
9.897897897897897224e+01 1.026906906906906869e+02 1.907602497199999830e-02
9.901901901901902647e+01 9.460957832832833958e+01 1.907243883539999282e-02
9.905905905905905229e+01 1.015355355355355300e+02 1.907602497199999830e-02
9.909909909909910652e+01 1.042040575731981988e+02 1.907482719829999701e-02
9.913913913913913234e+01 9.975875875875874499e+01 1.907159001199999759e-02
9.917917917917918658e+01 1.090970970970971052e+02 1.415164623540000020e-02
9.921921921921921239e+01 9.611861861861861200e+01 1.921010980539999274e-02
9.925925925925926663e+01 9.460042317708334281e+01 1.878923819859999386e-02
9.929929929929929244e+01 9.433433433433432924e+01 1.878923819859999386e-02
9.933933933933934668e+01 9.886883563250751195e+01 1.906588612599999580e-02
9.937937937937937249e+01 9.922288597190939186e+01 1.906588612599999580e-02
9.941941941941942673e+01 1.019825763263263525e+02 1.907602497199999830e-02
9.945945945945945255e+01 1.017128378378378386e+02 1.907602497199999830e-02
9.949949949949950678e+01 1.020695793449699948e+02 1.907602497199999830e-02
9.953953953953953260e+01 1.004727227227227218e+02 1.907499411399999831e-02
9.957957957957958683e+01 1.020690690690690872e+02 1.907602497199999830e-02
9.961961961961961265e+01 1.095815815815815881e+02 1.415164623540000020e-02
9.965965965965966689e+01 1.021608835397898076e+02 1.907602497199999830e-02
9.969969969969969270e+01 9.424737237237235377e+01 1.878923819859999386e-02
9.973973973973974694e+01 9.958389639639639768e+01 1.907159001199999759e-02
9.977977977977977275e+01 9.851304429429430343e+01 1.908911520599999856e-02
9.981981981981982699e+01 1.001171347128378528e+02 1.907361377999999830e-02
9.985985985985985280e+01 9.673923923923923951e+01 1.913162878539999279e-02
9.989989989989990704e+01 1.047363623389014151e+02 1.907482719829999701e-02
9.993993993993993286e+01 9.993993993993993286e+01 1.907361377999999830e-02
9.997997997997998709e+01 1.048252011777402544e+02 1.907482719829999701e-02
1.000200200200200129e+02 1.012702702702702595e+02 1.907602497199999830e-02
1.000600600600600671e+02 9.708952702702703164e+01 1.915340968099999569e-02
1.001001001001000930e+02 1.026026026026026159e+02 1.907602497199999830e-02
1.001401401401401472e+02 9.638488488488488315e+01 1.921010980539999274e-02
1.001801801801801730e+02 1.039369369369369451e+02 1.907462774929999730e-02
1.002202202202202272e+02 9.771226793199450356e+01 1.915394385199999799e-02
1.002602602602602531e+02 1.046466466466466443e+02 1.907482719829999701e-02
1.003003003003003073e+02 9.967342342342342931e+01 1.907159001199999759e-02
1.003403403403403331e+02 1.053573573573573583e+02 1.907482719829999701e-02
1.003803803803803874e+02 1.003828310732607747e+02 1.907499411399999831e-02
1.004204204204204132e+02 1.060690690690690730e+02 1.907482719829999701e-02
1.004604604604604674e+02 1.017162162162162247e+02 1.907602497199999830e-02
1.005005005005004932e+02 1.040239067192192124e+02 1.907482719829999701e-02
1.005405405405405475e+02 1.024256756756756772e+02 1.907602497199999830e-02
1.005805805805805733e+02 9.869469469469467526e+01 1.906588612599999580e-02
1.006206206206206275e+02 9.700211050894645837e+01 1.913164648099999546e-02
1.006606606606606533e+02 9.940731747372372240e+01 1.907159001199999759e-02
1.007007007007007076e+02 9.629504504504504325e+01 1.921010980539999274e-02
1.007407407407407334e+02 9.993894675925920978e+01 1.907361377999999830e-02
1.007807807807807876e+02 1.045600600600600671e+02 1.907482719829999701e-02
1.008208208208208134e+02 9.594223520395392768e+01 1.921010980539999274e-02
1.008608608608608677e+02 9.833687691597850744e+01 1.908962295200000020e-02
1.009009009009008935e+02 9.523015202702700321e+01 1.917799783539999442e-02
1.009409409409409477e+02 1.053595714855480594e+02 1.907482719829999701e-02
1.009809809809809735e+02 9.656306306306305487e+01 1.920860828539999385e-02
1.010210210210210278e+02 1.060696057385510755e+02 1.907482719829999701e-02
1.010610610610610536e+02 9.727127127127124595e+01 1.913164648099999546e-02
1.011011011011011078e+02 1.061586244447572653e+02 1.907482719829999701e-02
1.011411411411411336e+02 1.036696696696696733e+02 1.907491954399999703e-02
1.011811811811811879e+02 1.011811811811811879e+02 1.907602497199999830e-02
1.012212212212212137e+02 1.126061373873874061e+02 1.418997783439999820e-02
1.012612612612612679e+02 9.683108108108109491e+01 1.913162878539999279e-02
1.013013013013012937e+02 1.043878253253253234e+02 1.892656979929999844e-02
1.013413413413413480e+02 1.018163788788788793e+02 1.892796702199999945e-02
1.013813813813813738e+02 9.647567098348346804e+01 1.921010980539999274e-02
1.014214214214214280e+02 9.824704978415917367e+01 1.908962295200000020e-02
1.014614614614614538e+02 1.008273273273273105e+02 1.907602497199999830e-02
1.015015015015015081e+02 9.824532540352853971e+01 1.908962295200000020e-02
1.015415415415415339e+02 9.789239239239236667e+01 1.908962295200000020e-02
1.015815815815815881e+02 9.205830830830831246e+01 1.748160330119999384e-02
1.016216216216216139e+02 1.023361486486486314e+02 1.907602497199999830e-02
1.016616616616616682e+02 1.092862862862862841e+02 1.415164623540000020e-02
1.017017017017016940e+02 1.023373373373373312e+02 1.907602497199999830e-02
1.017417417417417482e+02 9.744454415352852550e+01 1.915340968099999569e-02
1.017817817817817740e+02 1.068696284174799871e+02 1.907482719829999701e-02
1.018218218218218283e+02 9.665366831675423498e+01 1.920860828539999385e-02
1.018618618618618541e+02 1.069586852477477379e+02 1.907482719829999701e-02
1.019019019019019083e+02 1.019815127627627760e+02 1.907602497199999830e-02
1.019419419419419341e+02 1.069581524884259238e+02 1.907482719829999701e-02
1.019819819819819884e+02 1.019819819819819884e+02 1.907602497199999830e-02
1.020220220220220142e+02 1.070471545764514474e+02 1.907482719829999701e-02
1.020620620620620684e+02 9.886763912349849193e+01 1.906588612599999580e-02
1.021021021021020942e+02 1.097597597597597598e+02 1.415164623540000020e-02
1.021421421421421485e+02 9.887040165165166172e+01 1.906588612599999580e-02
1.021821821821821743e+02 9.451103447197198193e+01 1.878923819859999386e-02
1.022222222222222285e+02 9.647471788194445708e+01 1.921010980539999274e-02
1.022622622622622544e+02 1.048263087306055752e+02 1.907482719829999701e-02
1.023023023023023086e+02 1.003841341341341291e+02 1.907499411399999831e-02
1.023423423423423344e+02 1.016277449324324067e+02 1.907602497199999830e-02
1.023823823823823886e+02 9.717827788726226856e+01 1.915340968099999569e-02
1.024224224224224145e+02 9.985185967217216785e+01 1.907361377999999830e-02
1.024624624624624687e+02 1.044686854823574009e+02 1.907482719829999701e-02
1.025025025025024945e+02 9.993993993993993286e+01 1.907361377999999830e-02
1.025425425425425487e+02 1.076690437996590504e+02 1.907333161729999477e-02
1.025825825825825746e+02 1.007393018018018154e+02 1.907602497199999830e-02
1.026226226226226288e+02 1.052708675472347579e+02 1.907482719829999701e-02
1.026626626626626546e+02 9.496296296296294770e+01 1.917799783539999442e-02
1.027027027027027088e+02 1.052702702702702879e+02 1.907482719829999701e-02
1.027427427427427347e+02 9.824774774774772368e+01 1.908962295200000020e-02
1.027827827827827889e+02 1.027827827827827889e+02 1.907602497199999830e-02
1.028228228228228147e+02 1.015375375375375313e+02 1.907602497199999830e-02
1.028628628628628690e+02 1.002912912912912873e+02 1.907361377999999830e-02
1.029029029029028948e+02 1.074030206964777108e+02 1.907431485629999465e-02
1.029429429429429490e+02 9.603149047484984635e+01 1.921010980539999274e-02
1.029829829829829748e+02 1.123962712712712460e+02 1.422364842099999721e-02
1.030230230230230291e+02 1.010913413413413338e+02 1.907602497199999830e-02
1.030630630630630549e+02 9.807094594594592252e+01 1.908962295200000020e-02
1.031031031031031091e+02 1.018948636136136230e+02 1.907602497199999830e-02
1.031431431431431349e+02 9.540740740740739056e+01 1.917799783539999442e-02
1.031831831831831892e+02 1.080243033560904564e+02 1.843928284729999881e-02
1.032232232232232150e+02 9.886849349349348870e+01 1.906588612599999580e-02
1.032632632632632692e+02 9.753537912912912589e+01 1.915340968099999569e-02
1.033033033033032950e+02 1.058026581268768780e+02 1.907482719829999701e-02
1.033433433433433493e+02 1.071379817317317560e+02 1.892676924829999816e-02
1.033833833833833751e+02 1.012733123748748483e+02 1.907602497199999830e-02
1.034234234234234293e+02 9.824720228040540349e+01 1.908962295200000020e-02
1.034634634634634551e+02 1.021600663163163034e+02 1.907602497199999830e-02
1.035035035035035094e+02 1.009159159159159174e+02 1.907602497199999830e-02
1.035435435435435352e+02 9.594209248310806970e+01 1.921010980539999274e-02
1.035835835835835894e+02 1.009155982154028948e+02 1.907602497199999830e-02
1.036236236236236152e+02 1.067809059059059109e+02 1.907482719829999701e-02
1.036636636636636695e+02 1.035826764264264312e+02 1.907491954399999703e-02
1.037037037037036953e+02 9.851851851851850483e+01 1.906639387199999744e-02
1.037437437437437495e+02 1.063360709342154848e+02 1.907482719829999701e-02
1.037837837837837753e+02 1.090032200168919019e+02 1.462029289239999766e-02
1.038238238238238296e+02 1.063357722957332498e+02 1.907482719829999701e-02
1.038638638638638554e+02 1.010948370245245087e+02 1.907602497199999830e-02
1.039039039039039096e+02 9.603120454438816012e+01 1.921010980539999274e-02
1.039439439439439354e+02 1.040238813031781717e+02 1.907482719829999701e-02
1.039839839839839897e+02 1.124301440111987063e+02 1.418997783439999820e-02
1.040240240240240155e+02 1.040240240240240155e+02 1.907482719829999701e-02
1.040640640640640697e+02 9.877956081081082118e+01 1.906588612599999580e-02
1.041041041041040955e+02 1.040329391891891646e+02 1.892686159399999818e-02
1.041441441441441498e+02 1.016269883164414694e+02 1.907602497199999830e-02
1.041841841841841756e+02 9.913521920357857198e+01 1.906588612599999580e-02
1.042242242242242298e+02 1.094328908987112214e+02 1.418997783439999820e-02
1.042642642642642556e+02 9.904596002252250742e+01 1.906588612599999580e-02
1.043043043043043099e+02 1.003839801715778322e+02 1.907499411399999831e-02
1.043443443443443357e+02 1.068688864645895933e+02 1.907482719829999701e-02
1.043843843843843899e+02 1.044710315784534629e+02 1.907482719829999701e-02
1.044244244244244157e+02 1.068693224474474448e+02 1.907482719829999701e-02
1.044644644644644700e+02 9.940701736893143448e+01 1.907159001199999759e-02
1.045045045045044958e+02 1.136486486486486456e+02 1.421832882699999509e-02
1.045445445445445500e+02 9.931859349583959329e+01 1.907159001199999759e-02
1.045845845845845759e+02 1.008260760760760490e+02 1.907602497199999830e-02
1.046246246246246301e+02 9.415705353791290122e+01 1.878923819859999386e-02
1.046646646646646559e+02 1.058912037037036953e+02 1.907482719829999701e-02
1.047047047047047101e+02 1.099399399399399471e+02 1.415164623540000020e-02
1.047447447447447360e+02 9.967117117117115299e+01 1.907159001199999759e-02
1.047847847847847902e+02 1.074044044044044028e+02 1.892144965429999603e-02
1.048248248248248160e+02 1.048248248248248160e+02 1.907482719829999701e-02
1.048648648648648702e+02 1.074013605891047405e+02 1.860025219829999910e-02
1.049049049049048961e+02 9.949574574574575081e+01 1.907159001199999759e-02
1.049449449449449503e+02 1.115040040040040310e+02 1.422364842099999721e-02
1.049849849849849761e+02 9.842342342342340089e+01 1.908911520599999856e-02
1.050250250250250303e+02 9.994043946290040026e+01 1.907361377999999830e-02
1.050650650650650562e+02 9.726726726726724337e+01 1.915340968099999569e-02
1.051051051051051104e+02 9.985113287115240155e+01 1.907361377999999830e-02
1.051451451451451362e+02 1.130207629504504609e+02 1.422313607899999485e-02
1.051851851851851904e+02 1.051800491898148096e+02 1.907482719829999701e-02
1.052252252252252163e+02 9.585424584740985665e+01 1.921010980539999274e-02
1.052652652652652705e+02 1.052704051707957973e+02 1.907482719829999701e-02
1.053053053053052963e+02 1.002045795795795584e+02 1.907361377999999830e-02
1.053453453453453506e+02 1.041134014874249374e+02 1.907482719829999701e-02
1.053853853853853764e+02 1.001161161161161033e+02 1.907361377999999830e-02
1.054254254254254306e+02 1.028721534034034164e+02 1.907602497199999830e-02
1.054654654654654564e+02 9.895626876876875144e+01 1.906588612599999580e-02
1.055055055055055107e+02 9.487381668778151322e+01 1.917799783539999442e-02
1.055455455455455365e+02 1.067811190096346365e+02 1.907482719829999701e-02
1.055855855855855907e+02 1.016261261261261382e+02 1.907602497199999830e-02
1.056256256256256165e+02 1.056256256256256165e+02 1.907482719829999701e-02
1.056656656656656708e+02 1.003849621105480594e+02 1.907499411399999831e-02
1.057057057057057108e+02 1.044747090840840826e+02 1.892676924829999816e-02
1.057457457457457508e+02 9.913405495339088702e+01 1.906588612599999580e-02
1.057857857857857908e+02 9.264779036849347449e+01 1.777667749059999233e-02
1.058258258258258309e+02 9.540859609609604775e+01 1.917799783539999442e-02
1.058658658658658709e+02 1.113245745745745978e+02 1.422364842099999721e-02
1.059059059059059109e+02 9.531531531531530277e+01 1.917799783539999442e-02
1.059459459459459509e+02 1.105784945101351582e+02 1.418997783439999820e-02
1.059859859859859910e+02 1.073133983592967979e+02 1.907482719829999701e-02
1.060260260260260310e+02 9.815690690690688314e+01 1.908962295200000020e-02
1.060660660660660710e+02 1.060686555696321420e+02 1.907482719829999701e-02
1.061061061061061110e+02 9.549549549549550420e+01 1.917799783539999442e-02
1.061461461461461511e+02 1.034924924924924881e+02 1.907491954399999703e-02
1.061861861861861911e+02 9.788909417229730536e+01 1.915394385199999799e-02
1.062262262262262311e+02 1.088818818818818954e+02 1.415164623540000020e-02
1.062662662662662711e+02 1.052700200200200129e+02 1.907482719829999701e-02
1.063063063063063112e+02 9.567567567567570563e+01 1.917799783539999442e-02
1.063463463463463512e+02 1.090050050050050174e+02 1.415164623540000020e-02
1.063863863863863912e+02 9.558151901901901226e+01 1.917799783539999442e-02
1.064264264264264312e+02 9.842365803303304972e+01 1.908911520599999856e-02
1.064664664664664713e+02 1.005609046546546637e+02 1.907499411399999831e-02
1.065065065065065113e+02 1.011811811811811879e+02 1.907602497199999830e-02
1.065465465465465513e+02 1.120403528528528625e+02 1.422364842099999721e-02
1.065865865865865914e+02 9.842344883946445577e+01 1.908911520599999856e-02
1.066266266266266314e+02 1.132907907907908083e+02 1.422225993699999594e-02
1.066666666666666714e+02 1.035013020833333144e+02 1.892796702199999945e-02
1.067067067067067114e+02 1.015381006006006004e+02 1.907602497199999830e-02
1.067467467467467515e+02 1.008282442598848689e+02 1.907602497199999830e-02
1.067867867867867915e+02 1.014474474474474448e+02 1.907602497199999830e-02
1.068268268268268315e+02 1.122516266266266314e+02 1.418997783439999820e-02
1.068668668668668715e+02 9.860138263263263525e+01 1.908911520599999856e-02
1.069069069069069116e+02 1.122522522522522621e+02 1.418997783439999820e-02
1.069469469469469516e+02 1.053594532032032021e+02 1.907482719829999701e-02
1.069869869869869916e+02 9.762301363863862491e+01 1.915394385199999799e-02
1.070270270270270316e+02 9.532094594594596515e+01 1.917799783539999442e-02
1.070670670670670717e+02 1.017137137137137159e+02 1.907602497199999830e-02
1.071071071071071117e+02 1.097847847847847902e+02 1.418997783439999820e-02
1.071471471471471517e+02 1.044684684684684726e+02 1.907482719829999701e-02
1.071871871871871917e+02 9.638472847847847902e+01 1.921010980539999274e-02
1.072272272272272318e+02 1.058031156156156101e+02 1.907482719829999701e-02
1.072672672672672718e+02 1.020715090090090058e+02 1.907602497199999830e-02
1.073073073073073118e+02 1.057144644644644700e+02 1.907482719829999701e-02
1.073473473473473518e+02 1.019799799799799729e+02 1.907602497199999830e-02
1.073873873873873919e+02 1.063360606700450433e+02 1.907482719829999701e-02
1.074274274274274319e+02 1.048256694194194267e+02 1.907482719829999701e-02
1.074674674674674719e+02 9.940740740740739056e+01 1.907159001199999759e-02
1.075075075075075119e+02 9.709271771771770432e+01 1.913164648099999546e-02
1.075475475475475520e+02 1.008284514983733544e+02 1.907602497199999830e-02
1.075875875875875920e+02 9.691288163163166303e+01 1.913164648099999546e-02
1.076276276276276320e+02 1.022462462462462440e+02 1.907602497199999830e-02
1.076676676676676720e+02 1.076689819702515081e+02 1.907333161729999477e-02
1.077077077077077121e+02 9.735767017017016656e+01 1.915340968099999569e-02
1.077477477477477521e+02 1.131351351351351440e+02 1.419163141999999628e-02
1.077877877877877921e+02 9.709321821821819753e+01 1.913164648099999546e-02
1.078278278278278322e+02 1.026049174174174254e+02 1.907602497199999830e-02
1.078678678678678722e+02 9.842416244369368883e+01 1.908911520599999856e-02
1.079079079079079122e+02 1.131346971971971982e+02 1.419163141999999628e-02
1.079479479479479522e+02 1.065142642642642699e+02 1.907482719829999701e-02
1.079879879879879923e+02 9.567060810810812654e+01 1.917799783539999442e-02
1.080280280280280323e+02 9.967273523523522272e+01 1.907159001199999759e-02
1.080680680680680723e+02 9.709240490490489606e+01 1.913164648099999546e-02
1.081081081081081123e+02 1.028716216216216282e+02 1.907602497199999830e-02
1.081481481481481524e+02 1.002073386863425810e+02 1.907499411399999831e-02
1.081881881881881924e+02 1.028712247403653777e+02 1.907602497199999830e-02
1.082282282282282324e+02 1.052688626126126223e+02 1.907482719829999701e-02
1.082682682682682724e+02 9.871153184434433570e+01 1.898074570499999961e-02
1.083083083083083125e+02 9.620823948948947191e+01 1.921010980539999274e-02
1.083483483483483525e+02 9.345045045045044674e+01 1.868470505259999317e-02
1.083883883883883925e+02 1.031383258258258309e+02 1.907484428199999679e-02
1.084284284284284325e+02 1.058024274274274319e+02 1.907482719829999701e-02
1.084684684684684726e+02 1.192941300675675791e+02 1.454366420060000144e-02
1.085085085085085126e+02 1.142836195570570794e+02 1.425074441999999580e-02
1.085485485485485526e+02 1.027819069069068973e+02 1.907602497199999830e-02
1.085885885885885926e+02 1.140153669294294332e+02 1.425074441999999580e-02
1.086286286286286327e+02 1.006512137137137017e+02 1.907602497199999830e-02
1.086686686686686727e+02 9.780047527996748613e+01 1.915394385199999799e-02
1.087087087087087127e+02 1.128715409745683189e+02 1.419103759299999816e-02
1.087487487487487527e+02 1.032236963526026017e+02 1.907491954399999703e-02
1.087887887887887928e+02 9.833619410426049967e+01 1.908962295200000020e-02
1.088288288288288328e+02 9.913493278434685863e+01 1.906588612599999580e-02
1.088688688688688728e+02 1.058919857357357586e+02 1.907482719829999701e-02
1.089089089089089128e+02 9.682682682682681730e+01 1.913162878539999279e-02
1.089489489489489529e+02 1.036717342342342363e+02 1.907491954399999703e-02
1.089889889889889929e+02 1.046464589589589593e+02 1.907482719829999701e-02
1.090290290290290329e+02 1.034923986486486456e+02 1.907491954399999703e-02
1.090690690690690730e+02 9.824737237237233956e+01 1.908962295200000020e-02
1.091091091091091130e+02 1.009152707394894861e+02 1.907602497199999830e-02
1.091491491491491530e+02 1.111956956956957043e+02 1.418997783439999820e-02
1.091891891891891930e+02 1.006507865287162247e+02 1.907602497199999830e-02
1.092292292292292331e+02 1.040237737737737689e+02 1.907482719829999701e-02
1.092692692692692731e+02 1.150741991991991995e+02 1.426198001999999521e-02
1.093093093093093131e+02 1.037597802881005862e+02 1.907491954399999703e-02
1.093493493493493531e+02 9.807269769769766299e+01 1.908962295200000020e-02
1.093893893893893932e+02 1.012706456456456294e+02 1.907602497199999830e-02
1.094294294294294332e+02 1.121651651651651775e+02 1.418997783439999820e-02
1.094694694694694732e+02 1.009171671671671646e+02 1.907602497199999830e-02
1.095095095095095132e+02 1.149849849849849903e+02 1.426198001999999521e-02
1.095495495495495533e+02 1.095495495495495533e+02 1.415164623540000020e-02
1.095895895895895933e+02 1.017128378378378386e+02 1.907602497199999830e-02
1.096296296296296333e+02 1.103148148148148096e+02 1.418997783439999820e-02
1.096696696696696733e+02 1.012730855855855907e+02 1.907602497199999830e-02
1.097097097097097134e+02 1.072267775588088199e+02 1.892623897629999719e-02
1.097497497497497534e+02 9.603103103103100580e+01 1.921010980539999274e-02
1.097897897897897934e+02 9.958277027027023109e+01 1.907159001199999759e-02
1.098298298298298334e+02 1.125755755755755700e+02 1.422311814899999624e-02
1.098698698698698735e+02 9.922354385635632923e+01 1.906588612599999580e-02
1.099099099099099135e+02 1.112354835304054177e+02 1.422364842099999721e-02
1.099499499499499535e+02 9.612030780780781924e+01 1.921010980539999274e-02
1.099899899899899935e+02 1.099899899899899935e+02 1.415164623540000020e-02
1.100300300300300336e+02 9.842530030030027888e+01 1.908911520599999856e-02
1.100700700700700736e+02 1.021587837837837895e+02 1.907602497199999830e-02
1.101101101101101136e+02 1.125187687687687799e+02 1.418997783439999820e-02
1.101501501501501536e+02 1.119573010510510471e+02 1.421241282099999781e-02
1.101901901901901937e+02 1.156996996996997069e+02 1.423001706999999644e-02
1.102302302302302337e+02 9.851288593280780503e+01 1.908911520599999856e-02
1.102702702702702737e+02 1.106135187922297405e+02 1.421241282099999781e-02
1.103103103103103138e+02 1.066920998146583770e+02 1.907482719829999701e-02
1.103503503503503538e+02 9.629792292292293610e+01 1.921010980539999274e-02
1.103903903903903938e+02 1.063369932432432563e+02 1.907482719829999701e-02
1.104304304304304338e+02 1.126722005208333428e+02 1.421190047899999545e-02
1.104704704704704739e+02 9.415881506506511300e+01 1.878923819859999386e-02
1.105105105105105139e+02 1.043806306306306340e+02 1.907482719829999701e-02
1.105505505505505539e+02 9.949549549549547578e+01 1.907159001199999759e-02
1.105905905905905939e+02 1.200944694694695016e+02 1.460933797960000183e-02
1.106306306306306340e+02 1.021604729729729399e+02 1.907602497199999830e-02
1.106706706706706740e+02 1.108435935935935959e+02 1.418997783439999820e-02
1.107107107107107140e+02 1.050021896896896862e+02 1.907482719829999701e-02
1.107507507507507540e+02 9.647563872466216139e+01 1.921010980539999274e-02
1.107907907907907941e+02 1.045588088088088057e+02 1.907482719829999701e-02
1.108308308308308341e+02 9.940681306306302645e+01 1.907159001199999759e-02
1.108708708708708741e+02 1.222178115615615894e+02 1.429020860940000137e-02
1.109109109109109141e+02 1.022459959959959690e+02 1.907602497199999830e-02
1.109509509509509542e+02 9.647531906906901611e+01 1.921010980539999274e-02
1.109909909909909942e+02 1.051813063063062970e+02 1.907482719829999701e-02
1.110310310310310342e+02 1.026928608295795868e+02 1.907602497199999830e-02
1.110710710710710742e+02 8.903447294951205038e+01 1.708557442419999725e-02
1.111111111111111143e+02 9.513888888888892836e+01 1.917799783539999442e-02
1.111511511511511543e+02 1.113248248248248302e+02 1.422364842099999721e-02
1.111911911911911943e+02 1.058922359859859768e+02 1.907482719829999701e-02
1.112312312312312343e+02 9.976051051051052809e+01 1.907159001199999759e-02
1.112712712712712744e+02 1.054469156656656708e+02 1.907482719829999701e-02
1.113113113113113144e+02 9.496246246246244027e+01 1.917799783539999442e-02
1.113513513513513544e+02 1.009175992398648418e+02 1.907602497199999830e-02
1.113913913913913944e+02 1.232267267267267528e+02 1.435372638129999920e-02
1.114314314314314345e+02 1.118612694725975985e+02 1.422364842099999721e-02
1.114714714714714745e+02 1.061591591591591595e+02 1.907482719829999701e-02
1.115115115115115145e+02 1.115931849818568509e+02 1.422364842099999721e-02
1.115515515515515546e+02 1.010935935935935959e+02 1.907602497199999830e-02
1.115915915915915946e+02 1.227480263466591737e+02 1.461256216740000266e-02
1.116316316316316346e+02 1.004711938501000787e+02 1.907499411399999831e-02
1.116716716716716746e+02 1.228374756592530161e+02 1.461256216740000266e-02
1.117117117117117147e+02 9.460040118243244933e+01 1.878923819859999386e-02
1.117517517517517547e+02 9.638588588588592643e+01 1.921010980539999274e-02
1.117917917917917947e+02 1.039368900150149955e+02 1.907462774929999730e-02
1.118318318318318347e+02 1.230150150150150239e+02 1.458059921740000042e-02
1.118718718718718748e+02 1.120466716716716746e+02 1.421241282099999781e-02
1.119119119119119148e+02 9.967154654654652290e+01 1.907159001199999759e-02
1.119519519519519548e+02 9.620870870870868430e+01 1.921010980539999274e-02
1.119919919919919948e+02 1.123419669669669645e+02 1.418997783439999820e-02
1.120320320320320349e+02 9.522722722722724598e+01 1.917799783539999442e-02
1.120720720720720749e+02 1.034915540540540633e+02 1.907491954399999703e-02
1.121121121121121149e+02 9.985121840590585407e+01 1.907361377999999830e-02
1.121521521521521549e+02 9.603028028028023755e+01 1.921010980539999274e-02
1.121921921921921950e+02 1.192014651370120220e+02 1.456923082060000187e-02
1.122322322322322350e+02 1.129336836836836966e+02 1.422313607899999485e-02
1.122722722722722750e+02 1.192892892892893002e+02 1.456923082060000187e-02
1.123123123123123150e+02 1.003846131287537560e+02 1.907499411399999831e-02
1.123523523523523551e+02 9.585060060060061460e+01 1.917799783539999442e-02
1.123923923923923951e+02 9.904579579579581150e+01 1.906588612599999580e-02
1.124324324324324351e+02 1.138378378378378528e+02 1.425074441999999580e-02
1.124724724724724751e+02 9.762259134134131955e+01 1.915394385199999799e-02
1.125125125125125152e+02 1.005608049455705810e+02 1.907499411399999831e-02
1.125525525525525552e+02 1.167732732732732757e+02 1.406267906999999692e-02
1.125925925925925952e+02 9.851302083333331439e+01 1.908911520599999856e-02
1.126326326326326353e+02 1.154484484484484597e+02 1.405144346999999752e-02
1.126726726726726753e+02 1.061587837837837753e+02 1.907482719829999701e-02
1.127127127127127153e+02 1.141051109703453506e+02 1.425074441999999580e-02
1.127527527527527553e+02 9.514064064064061199e+01 1.917799783539999442e-02
1.127927927927927954e+02 9.833570875563063396e+01 1.908962295200000020e-02
1.128328328328328354e+02 1.033125625625625759e+02 1.907491954399999703e-02
1.128728728728728754e+02 1.149892392392392679e+02 1.426198001999999521e-02
1.129129129129129154e+02 9.949623451576573530e+01 1.907159001199999759e-02
1.129529529529529555e+02 1.060698823823823886e+02 1.907482719829999701e-02
1.129929929929929955e+02 9.815714542667666365e+01 1.908962295200000020e-02
1.130330330330330355e+02 1.042023273273273389e+02 1.907482719829999701e-02
1.130730730730730755e+02 1.229586852477477805e+02 1.435456969129999920e-02
1.131131131131131156e+02 1.018018018018017870e+02 1.907602497199999830e-02
1.131531531531531556e+02 1.068697828688062827e+02 1.907482719829999701e-02
1.131931931931931956e+02 1.158323411301927024e+02 1.393711585960000048e-02
1.132332332332332356e+02 1.054484484484484028e+02 1.907482719829999701e-02
1.132732732732732757e+02 1.175210210210210278e+02 1.393613262060000059e-02
1.133133133133133157e+02 1.132911818068068044e+02 1.422225993699999594e-02
1.133533533533533557e+02 1.042042765421671788e+02 1.907482719829999701e-02
1.133933933933933957e+02 9.638438438438433309e+01 1.921010980539999274e-02
1.134334334334334358e+02 9.966965989426924466e+01 1.907159001199999759e-02
1.134734734734734758e+02 1.162770661286286327e+02 1.393623971760000156e-02
1.135135135135135158e+02 9.683151657516887667e+01 1.920860828539999385e-02
1.135535535535535558e+02 1.220700700700700736e+02 1.441927336730000099e-02
1.135935935935935959e+02 9.798002103666166818e+01 1.908962295200000020e-02
1.136336336336336359e+02 1.210630982545045242e+02 1.429020860940000137e-02
1.136736736736736759e+02 9.808794732232237834e+01 1.897870424139999623e-02
1.137137137137137159e+02 1.211539664664664855e+02 1.429020860940000137e-02
1.137537537537537560e+02 1.144647147147147166e+02 1.421878146999999704e-02
1.137937937937937960e+02 9.744704861111110006e+01 1.915340968099999569e-02
1.138338338338338360e+02 9.603062241929421816e+01 1.921010980539999274e-02
1.138738738738738761e+02 1.181552646396396540e+02 1.395127378199999962e-02
1.139139139139139161e+02 1.132019519519519548e+02 1.422225993699999594e-02
1.139539539539539561e+02 1.200967842842842970e+02 1.460933797960000183e-02
1.139939939939939961e+02 9.903784839527031636e+01 1.861454020600000064e-02
1.140340340340340362e+02 1.190230230230230291e+02 1.456923082060000187e-02
1.140740740740740762e+02 1.193990162037037095e+02 1.406286828199999894e-02
1.141141141141141162e+02 9.806681681681682505e+01 1.908962295200000020e-02
1.141541541541541562e+02 1.198618618618618683e+02 1.396293765370000030e-02
1.141941941941941963e+02 1.141941941941941963e+02 1.425074441999999580e-02
1.142342342342342363e+02 1.085225225225225216e+02 1.415164623540000020e-02
1.142742742742742763e+02 1.149884884884884855e+02 1.426198001999999521e-02
1.143143143143143163e+02 1.214420392682721683e+02 1.418188958670000069e-02
1.143543543543543564e+02 9.647531906906903032e+01 1.921010980539999274e-02
1.143943943943943964e+02 1.218938462388169484e+02 1.441927336730000099e-02
1.144344344344344364e+02 1.073137126384196733e+02 1.907482719829999701e-02
1.144744744744744764e+02 1.208857157939189335e+02 1.422548710940000141e-02
1.145145145145145165e+02 1.009159159159158747e+02 1.907602497199999830e-02
1.145545545545545565e+02 1.140175800800800801e+02 1.425074441999999580e-02
1.145945945945945965e+02 1.034932432432432279e+02 1.907491954399999703e-02
1.146346346346346365e+02 9.815590590590591091e+01 1.908962295200000020e-02
1.146746746746746766e+02 1.193777781687938102e+02 1.456923082060000187e-02
1.147147147147147166e+02 1.204504504504504609e+02 1.460937502880000315e-02
1.147547547547547566e+02 1.158305805805805875e+02 1.393711585960000048e-02
1.147947947947947966e+02 1.234044044044044171e+02 1.435372638129999920e-02
1.148348348348348367e+02 1.205401299737237508e+02 1.460937502880000315e-02
1.148748748748748767e+02 9.620770770770769786e+01 1.921010980539999274e-02
1.149149149149149167e+02 1.091691691691691659e+02 1.418997783439999820e-02
1.149549549549549567e+02 9.771171171171174308e+01 1.915394385199999799e-02
1.149949949949949968e+02 1.210872591341341433e+02 1.418168810070000001e-02
1.150350350350350368e+02 1.079357430550668084e+02 1.902507784729999540e-02
1.150750750750750768e+02 1.150750750750750768e+02 1.426198001999999521e-02
1.151151151151151169e+02 1.065138013990553105e+02 1.907482719829999701e-02
1.151551551551551569e+02 1.208904216716716746e+02 1.422483890940000328e-02
1.151951951951951969e+02 1.033128783079955042e+02 1.907491954399999703e-02
1.152352352352352369e+02 1.200967217217217353e+02 1.460933797960000183e-02
1.152752752752752770e+02 9.762374874874879538e+01 1.915394385199999799e-02
1.153153153153153170e+02 1.122522522522522479e+02 1.418997783439999820e-02
1.153553553553553570e+02 9.949399399399395350e+01 1.907159001199999759e-02
1.153953953953953970e+02 1.224273023023023086e+02 1.441927336730000099e-02
1.154354354354354371e+02 1.150746996996996927e+02 1.426198001999999521e-02
1.154754754754754771e+02 1.226926926926927024e+02 1.435456969129999920e-02
1.155155155155155171e+02 1.238181931931931956e+02 1.457799640740000194e-02
1.155555555555555571e+02 1.231388888888888999e+02 1.435554525129999898e-02
1.155955955955955972e+02 9.753343101402182924e+01 1.915394385199999799e-02
1.156356356356356372e+02 1.066919419419419341e+02 1.907482719829999701e-02
1.156756756756756772e+02 1.239898648648648702e+02 1.457799640740000194e-02
1.157157157157157172e+02 1.023360860860860839e+02 1.907602497199999830e-02
1.157557557557557573e+02 1.244374374374374383e+02 1.457799640740000194e-02
1.157957957957957973e+02 9.824549549549546157e+01 1.908962295200000020e-02
1.158358358358358373e+02 1.216276276276276320e+02 1.441441689930000013e-02
1.158758758758758773e+02 1.044693443443443641e+02 1.907482719829999701e-02
1.159159159159159174e+02 1.218942453195382711e+02 1.441927336730000099e-02
1.159559559559559574e+02 9.683143299549544736e+01 1.920860828539999385e-02
1.159959959959959974e+02 1.210708208208208134e+02 1.422483890940000328e-02
1.160360360360360374e+02 9.264752252252256426e+01 1.777667749059999233e-02
1.160760760760760775e+02 1.180711336336336501e+02 1.395127378199999962e-02
1.161161161161161175e+02 9.833583583583578047e+01 1.908962295200000020e-02
1.161561561561561575e+02 9.691212110548045189e+01 1.913164648099999546e-02
1.161961961961961975e+02 1.076690662830799425e+02 1.907333161729999477e-02
1.162362362362362376e+02 1.216848098098098205e+02 1.429020860940000137e-02
1.162762762762762776e+02 1.046486486486486172e+02 1.907482719829999701e-02
1.163163163163163176e+02 1.219503878878878993e+02 1.429020860940000137e-02
1.163563563563563577e+02 1.279919919919920090e+02 1.396579003800000121e-02
1.163963963963963977e+02 1.236711711711711814e+02 1.435372638129999920e-02
1.164364364364364377e+02 1.280800800800801085e+02 1.396579003800000121e-02
1.164764764764764777e+02 1.046468343343343292e+02 1.907482719829999701e-02
1.165165165165165178e+02 1.208862414660754609e+02 1.429088090940000208e-02
1.165565565565565578e+02 1.018048673673673932e+02 1.907602497199999830e-02
1.165965965965965978e+02 1.224264264264264312e+02 1.442034299129999961e-02
1.166366366366366378e+02 1.093439992727102208e+02 1.418997783439999820e-02
1.166766766766766779e+02 1.225162076138638554e+02 1.442034299129999961e-02
1.167167167167167179e+02 9.656484609609603353e+01 1.921010980539999274e-02
1.167567567567567579e+02 9.851921452702700321e+01 1.906639387199999744e-02
1.167967967967967979e+02 1.206291916916917017e+02 1.460937502880000315e-02
1.168368368368368380e+02 1.139273257632632692e+02 1.425074441999999580e-02
1.168768768768768780e+02 1.048239489489489813e+02 1.907482719829999701e-02
1.169169169169169180e+02 1.096096096096095920e+02 1.418997783439999820e-02
1.169569569569569580e+02 1.023373373373373170e+02 1.907602497199999830e-02
1.169969969969969981e+02 1.225726351351351582e+02 1.461256216740000266e-02
1.170370370370370381e+02 9.673842592592583856e+01 1.913162878539999279e-02
1.170770770770770781e+02 1.200954704704704739e+02 1.460933797960000183e-02
1.171171171171171181e+02 1.215090090090090200e+02 1.429020860940000137e-02
1.171571571571571582e+02 1.230150150150150239e+02 1.458059921740000042e-02
1.171971971971971982e+02 1.201156820883383460e+02 1.416689865369999933e-02
1.172372372372372382e+02 1.355555555555555713e+02 1.371618479369999741e-02
1.172772772772772782e+02 1.198427177177177043e+02 1.406286828199999894e-02
1.173173173173173183e+02 1.294156656656656992e+02 1.392096151700000263e-02
1.173573573573573583e+02 1.232252252252252305e+02 1.435372638129999920e-02
1.173973973973973983e+02 9.300075075075071140e+01 1.777641471259999370e-02
1.174374374374374383e+02 1.200063813813813738e+02 1.460933797960000183e-02
1.174774774774774784e+02 1.410532798423423628e+02 1.585975040599999636e-02
1.175175175175175184e+02 1.131106106106106068e+02 1.422313607899999485e-02
1.175575575575575584e+02 1.200272420858358231e+02 1.416689865369999933e-02
1.175975975975975985e+02 9.674239864864864558e+01 1.920860828539999385e-02
1.176376376376376385e+02 1.131113457207207205e+02 1.422313607899999485e-02
1.176776776776776785e+02 1.212401854979979987e+02 1.429020860940000137e-02
1.177177177177177185e+02 1.228678678678679148e+02 1.435456969129999920e-02
1.177577577577577586e+02 1.233696509009009219e+02 1.458059921740000042e-02
1.177977977977977986e+02 9.718318318318316074e+01 1.913164648099999546e-02
1.178378378378378386e+02 1.237297297297297405e+02 1.457799640740000194e-02
1.178778778778778786e+02 1.004724724724724183e+02 1.907499411399999831e-02
1.179179179179179187e+02 1.238138138138138231e+02 1.457799640740000194e-02
1.179579579579579587e+02 1.209745829814189335e+02 1.429020860940000137e-02
1.179979979979979987e+02 1.136652590090089916e+02 1.419163141999999628e-02
1.180380380380380387e+02 1.255998498498498748e+02 1.452305303139999997e-02
1.180780780780780788e+02 1.008276088588588379e+02 1.907602497199999830e-02
1.181181181181181188e+02 1.210710710710710742e+02 1.422483890940000328e-02
1.181581581581581588e+02 9.415728228228232410e+01 1.878923819859999386e-02
1.181981981981981988e+02 1.218918918918919019e+02 1.441461838530000081e-02
1.182382382382382389e+02 9.726798233780655778e+01 1.915340968099999569e-02
1.182782782782782789e+02 1.138428428428428418e+02 1.419163141999999628e-02
1.183183183183183189e+02 1.153603603603603460e+02 1.405144346999999752e-02
1.183583583583583589e+02 1.094323581393893789e+02 1.418997783439999820e-02
1.183983983983983990e+02 1.228368930453891323e+02 1.461256216740000266e-02
1.184384384384384390e+02 9.771171171171172887e+01 1.915394385199999799e-02
1.184784784784784790e+02 1.273643643643643628e+02 1.406762044099999984e-02
1.185185185185185190e+02 1.242592592592592666e+02 1.457799640740000194e-02
1.185585585585585591e+02 1.196439945805180400e+02 1.454394417960000116e-02
1.185985985985985991e+02 1.244358733733733970e+02 1.457799640740000194e-02
1.186386386386386391e+02 1.214192317317317418e+02 1.429020860940000137e-02
1.186786786786786791e+02 1.247980480480480594e+02 1.452314314140000159e-02
1.187187187187187192e+02 1.216866866866866985e+02 1.429020860940000137e-02
1.187587587587587592e+02 1.157897897897897934e+02 1.423001706999999644e-02
1.187987987987987992e+02 1.113738738738738618e+02 1.418997783439999820e-02
1.188388388388388393e+02 1.210641657282282324e+02 1.429020860940000137e-02
1.188788788788788793e+02 1.186931306306306340e+02 1.406286828199999894e-02
1.189189189189189193e+02 1.486486486486486172e+02 1.534980091799999918e-02
1.189589589589589593e+02 1.205388826326326495e+02 1.460937502880000315e-02
1.189989989989989994e+02 1.234585562124624687e+02 1.458059921740000042e-02
1.190390390390390394e+02 1.168070570570570510e+02 1.393623971760000156e-02
1.190790790790790794e+02 1.244748498498498464e+02 1.379429772129999940e-02
1.191191191191191194e+02 1.194681009134134229e+02 1.454366420060000144e-02
1.191591591591591595e+02 1.132012012012012008e+02 1.422225993699999594e-02
1.191991991991991995e+02 1.236691691691691801e+02 1.435372638129999920e-02
1.192392392392392395e+02 1.222158535488613467e+02 1.461296740940000102e-02
1.192792792792792795e+02 1.252446992891328819e+02 1.452314314140000159e-02
1.193193193193193196e+02 1.192013400118868844e+02 1.456923082060000187e-02
1.193593593593593596e+02 1.253273273273273389e+02 1.452274011140000133e-02
1.193993993993993996e+02 1.164144144144144093e+02 1.417389906999999560e-02
1.194394394394394396e+02 1.224265189261527098e+02 1.442034299129999961e-02
1.194794794794794797e+02 9.558358358358351836e+01 1.917799783539999442e-02
1.195195195195195197e+02 9.860068564658405421e+01 1.908911520599999856e-02
1.195595595595595597e+02 1.195595595595595597e+02 1.454366420060000144e-02
1.195995995995995997e+02 1.192010315980042350e+02 1.456923082060000187e-02
1.196396396396396398e+02 1.615135135135136295e+02 1.527863513180000195e-02
1.196796796796796798e+02 1.208951764264264170e+02 1.422593792880000318e-02
1.197197197197197198e+02 1.444119119119119148e+02 1.506198207499999907e-02
1.197597597597597598e+02 1.226601914414414409e+02 1.461256216740000266e-02
1.197997997997997999e+02 1.443213213213213635e+02 1.492765557499999875e-02
1.198398398398398399e+02 1.153458458458458438e+02 1.423001706999999644e-02
1.198798798798798799e+02 1.272787162162162105e+02 1.406762044099999984e-02
1.199199199199199199e+02 9.603108723958327175e+01 1.921010980539999274e-02
1.199599599599599600e+02 1.229589589589589593e+02 1.435456969129999920e-02
1.200000000000000000e+02 1.200937500000000000e+02 1.460933797960000183e-02
