1 0.635097098 -0.728713510 -0.315986971
2 0.648159974 -0.718795130 -0.311686773
3 0.661039929 -0.708672397 -0.307298063
4 0.673732747 -0.698348208 -0.302822120
5 0.686234272 -0.687825579 -0.298260268
6 0.698540961 -0.677107162 -0.293613671
7 0.710648594 -0.666196354 -0.288883812
8 0.722553757 -0.655096013 -0.284071931
9 0.734252407 -0.643809760 -0.279179595
10 0.745741311 -0.632340644 -0.274208116
11 0.757016822 -0.620692312 -0.269159057
12 0.768075431 -0.608868497 -0.264034014
13 0.778914262 -0.596872467 -0.258834373
14 0.789529925 -0.584708249 -0.253561845
15 0.799919819 -0.572379172 -0.248217835
16 0.810080862 -0.559889299 -0.242804064
17 0.820010722 -0.547241930 -0.237321922
18 0.829706582 -0.534441062 -0.231773108
19 0.839166299 -0.521489863 -0.226158967
20 0.848387337 -0.508391997 -0.220481070
21 0.857367178 -0.495151062 -0.214740973
22 0.866103668 -0.481770016 -0.208939968
23 0.874594070 -0.468252606 -0.203079698
24 0.882836105 -0.454601801 -0.197161482
25 0.890826949 -0.440821450 -0.191187021
26 0.898564244 -0.426914665 -0.185157700
27 0.906045274 -0.412885273 -0.179075215
28 0.913267365 -0.398737210 -0.172941306
29 0.920228210 -0.384473875 -0.166757475
30 0.926925130 -0.370099608 -0.160525632
31 0.933355921 -0.355617984 -0.154247349
32 0.939518055 -0.341033530 -0.147924606
33 0.945409460 -0.326349987 -0.141559042
34 0.951027868 -0.311571836 -0.135152606
35 0.956371124 -0.296703652 -0.128707287
36 0.961437415 -0.281749426 -0.122224811
37 0.966224740 -0.266714119 -0.115707320
38 0.970731524 -0.251601873 -0.109156592
39 0.974956068 -0.236417788 -0.102574815
40 0.978897093 -0.221166102 -0.095963795
41 0.982553244 -0.205851987 -0.089325738
42 0.985923561 -0.190479696 -0.082662450
43 0.989007081 -0.175054146 -0.075976023
44 0.991803009 -0.159580209 -0.069268528
45 0.994310802 -0.144061993 -0.062541713
46 0.996529866 -0.128504451 -0.055797698
47 0.998459818 -0.112911513 -0.049038168
48 1.000100197 -0.097287955 -0.042265187
49 1.001450654 -0.081637540 -0.035480391
50 1.002510747 -0.065964682 -0.028685710
51 1.003280024 -0.050273774 -0.021883075
52 1.003758033 -0.034568521 -0.015074126
53 1.003944271 -0.018853602 -0.008260927
54 1.003838258 -0.003132823 -0.001445166
55 1.003439540 0.012589004 0.005371034
56 1.002747697 0.028307931 0.012185931
57 1.001762407 0.044019003 0.018997346
58 1.000483377 0.059718140 0.025803486
59 0.998910443 0.075400497 0.032602232
60 0.997043549 0.091061177 0.039391446
61 0.994882653 0.106695933 0.046169275
