1.000000000000000000e+00 1.328899436051000249e+00
1.099099099099099197e+00 1.293498756720000253e+00
1.198198198198198172e+00 1.296692163538000209e+00
1.297297297297297369e+00 1.293495001391000265e+00
1.396396396396396344e+00 1.293490857088000157e+00
1.495495495495495542e+00 1.300798636051000212e+00
1.594594594594594739e+00 1.293498756720000253e+00
1.693693693693693714e+00 1.330968463537999913e+00
1.792792792792792689e+00 1.293464027501000313e+00
1.891891891891891886e+00 1.296692163538000209e+00
1.990990990990991083e+00 1.294441436051000149e+00
2.090090090090090058e+00 1.293469923538000277e+00
2.189189189189189477e+00 1.330672436051000274e+00
2.288288288288288008e+00 1.293442019091000095e+00
2.387387387387387427e+00 1.325335663538000031e+00
2.486486486486486402e+00 1.289894336051000234e+00
2.585585585585585378e+00 1.296692163538000209e+00
2.684684684684684797e+00 1.317879436051000219e+00
2.783783783783783772e+00 1.293416041669000149e+00
2.882882882882882747e+00 1.325907463537999931e+00
2.981981981981982166e+00 1.293245036419000016e+00
3.081081081081081141e+00 1.313408063537999881e+00
3.180180180180180116e+00 1.312314236051000282e+00
3.279279279279279091e+00 1.296638281669000081e+00
3.378378378378378510e+00 1.329247163538000098e+00
3.477477477477477485e+00 1.293224102869000136e+00
3.576576576576576461e+00 1.330968463537999913e+00
3.675675675675675880e+00 1.294412602869000173e+00
3.774774774774774855e+00 1.313354181668999754e+00
3.873873873873873830e+00 1.328893403371000259e+00
3.972972972972972805e+00 1.296984862869000166e+00
4.072072072072072224e+00 1.325782463538000000e+00
4.171171171171170755e+00 1.294412602869000173e+00
4.270270270270270174e+00 1.326684581668999829e+00
4.369369369369369593e+00 1.317850602869000243e+00
4.468468468468469013e+00 1.302383562868999922e+00
4.567567567567567544e+00 1.329255394540999946e+00
4.666666666666666075e+00 1.297634842869000105e+00
4.765765765765765494e+00 1.325889710372999852e+00
4.864864864864864913e+00 1.312285402869000306e+00
4.963963963963964332e+00 1.325628362868999988e+00
5.063063063063062863e+00 1.330650844598000315e+00
5.162162162162162282e+00 1.298486442868999946e+00
5.261261261261261701e+00 1.325781525221999768e+00
5.360360360360360232e+00 1.303992042869000167e+00
5.459459459459459651e+00 1.331253806871999679e+00
5.558558558558558182e+00 1.328877844598000291e+00
5.657657657657657602e+00 1.321732821372999966e+00
5.756756756756757021e+00 1.329246225221999866e+00
5.855855855855855552e+00 1.303033542868999861e+00
5.954954954954954971e+00 1.326202969221999650e+00
6.054054054054054390e+00 1.321080084598000193e+00
6.153153153153152921e+00 1.323142273871999786e+00
6.252252252252252340e+00 1.330677383238000333e+00
6.351351351351351759e+00 1.314354773139999599e+00
6.450450450450450290e+00 1.326077969221999719e+00
6.549549549549549710e+00 1.322175684598000167e+00
6.648648648648649129e+00 1.330741036221999574e+00
6.747747747747747660e+00 1.332126623238000240e+00
6.846846846846847079e+00 1.326296736221999728e+00
6.945945945945945610e+00 1.329542669221999818e+00
7.045045045045045029e+00 1.324069168698000176e+00
7.144144144144144448e+00 1.326190678529999945e+00
7.243243243243242979e+00 1.327769001742000077e+00
7.342342342342342398e+00 1.331929536221999610e+00
7.441441441441441818e+00 1.333934383238000176e+00
7.540540540540540349e+00 1.332697577340999695e+00
7.639639639639639768e+00 1.327768007238000258e+00
7.738738738738739187e+00 1.331730947898000172e+00
7.837837837837837718e+00 1.335080178529999939e+00
7.936936936936937137e+00 1.338826213508999885e+00
8.036036036036035668e+00 1.327743177340999781e+00
8.135135135135135087e+00 1.331008180217999826e+00
8.234234234234234506e+00 1.344203316590999897e+00
8.333333333333332149e+00 1.327690507238000306e+00
8.432432432432431568e+00 1.337578476590999710e+00
8.531531531531530987e+00 1.331973177340999737e+00
8.630630630630630407e+00 1.340323958241000035e+00
8.729729729729729826e+00 1.345606116590999823e+00
8.828828828828829245e+00 1.330917374019000121e+00
8.927927927927928664e+00 1.341359931348000245e+00
9.027027027027026307e+00 1.335070041310000066e+00
9.126126126126125726e+00 1.339072020590999834e+00
9.225225225225225145e+00 1.338320516590999709e+00
9.324324324324324564e+00 1.333929609688000006e+00
9.423423423423423984e+00 1.349803276590999745e+00
9.522522522522523403e+00 1.346941105419000140e+00
9.621621621621621046e+00 1.348616220590999726e+00
9.720720720720720465e+00 1.338317574309999758e+00
9.819819819819819884e+00 1.344491509688000352e+00
9.918918918918919303e+00 1.345728960586999756e+00
1.001801801801801872e+01 1.353616268501000031e+00
1.011711711711711636e+01 1.349523820590999845e+00
1.021621621621621578e+01 1.338139871438000172e+00
1.031531531531531520e+01 1.354085237100999706e+00
1.041441441441441462e+01 1.349957274309999677e+00
1.051351351351351404e+01 1.348882331888000330e+00
1.061261261261261346e+01 1.350925364586999855e+00
1.071171171171171110e+01 1.353724647700999872e+00
1.081081081081081052e+01 1.364239837100999830e+00
1.090990990990990994e+01 1.349659851700999891e+00
1.100900900900900936e+01 1.354036695600999707e+00
1.110810810810810878e+01 1.355150028338999890e+00
1.120720720720720642e+01 1.352462547700999718e+00
1.130630630630630584e+01 1.365639694819999805e+00
1.140540540540540526e+01 1.356320651700999802e+00
1.150450450450450468e+01 1.354035439596999790e+00
1.160360360360360410e+01 1.351693248701000050e+00
1.170270270270270352e+01 1.348881137888000126e+00
1.180180180180180116e+01 1.354616044848999890e+00
1.190090090090090058e+01 1.370390351700999876e+00
1.200000000000000000e+01 1.364188353319999880e+00
1.209909909909909942e+01 1.369707048700999907e+00
1.219819819819819884e+01 1.370136905419999662e+00
1.229729729729729826e+01 1.360827608268999844e+00
1.239639639639639590e+01 1.352504095696999808e+00
1.249549549549549532e+01 1.365587835368999858e+00
1.259459459459459474e+01 1.356750564700999862e+00
1.269369369369369416e+01 1.382060855448999925e+00
1.279279279279279358e+01 1.374922727240999842e+00
1.289189189189189122e+01 1.358060542158999962e+00
1.299099099099099064e+01 1.371807535368999797e+00
1.309009009009009006e+01 1.369556043036999959e+00
1.318918918918918948e+01 1.383463987468999790e+00
1.328828828828828890e+01 1.369698511236999927e+00
1.338738738738738832e+01 1.368525659448999843e+00
1.348648648648648596e+01 1.363858365240999904e+00
1.358558558558558538e+01 1.373653656759999730e+00
1.368468468468468480e+01 1.383680687468999748e+00
1.378378378378378422e+01 1.382504424959999811e+00
1.388288288288288364e+01 1.382103991468999871e+00
1.398198198198198128e+01 1.374903109236999876e+00
1.408108108108108070e+01 1.385577938808999932e+00
1.418018018018018012e+01 1.371878487468999763e+00
1.427927927927927954e+01 1.393817974988999842e+00
1.437837837837837895e+01 1.385496491468999780e+00
1.447747747747747837e+01 1.373639322959999687e+00
1.457657657657657602e+01 1.368955038808999936e+00
1.467567567567567544e+01 1.370515028959999881e+00
1.477477477477477485e+01 1.374609907008999654e+00
1.487387387387387427e+01 1.387954696570999680e+00
1.497297297297297369e+01 1.394282472988999988e+00
1.507207207207207134e+01 1.385925538808999935e+00
1.517117117117117076e+01 1.380602278988999787e+00
1.527027027027027017e+01 1.386537507008999803e+00
1.536936936936936959e+01 1.388834355490999872e+00
1.546846846846846901e+01 1.394282805008999926e+00
1.556756756756756843e+01 1.385926743910999903e+00
1.566666666666666607e+01 1.380602611008999725e+00
1.576576576576576549e+01 1.389931212110999681e+00
1.586486486486486491e+01 1.396215954212999932e+00
1.596396396396396433e+01 1.398992505008999965e+00
1.606306306306306197e+01 1.389263402831000027e+00
1.616216216216216139e+01 1.401249411008999912e+00
1.626126126126126081e+01 1.403511071030999924e+00
1.636036036036036023e+01 1.385196267832999872e+00
1.645945945945945965e+01 1.388992910110999901e+00
1.655855855855855907e+01 1.401706001553000069e+00
1.665765765765765849e+01 1.413178216111000030e+00
1.675675675675675791e+01 1.391996269752999948e+00
1.685585585585585733e+01 1.393833601609999695e+00
1.695495495495495675e+01 1.390397569030999980e+00
1.705405405405405261e+01 1.396638899372999898e+00
1.715315315315315203e+01 1.407951875031000055e+00
1.725225225225225145e+01 1.404438883372999936e+00
1.735135135135135087e+01 1.405982806711999711e+00
1.745045045045045029e+01 1.404853667753000135e+00
1.754954954954954971e+01 1.393956197787999951e+00
1.764864864864864913e+01 1.402386875031000013e+00
1.774774774774774855e+01 1.402665883372999911e+00
1.784684684684684797e+01 1.415161865632000193e+00
1.794594594594594739e+01 1.409083981373000061e+00
1.804504504504504681e+01 1.407875962331999853e+00
1.814414414414414267e+01 1.391274473753000063e+00
1.824324324324324209e+01 1.405923819787999962e+00
1.834234234234234151e+01 1.407944264354000108e+00
1.844144144144144093e+01 1.421043421373000104e+00
1.854054054054054035e+01 1.421795121252000138e+00
1.863963963963963977e+01 1.409082787373000079e+00
1.873873873873873919e+01 1.405922173791999796e+00
1.883783783783783861e+01 1.410225177974000044e+00
1.893693693693693803e+01 1.405923819787999962e+00
1.903603603603603744e+01 1.421795419974000163e+00
1.913513513513513686e+01 1.421523385788000082e+00
1.923423423423423273e+01 1.421527355353999988e+00
1.933333333333333215e+01 1.410225177974000044e+00
1.943243243243243157e+01 1.405922173791999796e+00
1.953153153153153099e+01 1.412118333593999964e+00
1.963063063063063041e+01 1.421521739791999916e+00
1.972972972972972983e+01 1.421750935354000100e+00
1.982882882882882924e+01 1.440473776389000093e+00
1.992792792792792866e+01 1.409731655354000024e+00
2.002702702702702808e+01 1.410194932008999924e+00
2.012612612612612750e+01 1.423026739792000006e+00
2.022522522522522692e+01 1.424031848974000036e+00
2.032432432432432279e+01 1.428481630392999913e+00
2.042342342342342221e+01 1.423801668974000068e+00
2.052252252252252163e+01 1.426867232008999897e+00
2.062162162162162105e+01 1.422437303991999746e+00
2.072072072072072046e+01 1.416812247388999912e+00
2.081981981981981988e+01 1.431757277991999810e+00
2.091891891891891930e+01 1.422403767388999984e+00
2.101801801801801872e+01 1.440443586012999821e+00
2.111711711711711814e+01 1.410532919173000055e+00
2.121621621621621756e+01 1.424512801392999739e+00
2.131531531531531698e+01 1.424208477991999677e+00
2.141441441441441285e+01 1.423806567388999911e+00
2.151351351351351227e+01 1.448780233611999702e+00
2.161261261261261168e+01 1.425478717588000155e+00
2.171171171171171110e+01 1.428742801392999695e+00
2.181081081081081052e+01 1.418885278951999673e+00
2.190990990990990994e+01 1.428958190492999769e+00
2.200900900900900936e+01 1.431135634571999882e+00
2.210810810810810878e+01 1.424605871591999806e+00
2.220720720720720820e+01 1.450657448991999665e+00
2.230630630630630762e+01 1.420314215367999955e+00
2.240540540540540704e+01 1.433185838091999509e+00
2.250450450450450646e+01 1.427599325272999931e+00
2.260360360360360232e+01 1.437048171591999823e+00
2.270270270270270174e+01 1.450064349951999843e+00
2.280180180180180116e+01 1.425402569371999828e+00
2.290090090090090058e+01 1.436784738091999580e+00
2.300000000000000000e+01 1.426099225273000037e+00
2.309909909909909942e+01 1.428962939190999482e+00
2.319819819819819884e+01 1.443083440652999982e+00
2.329729729729729826e+01 1.439245316970999555e+00
2.339639639639639768e+01 1.436193429752999906e+00
2.349549549549549710e+01 1.426001462446000234e+00
2.359459459459459651e+01 1.433180840150999558e+00
2.369369369369369238e+01 1.439820047826000149e+00
2.379279279279279180e+01 1.436971316970999668e+00
2.389189189189189122e+01 1.444710429753000014e+00
2.399099099099099064e+01 1.422841916970999598e+00
2.409009009009009006e+01 1.440940630851999860e+00
2.418918918918918948e+01 1.426056547826000109e+00
2.428828828828828890e+01 1.433973108631999782e+00
2.438738738738738832e+01 1.441454138025000109e+00
2.448648648648648773e+01 1.435284216970999616e+00
2.458558558558558715e+01 1.436202338024999969e+00
2.468468468468468657e+01 1.422607327790999632e+00
2.478378378378378244e+01 1.441731108631999936e+00
2.488288288288288186e+01 1.441459766935000220e+00
2.498198198198198128e+01 1.439235008631999824e+00
2.508108108108108070e+01 1.441454138025000109e+00
2.518018018018018012e+01 1.435039319451999917e+00
2.527927927927927954e+01 1.441732915805000070e+00
2.537837837837837895e+01 1.441459766935000220e+00
2.547747747747747837e+01 1.441732915805000070e+00
2.557657657657657779e+01 1.441459766935000220e+00
2.567567567567567721e+01 1.435039319451999917e+00
2.577477477477477663e+01 1.442005815805000202e+00
2.587387387387387250e+01 1.435524364351999926e+00
2.597297297297297192e+01 1.441732915805000070e+00
2.607207207207207134e+01 1.441459766935000220e+00
2.617117117117117076e+01 1.447029126625000162e+00
2.627027027027027017e+01 1.442250244715000296e+00
2.636936936936936959e+01 1.435524364351999926e+00
2.646846846846846901e+01 1.441778768535000088e+00
2.656756756756756843e+01 1.425258867506999927e+00
2.666666666666666785e+01 1.437537226624999942e+00
2.676576576576576727e+01 1.442256245287000027e+00
2.686486486486486669e+01 1.442840261525000223e+00
2.696396396396396256e+01 1.433452568535000138e+00
2.706306306306306197e+01 1.423360689100999998e+00
2.716216216216216139e+01 1.442632855535000092e+00
2.726126126126126081e+01 1.436148245287000025e+00
2.736036036036036023e+01 1.447075890435000289e+00
2.745945945945945965e+01 1.447036569106999959e+00
2.755855855855855907e+01 1.415358610224999980e+00
2.765765765765765849e+01 1.439366038816999982e+00
2.775675675675675791e+01 1.425059186881000084e+00
2.785585585585585733e+01 1.439857990435000179e+00
2.795495495495495675e+01 1.436188290701000181e+00
2.805405405405405261e+01 1.427933239135000143e+00
2.815315315315315203e+01 1.434306947107000019e+00
2.825225225225225145e+01 1.423985986881000088e+00
2.835135135135135087e+01 1.434324791006999833e+00
2.845045045045045029e+01 1.426089390701000159e+00
2.854954954954954971e+01 1.427931622417000002e+00
2.864864864864864913e+01 1.440647868701000034e+00
2.874774774774774855e+01 1.423510116135000336e+00
2.884684684684684797e+01 1.429263791006999851e+00
2.894594594594594739e+01 1.426661296849000227e+00
2.904504504504504681e+01 1.440573739706999978e+00
2.914414414414414267e+01 1.430548968701000012e+00
2.924324324324324209e+01 1.427738499417000151e+00
2.934234234234234151e+01 1.428245612600999914e+00
2.944144144144144093e+01 1.424038482635000324e+00
2.954054054054054035e+01 1.434761461301000018e+00
2.963963963963963977e+01 1.426505774848999986e+00
2.973873873873873919e+01 1.421003716706999986e+00
2.983783783783783861e+01 1.441823612601000004e+00
2.993693693693693803e+01 1.426655483206999975e+00
3.003603603603603744e+01 1.429700461301000036e+00
3.013513513513513686e+01 1.424280513677000037e+00
3.023423423423423273e+01 1.417465438300999914e+00
3.033333333333333215e+01 1.432421618748999981e+00
3.043243243243243157e+01 1.426928204801000133e+00
3.053153153153153099e+01 1.423589567449000004e+00
3.063063063063063041e+01 1.424288130966999910e+00
3.072972972972972983e+01 1.417465438300999914e+00
3.082882882882882924e+01 1.419895751000999962e+00
3.092792792792792866e+01 1.416172204800999923e+00
3.102702702702702808e+01 1.427769099701000188e+00
3.112612612612612750e+01 1.427171852561000209e+00
3.122522522522522692e+01 1.404019544449000012e+00
3.132432432432432634e+01 1.415026077041000141e+00
3.142342342342342221e+01 1.416371910948999835e+00
3.152252252252252163e+01 1.432854525741000140e+00
3.162162162162162105e+01 1.427171852561000209e+00
3.172072072072072046e+01 1.414200576700999967e+00
3.181981981981981988e+01 1.418917924061000146e+00
3.191891891891891930e+01 1.405203543200999938e+00
3.201801801801801872e+01 1.420203607000000146e+00
3.211711711711711814e+01 1.416412958708999970e+00
3.221621621621621756e+01 1.427774002741000192e+00
3.231531531531531698e+01 1.428777024061000045e+00
3.241441441441441640e+01 1.405914187960999984e+00
3.251351351351351582e+01 1.420494007000000058e+00
3.261261261261260813e+01 1.410305590961000055e+00
3.271171171171171466e+01 1.415248084000000128e+00
3.281081081081080697e+01 1.423615293309000052e+00
3.290990990990991349e+01 1.394559575260000184e+00
3.300900900900900581e+01 1.418797923309000009e+00
3.310810810810810523e+01 1.406142417001000178e+00
3.320720720720720465e+01 1.415413484000000111e+00
3.330630630630630407e+01 1.410290025561000027e+00
3.340540540540540349e+01 1.385895351410999954e+00
3.350450450450450290e+01 1.415260455560999997e+00
3.360360360360360232e+01 1.396044098260000199e+00
3.370270270270270174e+01 1.419792078309000116e+00
3.380180180180180116e+01 1.410985251601000190e+00
3.390090090090090058e+01 1.395901475260000080e+00
3.400000000000000000e+01 1.407648825561000017e+00
3.409909909909909942e+01 1.384052962411000065e+00
3.419819819819819884e+01 1.416298129410999973e+00
3.429729729729729826e+01 1.405924832860000251e+00
3.439639639639639768e+01 1.397741789811000279e+00
3.449549549549549710e+01 1.405852984722000043e+00
3.459459459459459651e+01 1.384322968559000167e+00
3.469369369369369593e+01 1.409231555451000206e+00
3.479279279279279535e+01 1.395825932860000229e+00
3.489189189189189477e+01 1.402691289811000219e+00
3.499099099099099419e+01 1.400537984722000084e+00
3.509009009009009361e+01 1.395112575361999951e+00
3.518918918918919303e+01 1.408312936710000240e+00
3.528828828828828534e+01 1.384654462841000244e+00
3.538738738738738476e+01 1.405920662982000247e+00
3.548648648648648418e+01 1.395071552772000123e+00
3.558558558558558360e+01 1.400129400811000124e+00
3.568468468468468302e+01 1.406238018222000008e+00
3.578378378378378244e+01 1.384318462841000130e+00
3.588288288288288186e+01 1.410864797110000346e+00
3.598198198198198128e+01 1.383590409962000001e+00
3.608108108108108070e+01 1.396587308110000203e+00
3.618018018018018012e+01 1.395467812932000173e+00
3.627927927927927954e+01 1.395889688881000401e+00
3.637837837837837895e+01 1.409910797110000225e+00
3.647747747747747837e+01 1.383590409962000001e+00
3.657657657657657779e+01 1.391179108110000229e+00
3.667567567567567721e+01 1.375572812932000399e+00
3.677477477477477663e+01 1.396582170140000301e+00
3.687387387387387605e+01 1.406242112931999966e+00
3.697297297297297547e+01 1.384650470140000422e+00
3.707207207207207489e+01 1.391349184012000251e+00
3.717117117117117431e+01 1.375572812932000399e+00
3.727027027027027373e+01 1.391173970140000327e+00
3.736936936936937315e+01 1.375572812932000399e+00
3.746846846846846546e+01 1.400120270140000400e+00
3.756756756756756488e+01 1.404200512932000100e+00
3.766666666666666430e+01 1.375567167367000465e+00
3.776576576576576372e+01 1.391174547242000292e+00
3.786486486486486314e+01 1.375567167367000465e+00
3.796396396396396256e+01 1.391173970140000327e+00
3.806306306306306197e+01 1.375571076032000573e+00
3.816216216216216139e+01 1.375567167367000465e+00
3.826126126126126081e+01 1.391174547242000292e+00
3.836036036036036023e+01 1.375567167367000465e+00
3.845945945945945965e+01 1.391174547242000292e+00
3.855855855855855907e+01 1.375551601967000437e+00
3.865765765765765849e+01 1.390215162492000278e+00
3.875675675675675791e+01 1.391174547242000292e+00
3.885585585585585733e+01 1.375567167367000465e+00
3.895495495495495675e+01 1.391174547242000292e+00
3.905405405405405617e+01 1.375551601967000437e+00
3.915315315315315559e+01 1.390215162492000278e+00
3.925225225225225500e+01 1.354952057861999792e+00
3.935135135135135442e+01 1.367519262492000287e+00
3.945045045045045384e+01 1.391184957862000138e+00
3.954954954954955326e+01 1.375558384228000586e+00
3.964864864864864558e+01 1.391375262492000164e+00
3.974774774774774500e+01 1.353998057861999893e+00
3.984684684684684441e+01 1.379095062492000201e+00
3.994594594594594383e+01 1.363810354961999760e+00
4.004504504504504325e+01 1.369298296811999771e+00
4.014414414414414267e+01 1.391385673112000010e+00
4.024324324324324209e+01 1.373172275062000347e+00
4.034234234234234151e+01 1.378769473112000155e+00
4.044144144144144093e+01 1.356592454961999650e+00
4.054054054054054035e+01 1.381446713062000287e+00
4.063963963963963977e+01 1.369050673111999794e+00
4.073873873873873919e+01 1.367566175062000289e+00
4.083783783783783861e+01 1.390225573112000124e+00
4.093693693693693803e+01 1.354966704911999775e+00
4.103603603603603744e+01 1.378963223682000194e+00
4.113513513513513686e+01 1.363695273061999780e+00
4.123423423423423628e+01 1.368258075062000145e+00
4.133333333333333570e+01 1.377989473111999930e+00
4.143243243243243512e+01 1.349634004911999696e+00
4.153153153153153454e+01 1.378627223682000080e+00
4.163063063063063396e+01 1.356675041478000665e+00
4.172972972972973338e+01 1.382338185682000065e+00
4.182882882882882569e+01 1.367883823061999848e+00
4.192792792792792511e+01 1.372813159346999878e+00
4.202702702702702453e+01 1.366391505581999954e+00
4.212612612612612395e+01 1.353144973061999767e+00
4.222522522522522337e+01 1.378781645682000123e+00
4.232432432432432279e+01 1.362822823061999866e+00
4.242342342342342221e+01 1.368490320672000049e+00
4.252252252252252163e+01 1.367741573631999774e+00
4.262162162162162105e+01 1.356535027497000057e+00
4.272072072072072046e+01 1.379065295631999977e+00
4.281981981981981988e+01 1.353889566233999586e+00
4.291891891891891930e+01 1.382560402572000191e+00
4.301801801801801872e+01 1.362680573631999792e+00
4.311711711711711814e+01 1.343269338572000038e+00
4.321621621621621756e+01 1.366202795631999756e+00
4.331531531531531698e+01 1.350796526666999897e+00
4.341441441441441640e+01 1.382843670621999976e+00
4.351351351351351582e+01 1.360961528066999771e+00
4.361261261261261524e+01 1.343262588521999978e+00
4.371171171171171466e+01 1.356086250703999685e+00
4.381081081081081408e+01 1.356857008998000103e+00
4.390990990990991349e+01 1.367625370621999847e+00
4.400900900900901291e+01 1.351078328066999790e+00
4.410810810810810523e+01 1.382652388521999898e+00
4.420720720720720465e+01 1.360764261966999733e+00
4.430630630630630407e+01 1.344022308928000120e+00
4.440540540540540349e+01 1.357524513793999743e+00
4.450450450450450290e+01 1.357138810397999995e+00
4.460360360360360232e+01 1.370125888521999791e+00
4.470270270270270174e+01 1.358098961966999862e+00
4.480180180180180116e+01 1.342596057278999888e+00
4.490090090090090058e+01 1.355471425056999690e+00
4.500000000000000000e+01 1.342685110328000198e+00
4.509909909909909942e+01 1.357527442956999897e+00
4.519819819819819884e+01 1.356948844227999995e+00
4.529729729729729826e+01 1.344137300450999772e+00
4.539639639639639768e+01 1.347744607387999949e+00
4.549549549549549710e+01 1.336375210328000218e+00
4.559459459459459651e+01 1.355814042956999810e+00
4.569369369369369593e+01 1.356948844227999995e+00
4.579279279279279535e+01 1.344133611713999921e+00
4.589189189189189477e+01 1.347751907317999986e+00
4.599099099099099419e+01 1.322663596696000532e+00
4.609009009009009361e+01 1.347751225287999954e+00
4.618918918918919303e+01 1.336176430596000220e+00
4.628828828828828534e+01 1.354856594044999918e+00
4.638738738738738476e+01 1.358051107317999939e+00
4.648648648648648418e+01 1.341600962113999929e+00
4.658558558558558360e+01 1.347560625218000130e+00
4.668468468468468302e+01 1.336180690933000070e+00
4.678378378378378244e+01 1.352198593975000085e+00
4.688288288288288186e+01 1.338897693685999979e+00
4.698198198198198128e+01 1.332456044444999765e+00
4.708108108108108070e+01 1.346403725218000114e+00
4.718018018018018012e+01 1.322472759260000297e+00
4.727927927927927954e+01 1.347137593975000103e+00
4.737837837837837895e+01 1.336220314023000011e+00
4.747747747747747837e+01 1.327313421514999980e+00
4.757657657657657779e+01 1.340092311586000173e+00
4.767567567567567721e+01 1.339257850514999904e+00
4.777477477477477663e+01 1.352861080343000122e+00
4.787387387387387605e+01 1.322637382350000168e+00
4.797297297297297547e+01 1.322252421514999998e+00
4.807207207207207489e+01 1.338710671922999973e+00
4.817117117117117431e+01 1.329158950514999882e+00
4.827027027027027373e+01 1.340268980679999888e+00
4.836936936936937315e+01 1.319973391324999801e+00
4.846846846846846546e+01 1.353341607883000286e+00
4.856756756756756488e+01 1.325102249007000133e+00
4.866666666666666430e+01 1.323998236883000112e+00
4.876576576576576372e+01 1.327429149006999820e+00
4.886486486486486314e+01 1.314130540320000318e+00
4.896396396396396256e+01 1.346699968220000043e+00
4.906306306306306197e+01 1.320560706977000009e+00
4.916216216216216139e+01 1.318937236883000130e+00
4.926126126126126081e+01 1.313843796977000045e+00
4.936036036036036023e+01 1.326515477692999934e+00
4.945945945945945965e+01 1.339484236546999885e+00
4.955855855855855907e+01 1.314976406977000245e+00
4.965765765765765849e+01 1.318694765547000047e+00
4.975675675675675791e+01 1.310723606977000077e+00
4.985585585585585733e+01 1.324025838029999846e+00
4.995495495495495675e+01 1.313056884517000089e+00
5.005405405405405617e+01 1.306820882497000014e+00
5.015315315315315559e+01 1.318718106356999931e+00
5.025225225225225500e+01 1.320438682497000027e+00
5.035135135135135442e+01 1.318718106356999931e+00
5.045045045045045384e+01 1.310134594516999984e+00
5.054954954954955326e+01 1.306805915877000013e+00
5.064864864864864558e+01 1.326665325326999989e+00
5.074774774774774500e+01 1.306820882497000014e+00
5.084684684684684441e+01 1.318717854326999950e+00
5.094594594594594383e+01 1.310137570036999932e+00
5.104504504504504325e+01 1.315614855299999997e+00
5.114414414414414267e+01 1.310160910847000038e+00
5.124324324324324209e+01 1.306815193016999999e+00
5.134234234234234151e+01 1.318717854326999950e+00
5.144144144144144093e+01 1.294760803417000172e+00
5.154054054054054035e+01 1.315614603270000016e+00
5.163963963963963977e+01 1.310160910847000038e+00
5.173873873873873919e+01 1.306814362272999963e+00
5.183783783783783861e+01 1.293181716075999965e+00
5.193693693693693803e+01 1.306216903417000141e+00
5.203603603603603744e+01 1.318749993269999976e+00
5.213513513513513686e+01 1.307714835816000010e+00
5.223423423423423628e+01 1.304420262272999897e+00
5.233333333333333570e+01 1.290907716075999856e+00
5.243243243243243512e+01 1.306018172673000022e+00
5.253153153153153454e+01 1.289500242733000013e+00
5.263063063063063396e+01 1.296403144227000093e+00
5.272972972972973338e+01 1.315608371740000004e+00
5.282882882882883280e+01 1.306373157815999830e+00
5.292792792792792511e+01 1.302962750619999888e+00
5.302702702702702453e+01 1.292981184472999701e+00
5.312612612612612395e+01 1.294783313483000020e+00
5.322522522522522337e+01 1.305825259873000022e+00
5.332432432432432279e+01 1.296617136519999880e+00
5.342342342342342221e+01 1.297904726139999854e+00
5.352252252252252163e+01 1.290707184472999813e+00
5.362162162162162105e+01 1.295579171082999803e+00
5.372072072072072046e+01 1.290588401612999814e+00
5.381981981981981988e+01 1.293100340325999964e+00
5.391891891891891930e+01 1.305986290962999785e+00
5.401801801801801872e+01 1.279276563177000003e+00
5.411711711711711814e+01 1.290264171082999844e+00
5.421621621621621756e+01 1.294053101612999690e+00
5.431531531531531698e+01 1.294004597925999978e+00
5.441441441441441640e+01 1.289792212012999872e+00
5.451351351351351582e+01 1.268091081426000022e+00
5.461261261261261524e+01 1.289690452822999767e+00
5.471171171171171466e+01 1.292379080316999884e+00
5.481081081081081408e+01 1.283492218615999603e+00
5.490990990990991349e+01 1.289792790716999926e+00
5.500900900900901291e+01 1.292976139025999949e+00
5.510810810810810523e+01 1.306220552822999759e+00
5.520720720720720465e+01 1.280351432787000032e+00
5.530630630630630407e+01 1.277600279665999539e+00
5.540540540540540349e+01 1.292514330716999948e+00
5.550450450450450290e+01 1.280835552665999799e+00
5.560360360360360232e+01 1.290770131526999931e+00
5.570270270270270174e+01 1.264762741376000088e+00
5.580180180180180116e+01 1.292008479665999632e+00
5.590090090090090058e+01 1.282760683186999984e+00
5.600000000000000000e+01 1.274943613715999735e+00
5.609909909909909942e+01 1.288144483996999989e+00
5.619819819819819884e+01 1.255130479004999966e+00
5.629729729729729826e+01 1.290333958369999756e+00
5.639639639639639768e+01 1.275592579216000111e+00
5.649549549549549710e+01 1.277896292419999691e+00
5.659459459459459651e+01 1.281852583997000083e+00
5.669369369369369593e+01 1.253673423115999830e+00
5.679279279279279535e+01 1.288662310839999936e+00
5.689189189189189477e+01 1.255130479004999966e+00
5.699099099099099419e+01 1.277896292419999691e+00
5.709009009009009361e+01 1.274684480026000211e+00
5.718918918918919303e+01 1.277857191819999683e+00
5.728828828828828534e+01 1.288660706869000139e+00
5.738738738738738476e+01 1.253674001819999884e+00
5.748648648648648418e+01 1.286005644890000132e+00
5.758558558558558360e+01 1.274671016366000220e+00
5.768468468468468302e+01 1.277860144289999722e+00
5.778378378378378244e+01 1.274234843209000045e+00
5.788288288288288186e+01 1.256626101819999786e+00
5.798198198198198128e+01 1.288671940919000170e+00
5.808108108108108070e+01 1.252811144419999856e+00
5.818018018018018012e+01 1.260930840319000046e+00
5.827927927927927954e+01 1.274036943209000183e+00
5.837837837837837895e+01 1.249682841889999674e+00
5.847747747747747837e+01 1.271735377259000099e+00
5.857657657657657779e+01 1.252814096889999895e+00
5.867567567567567721e+01 1.274508840319000358e+00
5.877477477477477663e+01 1.264694265679000118e+00
5.887387387387387605e+01 1.273036337918999950e+00
5.897297297297297547e+01 1.275202289729000071e+00
5.907207207207207489e+01 1.250426782289999483e+00
5.917117117117117431e+01 1.278784976659000261e+00
5.927027027027027373e+01 1.253257069874999852e+00
5.936936936936937315e+01 1.257769774258999940e+00
5.946846846846846546e+01 1.264901022759000071e+00
5.956756756756756488e+01 1.248806178318999871e+00
5.966666666666666430e+01 1.269030589129000131e+00
5.976576576576576372e+01 1.255871565903999842e+00
5.986486486486486314e+01 1.264181274259000176e+00
5.996396396396396256e+01 1.249285922759000078e+00
6.006306306306306197e+01 1.231865014659000002e+00
6.016216216216216139e+01 1.270196222158999966e+00
6.026126126126126081e+01 1.250556565903999662e+00
6.036036036036036023e+01 1.254426886729000046e+00
6.045945945945945965e+01 1.242536374392599896e+00
6.055855855855855907e+01 1.224700727128999800e+00
6.065765765765765849e+01 1.263148573792600038e+00
6.075675675675675791e+01 1.248868502243999812e+00
6.085585585585585733e+01 1.252127819759000005e+00
6.095495495495495675e+01 1.247118497875999710e+00
6.105405405405405617e+01 1.253549450159000100e+00
6.115315315315315559e+01 1.239829373792600054e+00
6.125225225225225500e+01 1.224832114713999776e+00
6.135135135135135442e+01 1.260000971392600144e+00
6.145045045045045384e+01 1.248972910713999740e+00
6.154954954954955326e+01 1.251253311792599909e+00
6.164864864864865268e+01 1.242503083382600071e+00
6.174774774774774500e+01 1.224829737743999836e+00
6.184684684684684441e+01 1.263136361392600104e+00
6.194594594594594383e+01 1.226550933743999705e+00
6.204504504504504325e+01 1.244205111792600071e+00
6.214414414414414267e+01 1.227476838613999810e+00
6.224324324324324209e+01 1.226354999377599730e+00
6.234234234234234151e+01 1.240776970982600202e+00
6.244144144144144093e+01 1.224932485377599800e+00
6.254054054054054035e+01 1.248526266382600225e+00
6.263963963963963977e+01 1.233728522149999618e+00
6.273873873873873919e+01 1.219306799377599893e+00
6.283783783783783861e+01 1.232826922296599959e+00
6.293693693693693803e+01 1.212879195377599695e+00
6.303603603603603744e+01 1.253231369281600172e+00
6.313513513513513686e+01 1.220884918178999801e+00
6.323423423423423628e+01 1.244342308967600230e+00
6.333333333333333570e+01 1.217971853543999838e+00
6.343243243243243512e+01 1.226457195377599785e+00
6.353153153153153454e+01 1.230625362774599996e+00
6.363063063063063396e+01 1.220294958178999911e+00
6.372972972972973338e+01 1.241053660281600246e+00
6.382882882882883280e+01 1.202747322677599540e+00
6.392792792792792511e+01 1.219414804967600130e+00
6.402702702702703164e+01 1.204238903924999882e+00
6.412612612612612395e+01 1.212873532867599691e+00
6.422522522522521626e+01 1.218318617774599710e+00
6.432432432432432279e+01 1.213403261649000031e+00
6.442342342342342931e+01 1.216128049774599873e+00
6.452252252252252163e+01 1.216585427252599549e+00
6.462162162162161394e+01 1.205822084181599863e+00
6.472072072072072046e+01 1.229774458924999925e+00
6.481981981981982699e+01 1.207930497989000207e+00
6.491891891891891930e+01 1.209134990924999764e+00
6.501801801801801162e+01 1.199035637252599429e+00
6.511711711711711814e+01 1.212651877674599810e+00
6.521621621621621046e+01 1.203388258924999787e+00
6.531531531531531698e+01 1.207701490458999771e+00
6.541441441441440929e+01 1.218549590924999704e+00
6.551351351351351582e+01 1.207819527239000212e+00
6.561261261261260813e+01 1.216116318824999931e+00
6.571171171171171466e+01 1.181269708924999717e+00
6.581081081081080697e+01 1.207699665122599741e+00
6.590990990990991349e+01 1.219312090924999703e+00
6.600900900900900581e+01 1.207817150269000273e+00
6.610810810810811233e+01 1.209127750724999784e+00
6.620720720720720465e+01 1.199284067156599631e+00
6.630630630630631117e+01 1.208157865122599706e+00
6.640540540540540349e+01 1.190992340924999615e+00
6.650450450450451001e+01 1.200822840902599831e+00
6.660360360360360232e+01 1.194275150724999790e+00
6.670270270270270885e+01 1.189529360649599576e+00
6.680180180180180116e+01 1.199266920902599898e+00
6.690090090090090769e+01 1.181499033813999677e+00
6.700000000000000000e+01 1.203774940902599733e+00
6.709909909909910652e+01 1.175983576956599830e+00
6.719819819819819884e+01 1.197077779902600003e+00
6.729729729729729115e+01 1.209918707799999549e+00
6.739639639639639768e+01 1.170026294099999697e+00
6.749549549549548999e+01 1.199606440902599935e+00
6.759459459459459651e+01 1.170035693613999506e+00
6.769369369369368883e+01 1.200029879902599905e+00
6.779279279279279535e+01 1.193131626255999667e+00
6.789189189189188767e+01 1.182285894099999846e+00
6.799099099099099419e+01 1.185757767799999529e+00
6.809009009009008651e+01 1.170036890220999437e+00
6.818918918918919303e+01 1.201761279902599844e+00
6.828828828828828534e+01 1.175968926449999730e+00
6.838738738738739187e+01 1.175535794099999753e+00
6.848648648648648418e+01 1.182804805299599860e+00
6.858558558558559071e+01 1.169998311599999674e+00
6.868468468468468302e+01 1.192103440806600023e+00
6.878378378378378954e+01 1.160715826449999710e+00
6.888288288288288186e+01 1.198193901492600189e+00
6.898198198198198838e+01 1.189682926449999956e+00
6.908108108108108070e+01 1.159552124822599728e+00
6.918018018018018722e+01 1.183416441295999544e+00
6.927927927927927954e+01 1.150959226449999706e+00
6.937837837837838606e+01 1.194432046299599870e+00
6.947747747747747837e+01 1.169114826449999756e+00
6.957657657657657069e+01 1.171963485726600140e+00
6.967567567567567721e+01 1.182689807449999853e+00
6.977477477477476953e+01 1.155866237295999799e+00
6.987387387387387605e+01 1.189641197449999854e+00
6.997297297297296836e+01 1.159358226449999751e+00
7.007207207207207489e+01 1.191017320370000077e+00
7.017117117117116720e+01 1.177374807449999672e+00
7.027027027027027373e+01 1.157877804448600223e+00
7.036936936936936604e+01 1.183221433595999628e+00
7.046846846846847257e+01 1.143910436449999679e+00
7.056756756756756488e+01 1.192124349091999935e+00
7.066666666666667140e+01 1.162121707449999652e+00
7.076576576576576372e+01 1.150712939092000120e+00
7.086486486486487024e+01 1.182298297449999813e+00
7.096396396396396256e+01 1.130860997941599999e+00
7.106306306306306908e+01 1.189630449091999997e+00
7.116216216216216139e+01 1.145314795905999716e+00
7.126126126126126792e+01 1.168089465945999272e+00
7.136036036036036023e+01 1.161729607449999424e+00
7.145945945945946676e+01 1.130929325945999375e+00
7.155855855855855907e+01 1.183177165945999532e+00
7.165765765765765138e+01 1.138680245945999481e+00
7.175675675675675791e+01 1.188718349091999915e+00
7.185585585585585022e+01 1.151971100338999410e+00
7.195495495495495675e+01 1.134241453750000295e+00
7.205405405405404906e+01 1.176971959091999587e+00
7.215315315315315559e+01 1.132449945945999348e+00
7.225225225225224790e+01 1.189630449091999997e+00
7.235135135135135442e+01 1.138173996945999411e+00
7.245045045045044674e+01 1.148781665945999286e+00
7.254954954954955326e+01 1.161718148587999488e+00
7.264864864864864558e+01 1.138157865945999436e+00
7.274774774774775210e+01 1.183185503965999530e+00
7.284684684684684441e+01 1.131940444845999316e+00
7.294594594594595094e+01 1.188717759091999726e+00
7.304504504504504325e+01 1.138163248587999554e+00
7.314414414414414978e+01 1.129758865945999391e+00
7.324324324324324209e+01 1.176971248587999508e+00
7.334234234234234862e+01 1.130769984845999332e+00
7.344144144144144093e+01 1.189629148587999730e+00
7.354054054054054745e+01 1.131932948587999421e+00
7.363963963963963977e+01 1.129767203965999389e+00
7.373873873873874629e+01 1.144913348587999646e+00
7.383783783783783861e+01 1.130755928345999362e+00
7.393693693693693092e+01 1.182286248587999689e+00
7.403603603603603744e+01 1.130762488587999437e+00
7.413513513513512976e+01 1.148789292399999384e+00
7.423423423423423628e+01 1.131932948587999421e+00
7.433333333333332860e+01 1.130774437349999273e+00
7.443243243243243512e+01 1.151961548587999484e+00
7.453153153153152743e+01 1.130771452107999453e+00
7.463063063063063396e+01 1.192123048587999667e+00
7.472972972972972627e+01 1.130762488587999437e+00
7.482882882882883280e+01 1.130770115041999535e+00
7.492792792792792511e+01 1.131932948587999421e+00
7.502702702702703164e+01 1.130770115041999535e+00
7.512612612612612395e+01 1.176971248587999508e+00
7.522522522522523047e+01 1.130772156071999435e+00
7.532432432432432279e+01 1.130770115041999535e+00
7.542342342342342931e+01 1.130762488587999437e+00
7.552252252252252163e+01 1.130770115041999535e+00
7.562162162162162815e+01 1.130762488587999437e+00
7.572072072072072046e+01 1.130770115041999535e+00
7.581981981981982699e+01 1.130770115041999535e+00
7.591891891891891930e+01 1.130770115041999535e+00
7.601801801801801162e+01 1.130770115041999535e+00
7.611711711711711814e+01 1.130771452107999453e+00
7.621621621621621046e+01 1.130770115041999535e+00
7.631531531531531698e+01 1.130596363461999321e+00
7.641441441441440929e+01 1.130770115041999535e+00
7.651351351351351582e+01 1.130770115041999535e+00
7.661261261261260813e+01 1.130770115041999535e+00
7.671171171171171466e+01 1.130770115041999535e+00
7.681081081081080697e+01 1.131023070915999407e+00
7.690990990990991349e+01 1.130770115041999535e+00
7.700900900900900581e+01 1.094938005041999896e+00
7.710810810810811233e+01 1.130770115041999535e+00
7.720720720720720465e+01 1.130770115041999535e+00
7.730630630630631117e+01 1.131023070915999407e+00
7.740540540540540349e+01 1.130770115041999535e+00
7.750450450450451001e+01 1.077210833915999588e+00
7.760360360360360232e+01 1.130770115041999535e+00
7.770270270270270885e+01 1.129604980425999994e+00
7.780180180180180116e+01 1.130688286215999483e+00
7.790090090090090769e+01 1.130770115041999535e+00
7.800000000000000000e+01 1.118312933915999396e+00
7.809909909909910652e+01 1.130770115041999535e+00
7.819819819819819884e+01 1.057297933915999577e+00
7.829729729729729115e+01 1.130688286215999483e+00
7.839639639639639768e+01 1.129604980425999994e+00
7.849549549549548999e+01 1.118312933915999396e+00
7.859459459459459651e+01 1.130768711305999430e+00
7.869369369369368883e+01 1.050992133915999549e+00
7.879279279279279535e+01 1.130688286215999483e+00
7.889189189189188767e+01 1.094935280426000190e+00
7.899099099099099419e+01 1.135769933915999452e+00
7.909009009009008651e+01 1.129603576689999889e+00
7.918918918918919303e+01 1.091294233915999445e+00
7.928828828828828534e+01 1.130685561599999778e+00
7.938738738738739187e+01 1.057297933915999577e+00
7.948648648648648418e+01 1.135769933915999452e+00
7.958558558558559071e+01 1.107014080200000139e+00
7.968468468468468302e+01 1.107489133915999568e+00
7.978378378378378954e+01 1.129523151599999942e+00
7.988288288288288186e+01 1.048266680426000130e+00
7.998198198198198838e+01 1.133357269299999803e+00
8.008108108108108070e+01 1.057387371849999536e+00
8.018018018018018722e+01 1.118311399769999603e+00
8.027927927927927954e+01 1.109053151600000175e+00
8.037837837837838606e+01 1.077210833915999588e+00
8.047747747747747837e+01 1.132194859299999967e+00
8.057657657657657069e+01 1.057262371849999605e+00
8.067567567567567721e+01 1.118310209299999691e+00
8.077477477477476953e+01 1.094853451600000138e+00
8.087387387387387605e+01 1.091291509299999740e+00
8.097297297297296836e+01 1.108968855300000111e+00
8.107207207207207489e+01 1.048270255587000044e+00
8.117117117117116720e+01 1.117147799299999855e+00
8.127027027027027373e+01 1.057362618389999565e+00
8.136936936936936604e+01 1.091291509299999740e+00
8.146846846846847257e+01 1.094769155300000074e+00
8.156756756756756488e+01 1.050953847233999872e+00
8.166666666666667140e+01 1.107638399300000076e+00
8.176576576576576372e+01 1.050021162143999653e+00
8.186486486486487024e+01 1.106323999300000027e+00
8.196396396396396256e+01 1.073821655300000177e+00
8.206306306306306908e+01 1.077148738033999686e+00
8.216216216216216139e+01 1.112011499300000095e+00
8.226126126126126792e+01 1.048189229818999868e+00
8.236036036036036023e+01 1.107631356634000142e+00
8.245945945945946676e+01 1.057356606873999905e+00
8.255855855855855907e+01 1.090069728033999930e+00
8.265765765765765138e+01 1.099935175438999879e+00
8.275675675675675791e+01 1.050929093773999901e+00
8.285585585585585022e+01 1.096670756634000155e+00
8.295495495495495675e+01 1.050138706873999794e+00
8.305405405405404906e+01 1.080560328034000150e+00
8.315315315315315559e+01 1.059989636873999830e+00
8.325225225225224790e+01 1.049766683774000064e+00
8.335135135135135442e+01 1.082466213173000069e+00
8.345045045045044674e+01 1.048104933519000026e+00
8.354954954954955326e+01 1.085795803421000238e+00
8.364864864864864558e+01 1.055677296873999804e+00
8.374774774774775210e+01 1.073839583774000017e+00
8.384684684684684441e+01 1.061527934852999788e+00
8.394594594594595094e+01 1.047997764518999952e+00
8.404504504504504325e+01 1.083675706253000026e+00
8.414414414414414978e+01 1.048459396873999916e+00
8.424324324324324209e+01 1.069598859912999966e+00
8.434234234234234862e+01 1.055272353253999817e+00
8.444144144144144093e+01 1.047524814161000073e+00
8.454054054054054745e+01 1.082423106252999867e+00
8.463963963963963977e+01 1.047296986874000080e+00
8.473873873873874629e+01 1.067479861992999934e+00
8.483783783783783861e+01 1.059882792993999789e+00
8.493693693693693092e+01 1.066373895313000197e+00
8.503603603603603744e+01 1.061475606252999748e+00
8.513513513513512976e+01 1.046868950533999865e+00
8.523423423423423628e+01 1.071598361992999848e+00
8.533333333333332860e+01 1.051502482994000065e+00
8.543243243243243512e+01 1.053299216992999998e+00
8.553153153153152743e+01 1.055282240593999887e+00
8.563063063063063396e+01 1.049744538853000009e+00
8.572972972972972627e+01 1.053474131152999815e+00
8.582882882882883280e+01 1.049351839533000152e+00
8.592792792792792511e+01 1.055306216992999868e+00
8.602702702702703164e+01 1.053996005981000073e+00
8.612612612612612395e+01 1.044622992187000055e+00
8.622522522522523047e+01 1.035093531153000068e+00
8.632432432432432279e+01 1.053737916786999795e+00
8.642342342342342931e+01 1.055306216992999868e+00
8.652252252252252163e+01 1.044626287133000098e+00
8.662162162162162815e+01 1.053527791472999908e+00
8.672072072072072046e+01 1.054019159902999769e+00
8.681981981981982699e+01 1.049760416787000050e+00
8.691891891891891930e+01 1.035514185835999967e+00
8.701801801801802583e+01 1.037271908813000021e+00
8.711711711711711814e+01 1.041451391472999921e+00
8.721621621621621046e+01 1.051752661982999992e+00
8.731531531531531698e+01 1.040713776787000056e+00
8.741441441441440929e+01 1.034937250028999944e+00
8.751351351351351582e+01 1.033898607587000029e+00
8.761261261261260813e+01 1.035090588792999977e+00
8.771171171171171466e+01 1.037171161982999967e+00
8.781081081081080697e+01 1.036392746770000040e+00
8.790990990990991349e+01 1.028127186982999985e+00
8.800900900900900581e+01 1.044718907586999812e+00
8.810810810810811233e+01 1.022920932322999965e+00
8.820720720720720465e+01 1.026210561982999980e+00
8.830630630630631117e+01 1.039780744228000042e+00
8.840540540540540349e+01 1.020763586983000071e+00
8.850450450450451001e+01 1.043098477569999849e+00
8.860360360360360232e+01 1.020784354002999939e+00
8.870270270270270885e+01 1.033896233309999912e+00
8.880180180180180116e+01 1.018295982547000156e+00
8.890090090090090769e+01 1.037189586983000122e+00
8.900000000000000000e+01 1.038782701762999805e+00
8.909909909909910652e+01 1.020756254002999963e+00
8.919819819819819884e+01 1.027262059932999794e+00
8.929729729729729115e+01 1.021405650173000002e+00
8.939639639639639768e+01 1.026229530148000224e+00
8.949549549549548999e+01 1.022487803117000160e+00
8.959459459459459651e+01 1.020756254002999963e+00
8.969369369369368883e+01 1.021324757502999780e+00
8.979279279279279535e+01 1.021404815673000011e+00
8.989189189189188767e+01 1.027175728882999683e+00
8.999099099099099419e+01 1.019021943117000006e+00
9.009009009009008651e+01 1.009636829153000015e+00
9.018918918918919303e+01 1.020830356863999810e+00
9.028828828828828534e+01 1.013916758838000032e+00
9.038738738738739187e+01 1.022855188243999791e+00
9.048648648648648418e+01 1.000958249862999860e+00
9.058558558558559071e+01 1.003001426722999856e+00
9.068468468468468302e+01 1.020738356863999829e+00
9.078378378378378954e+01 1.009813328688000222e+00
9.088288288288288186e+01 1.022458973243999703e+00
9.098198198198198838e+01 1.014753495137000083e+00
9.108108108108108070e+01 1.027183327983999694e+00
9.118018018018018722e+01 1.000999551427999901e+00
9.127927927927927954e+01 1.003002774322999890e+00
9.137837837837838606e+01 1.003290973243999851e+00
9.147747747747747837e+01 1.002943705747999958e+00
9.157657657657657069e+01 1.022370267983999881e+00
9.167567567567567721e+01 9.978467392369998468e-01
9.177477477477476953e+01 1.003001833683999866e+00
9.187387387387387605e+01 1.000765203128000103e+00
9.197297297297296836e+01 1.002932031197000029e+00
9.207207207207207489e+01 1.022371137868000046e+00
9.217117117117116720e+01 9.825505941479998340e-01
9.227027027027027373e+01 1.011766773683999698e+00
9.236936936936936604e+01 9.915486218429999665e-01
9.246846846846847257e+01 9.935908311969999795e-01
9.256756756756756488e+01 1.000674650357000095e+00
9.266666666666667140e+01 1.000858019597000048e+00
9.276576576576576372e+01 1.011767643567999864e+00
9.286486486486487024e+01 9.915499194129999694e-01
9.296396396396396256e+01 1.000832196653999917e+00
9.306306306306306908e+01 9.990313577169999126e-01
9.316216216216216139e+01 9.987347195969998870e-01
9.326126126126126792e+01 1.002513956057000000e+00
9.336036036036036023e+01 9.735753787739999110e-01
9.345945945945946676e+01 1.010089619026999896e+00
9.355855855855855907e+01 9.806507945069999899e-01
9.365765765765765138e+01 9.909891395800001224e-01
9.375675675675675791e+01 9.992516634170000023e-01
9.385585585585585022e+01 9.804264408469999248e-01
9.395495495495495675e+01 1.007567086387000099e+00
9.405405405405404906e+01 9.892272899439998879e-01
9.415315315315315559e+01 9.843996411469998487e-01
9.425225225225224790e+01 9.808711002070000795e-01
9.435135135135135442e+01 9.982178608300000811e-01
9.445045045045044674e+01 9.883706863869997639e-01
9.454954954954955326e+01 9.736130598279998383e-01
9.464864864864864558e+01 9.938846685069998577e-01
9.474774774774775210e+01 9.790706002070000968e-01
9.484684684684684441e+01 9.843996411469998487e-01
9.494594594594595094e+01 9.991945231769998603e-01
9.504504504504504325e+01 9.664810523169997669e-01
9.514414414414414978e+01 9.899137052969999573e-01
9.524324324324324209e+01 9.790687246720001236e-01
9.534234234234234862e+01 9.818954946769998804e-01
9.544144144144144093e+01 9.790718576419999986e-01
9.554054054054054745e+01 9.664851596769997721e-01
9.563963963963963977e+01 9.882663052969999917e-01
9.573873873873874629e+01 9.664734229169997803e-01
9.583783783783783861e+01 9.818955314669999268e-01
9.593693693693693092e+01 9.790733943239999792e-01
9.603603603603603744e+01 9.771870196769999461e-01
9.613513513513512976e+01 9.681872095619999952e-01
9.623423423423423628e+01 9.664775302769997856e-01
9.633333333333332860e+01 9.924701559319999422e-01
9.643243243243243512e+01 9.476867443240001299e-01
9.653153153153152743e+01 9.819139564669998599e-01
9.663063063063063396e+01 9.665697462439999388e-01
9.672972972972972627e+01 9.596313270669998285e-01
9.682882882882883280e+01 9.924701559319999422e-01
9.692792792792792511e+01 9.664648344669998226e-01
9.702702702702703164e+01 9.627156809319998843e-01
9.712612612612612395e+01 9.766980126130000439e-01
9.722522522522523047e+01 9.630960270669999268e-01
9.732432432432432279e+01 9.722905926139999711e-01
9.742342342342342931e+01 9.596186312569998655e-01
9.752252252252252163e+01 9.762952176139999549e-01
9.762162162162162815e+01 9.460049826130001449e-01
9.772072072072072046e+01 9.755301515320000671e-01
9.781981981981982699e+01 9.699760589829999891e-01
9.791891891891891930e+01 9.596275769719997406e-01
9.801801801801802583e+01 9.744919694829999868e-01
9.811711711711711814e+01 9.496420156760001507e-01
9.821621621621621046e+01 9.579894831140000067e-01
9.831531531531531698e+01 9.595295120460001215e-01
9.841441441441440929e+01 9.614464136539998540e-01
9.851351351351351582e+01 9.716126494829999682e-01
9.861261261261260813e+01 9.602304869719997527e-01
9.871171171171171466e+01 9.697650694829998974e-01
9.881081081081080697e+01 9.417491313889998494e-01
9.890990990990991349e+01 9.438974136539998172e-01
9.900900900900900581e+01 9.653534425459999735e-01
9.910810810810811233e+01 9.620493236539998660e-01
9.920720720720720465e+01 9.506908494829999778e-01
9.930630630630631117e+01 9.417872077629999561e-01
9.940540540540540349e+01 9.561784000229999192e-01
9.950450450450451001e+01 9.673711382630001410e-01
9.960360360360360232e+01 9.620474100229998715e-01
9.970270270270270885e+01 9.491598282630000494e-01
9.980180180180180116e+01 9.474899519069999165e-01
9.990090090090090769e+01 9.690644030860000591e-01
1.000000000000000000e+02 9.440648545069998399e-01
