0.000000000000000000e+00
6.977734375000000430e-04
1.395546875000000086e-03
2.093320312499999912e-03
2.791093750000000172e-03
3.488867187500000432e-03
4.186640624999999824e-03
4.884414062500000084e-03
5.582187500000000344e-03
6.279960937500000603e-03
6.977734375000000863e-03
7.675507812500000256e-03
8.373281249999999648e-03
9.071054687499999908e-03
9.768828125000000168e-03
1.046660156250000043e-02
1.116437500000000069e-02
1.186214843750000095e-02
1.255992187500000121e-02
1.325769531250000147e-02
1.395546875000000173e-02
1.465324218750000025e-02
1.535101562500000051e-02
1.604878906250000251e-02
1.674656249999999930e-02
1.744433593749999956e-02
1.814210937499999982e-02
1.883988281250000008e-02
1.953765625000000034e-02
2.023542968750000060e-02
2.093320312500000085e-02
2.163097656250000111e-02
2.232875000000000137e-02
2.302652343750000163e-02
2.372429687500000189e-02
2.442207031250000215e-02
2.511984375000000241e-02
2.581761718750000267e-02
2.651539062500000293e-02
2.721316406250000319e-02
2.791093750000000345e-02
2.860871093750000024e-02
2.930648437500000050e-02
3.000425781250000076e-02
3.070203125000000102e-02
3.139980468750000475e-02
3.209757812500000501e-02
3.279535156250000527e-02
3.349312499999999859e-02
3.419089843749999885e-02
3.488867187499999911e-02
3.558644531249999937e-02
3.628421874999999963e-02
3.698199218749999989e-02
3.767976562500000015e-02
3.837753906250000041e-02
3.907531250000000067e-02
3.977308593750000093e-02
4.047085937500000119e-02
4.116863281250000145e-02
4.186640625000000171e-02
4.256417968750000197e-02
4.326195312500000223e-02
4.395972656250000249e-02
4.465750000000000275e-02
4.535527343750000301e-02
4.605304687500000327e-02
4.675082031250000353e-02
4.744859375000000379e-02
4.814636718750000405e-02
4.884414062500000431e-02
4.954191406250000457e-02
5.023968750000000483e-02
5.093746093750000509e-02
5.163523437500000535e-02
5.233300781250000561e-02
5.303078125000000587e-02
5.372855468750000613e-02
5.442632812500000639e-02
5.512410156250000665e-02
5.582187500000000691e-02
5.651964843750000023e-02
5.721742187500000049e-02
5.791519531250000075e-02
5.861296875000000101e-02
5.931074218750000127e-02
6.000851562500000153e-02
6.070628906250000179e-02
6.140406250000000205e-02
6.210183593750000230e-02
6.279960937500000950e-02
6.349738281250000282e-02
6.419515625000001002e-02
6.489292968750000334e-02
6.559070312500001054e-02
6.628847656250000386e-02
6.698624999999999718e-02
6.768402343750000438e-02
6.838179687499999770e-02
6.907957031250000490e-02
6.977734374999999822e-02
7.047511718750000542e-02
7.117289062499999874e-02
7.187066406250000594e-02
7.256843749999999926e-02
7.326621093750000646e-02
7.396398437499999978e-02
7.466175781250000698e-02
7.535953125000000030e-02
7.605730468750000750e-02
7.675507812500000082e-02
7.745285156250000802e-02
7.815062500000000134e-02
7.884839843750000854e-02
7.954617187500000186e-02
8.024394531250000906e-02
8.094171875000000238e-02
8.163949218750000958e-02
8.233726562500000290e-02
8.303503906250001010e-02
8.373281250000000342e-02
8.443058593750001062e-02
8.512835937500000394e-02
8.582613281250001114e-02
8.652390625000000446e-02
8.722167968750001166e-02
8.791945312500000498e-02
8.861722656250001218e-02
8.931500000000000550e-02
9.001277343749999882e-02
9.071054687500000602e-02
9.140832031249999934e-02
9.210609375000000654e-02
9.280386718749999986e-02
9.350164062500000706e-02
9.419941406250000038e-02
9.489718750000000758e-02
9.559496093750000090e-02
9.629273437500000810e-02
9.699050781250000142e-02
9.768828125000000862e-02
9.838605468750000194e-02
9.908382812500000913e-02
9.978160156250000246e-02
1.004793750000000097e-01
1.011771484375000030e-01
1.018749218750000102e-01
1.025726953125000035e-01
1.032704687500000107e-01
1.039682421875000040e-01
1.046660156250000112e-01
1.053637890625000045e-01
1.060615625000000117e-01
1.067593359375000051e-01
1.074571093750000123e-01
1.081548828125000056e-01
1.088526562500000128e-01
1.095504296875000061e-01
1.102482031250000133e-01
1.109459765625000066e-01
1.116437500000000138e-01
1.123415234375000071e-01
1.130392968750000005e-01
1.137370703125000077e-01
1.144348437500000010e-01
1.151326171875000082e-01
1.158303906250000015e-01
1.165281640625000087e-01
1.172259375000000020e-01
1.179237109375000092e-01
1.186214843750000025e-01
1.193192578125000097e-01
1.200170312500000031e-01
1.207148046875000102e-01
1.214125781250000036e-01
1.221103515625000108e-01
1.228081250000000041e-01
1.235058984375000113e-01
1.242036718750000046e-01
1.249014453125000118e-01
1.255992187500000190e-01
1.262969921875000123e-01
1.269947656250000056e-01
1.276925390624999990e-01
1.283903125000000200e-01
1.290880859375000134e-01
1.297858593750000067e-01
1.304836328125000000e-01
1.311814062500000211e-01
1.318791796875000144e-01
1.325769531250000077e-01
1.332747265625000010e-01
1.339724999999999944e-01
1.346702734375000154e-01
1.353680468750000088e-01
1.360658203125000021e-01
1.367635937499999954e-01
1.374613671875000165e-01
1.381591406250000098e-01
1.388569140625000031e-01
1.395546874999999964e-01
1.402524609375000175e-01
1.409502343750000108e-01
1.416480078125000042e-01
1.423457812499999975e-01
1.430435546875000186e-01
1.437413281250000119e-01
1.444391015625000052e-01
1.451368749999999985e-01
1.458346484375000196e-01
1.465324218750000129e-01
1.472301953125000062e-01
1.479279687499999996e-01
1.486257421875000206e-01
1.493235156250000140e-01
1.500212890625000073e-01
1.507190625000000006e-01
1.514168359375000217e-01
1.521146093750000150e-01
1.528123828125000083e-01
1.535101562500000016e-01
1.542079296875000227e-01
1.549057031250000160e-01
1.556034765625000094e-01
1.563012500000000027e-01
1.569990234374999960e-01
1.576967968750000171e-01
1.583945703125000104e-01
1.590923437500000037e-01
1.597901171874999970e-01
1.604878906250000181e-01
1.611856640625000114e-01
1.618834375000000048e-01
1.625812109374999981e-01
1.632789843750000192e-01
1.639767578125000125e-01
1.646745312500000058e-01
1.653723046874999991e-01
1.660700781250000202e-01
1.667678515625000135e-01
1.674656250000000068e-01
1.681633984375000002e-01
1.688611718750000212e-01
1.695589453125000146e-01
1.702567187500000079e-01
1.709544921875000012e-01
1.716522656250000223e-01
1.723500390625000156e-01
1.730478125000000089e-01
1.737455859375000022e-01
1.744433593750000233e-01
1.751411328125000166e-01
1.758389062500000100e-01
1.765366796875000033e-01
1.772344531250000244e-01
1.779322265625000177e-01
1.786300000000000110e-01
1.793277734375000043e-01
1.800255468749999976e-01
1.807233203125000187e-01
1.814210937500000120e-01
1.821188671875000054e-01
1.828166406249999987e-01
1.835144140625000198e-01
1.842121875000000131e-01
1.849099609375000064e-01
1.856077343749999997e-01
1.863055078125000208e-01
1.870032812500000141e-01
1.877010546875000074e-01
1.883988281250000008e-01
1.890966015625000218e-01
1.897943750000000152e-01
1.904921484375000085e-01
1.911899218750000018e-01
1.918876953125000229e-01
1.925854687500000162e-01
1.932832421875000095e-01
1.939810156250000028e-01
1.946787890625000239e-01
1.953765625000000172e-01
1.960743359375000106e-01
1.967721093750000039e-01
1.974698828125000249e-01
1.981676562500000183e-01
1.988654296875000116e-01
1.995632031250000049e-01
2.002609765625000260e-01
2.009587500000000193e-01
2.016565234375000126e-01
2.023542968750000060e-01
2.030520703124999993e-01
2.037498437500000203e-01
2.044476171875000137e-01
2.051453906250000070e-01
2.058431640625000003e-01
2.065409375000000214e-01
2.072387109375000147e-01
2.079364843750000080e-01
2.086342578125000014e-01
2.093320312500000224e-01
2.100298046875000157e-01
2.107275781250000091e-01
2.114253515625000024e-01
2.121231250000000235e-01
2.128208984375000168e-01
2.135186718750000101e-01
2.142164453125000034e-01
2.149142187500000245e-01
2.156119921875000178e-01
2.163097656250000111e-01
2.170075390625000045e-01
2.177053125000000255e-01
2.184030859375000189e-01
2.191008593750000122e-01
2.197986328125000055e-01
2.204964062500000266e-01
2.211941796875000199e-01
2.218919531250000132e-01
2.225897265625000065e-01
2.232875000000000276e-01
2.239852734375000209e-01
2.246830468750000143e-01
2.253808203125000076e-01
2.260785937500000009e-01
2.267763671875000220e-01
2.274741406250000153e-01
2.281719140625000086e-01
2.288696875000000019e-01
2.295674609375000230e-01
2.302652343750000163e-01
2.309630078125000097e-01
2.316607812500000030e-01
2.323585546875000241e-01
2.330563281250000174e-01
2.337541015625000107e-01
2.344518750000000040e-01
2.351496484375000251e-01
2.358474218750000184e-01
2.365451953125000117e-01
2.372429687500000051e-01
2.379407421875000261e-01
2.386385156250000195e-01
2.393362890625000128e-01
2.400340625000000061e-01
2.407318359375000272e-01
2.414296093750000205e-01
2.421273828125000138e-01
2.428251562500000071e-01
2.435229296875000282e-01
2.442207031250000215e-01
2.449184765625000149e-01
2.456162500000000082e-01
2.463140234375000015e-01
2.470117968750000226e-01
2.477095703125000159e-01
2.484073437500000092e-01
2.491051171875000025e-01
2.498028906250000236e-01
2.505006640624999892e-01
2.511984375000000380e-01
2.518962109375000313e-01
2.525939843750000247e-01
2.532917578125000180e-01
2.539895312500000113e-01
2.546873046875000046e-01
2.553850781249999979e-01
2.560828515624999913e-01
2.567806250000000401e-01
2.574783984375000334e-01
2.581761718750000267e-01
2.588739453125000201e-01
2.595717187500000134e-01
2.602694921875000067e-01
2.609672656250000000e-01
2.616650390624999933e-01
2.623628125000000422e-01
2.630605859375000355e-01
2.637583593750000288e-01
2.644561328125000221e-01
2.651539062500000155e-01
2.658516796875000088e-01
2.665494531250000021e-01
2.672472265624999954e-01
2.679449999999999887e-01
2.686427734375000376e-01
2.693405468750000309e-01
2.700383203125000242e-01
2.707360937500000175e-01
2.714338671875000109e-01
2.721316406250000042e-01
2.728294140624999975e-01
2.735271874999999908e-01
2.742249609375000396e-01
2.749227343750000330e-01
2.756205078125000263e-01
2.763182812500000196e-01
2.770160546875000129e-01
2.777138281250000063e-01
2.784116015624999996e-01
2.791093749999999929e-01
2.798071484375000417e-01
2.805049218750000350e-01
2.812026953125000284e-01
2.819004687500000217e-01
2.825982421875000150e-01
2.832960156250000083e-01
2.839937890625000017e-01
2.846915624999999950e-01
2.853893359375000438e-01
2.860871093750000371e-01
2.867848828125000304e-01
2.874826562500000238e-01
2.881804296875000171e-01
2.888782031250000104e-01
2.895759765625000037e-01
2.902737499999999971e-01
2.909715234374999904e-01
2.916692968750000392e-01
2.923670703125000325e-01
2.930648437500000258e-01
2.937626171875000192e-01
2.944603906250000125e-01
2.951581640625000058e-01
2.958559374999999991e-01
2.965537109374999925e-01
2.972514843750000413e-01
2.979492578125000346e-01
2.986470312500000279e-01
2.993448046875000212e-01
3.000425781250000146e-01
3.007403515625000079e-01
3.014381250000000012e-01
3.021358984374999945e-01
3.028336718750000434e-01
3.035314453125000367e-01
3.042292187500000300e-01
3.049269921875000233e-01
3.056247656250000166e-01
3.063225390625000100e-01
3.070203125000000033e-01
3.077180859374999966e-01
3.084158593750000454e-01
3.091136328125000388e-01
3.098114062500000321e-01
3.105091796875000254e-01
3.112069531250000187e-01
3.119047265625000120e-01
3.126025000000000054e-01
3.133002734374999987e-01
3.139980468749999920e-01
3.146958203125000408e-01
3.153935937500000342e-01
3.160913671875000275e-01
3.167891406250000208e-01
3.174869140625000141e-01
3.181846875000000074e-01
3.188824609375000008e-01
3.195802343749999941e-01
3.202780078125000429e-01
3.209757812500000362e-01
3.216735546875000296e-01
3.223713281250000229e-01
3.230691015625000162e-01
3.237668750000000095e-01
3.244646484375000028e-01
3.251624218749999962e-01
3.258601953125000450e-01
3.265579687500000383e-01
3.272557421875000316e-01
3.279535156250000250e-01
3.286512890625000183e-01
3.293490625000000116e-01
3.300468359375000049e-01
3.307446093749999982e-01
3.314423828125000471e-01
3.321401562500000404e-01
3.328379296875000337e-01
3.335357031250000270e-01
3.342334765625000204e-01
3.349312500000000137e-01
3.356290234375000070e-01
3.363267968750000003e-01
3.370245703124999936e-01
3.377223437500000425e-01
3.384201171875000358e-01
3.391178906250000291e-01
3.398156640625000224e-01
3.405134375000000158e-01
3.412112109375000091e-01
3.419089843750000024e-01
3.426067578124999957e-01
3.433045312500000446e-01
3.440023046875000379e-01
3.447000781250000312e-01
3.453978515625000245e-01
3.460956250000000178e-01
3.467933984375000112e-01
3.474911718750000045e-01
3.481889453124999978e-01
3.488867187500000466e-01
3.495844921875000400e-01
3.502822656250000333e-01
3.509800390625000266e-01
3.516778125000000199e-01
3.523755859375000132e-01
3.530733593750000066e-01
3.537711328124999999e-01
3.544689062500000487e-01
3.551666796875000420e-01
3.558644531250000353e-01
3.565622265625000287e-01
3.572600000000000220e-01
3.579577734375000153e-01
3.586555468750000086e-01
3.593533203125000020e-01
3.600510937499999953e-01
3.607488671875000441e-01
3.614466406250000374e-01
3.621444140625000307e-01
3.628421875000000241e-01
3.635399609375000174e-01
3.642377343750000107e-01
3.649355078125000040e-01
3.656332812499999974e-01
3.663310546875000462e-01
3.670288281250000395e-01
3.677266015625000328e-01
3.684243750000000261e-01
3.691221484375000195e-01
3.698199218750000128e-01
3.705176953125000061e-01
3.712154687499999994e-01
3.719132421875000483e-01
3.726110156250000416e-01
3.733087890625000349e-01
3.740065625000000282e-01
3.747043359375000215e-01
3.754021093750000149e-01
3.760998828125000082e-01
3.767976562500000015e-01
3.774954296875000503e-01
3.781932031250000437e-01
3.788909765625000370e-01
3.795887500000000303e-01
3.802865234375000236e-01
3.809842968750000169e-01
3.816820703125000103e-01
3.823798437500000036e-01
3.830776171874999969e-01
3.837753906250000457e-01
3.844731640625000391e-01
3.851709375000000324e-01
3.858687109375000257e-01
3.865664843750000190e-01
3.872642578125000123e-01
3.879620312500000057e-01
3.886598046874999990e-01
3.893575781250000478e-01
3.900553515625000411e-01
3.907531250000000345e-01
3.914508984375000278e-01
3.921486718750000211e-01
3.928464453125000144e-01
3.935442187500000077e-01
3.942419921875000011e-01
3.949397656250000499e-01
3.956375390625000432e-01
3.963353125000000365e-01
3.970330859375000299e-01
3.977308593750000232e-01
3.984286328125000165e-01
3.991264062500000098e-01
3.998241796875000031e-01
4.005219531250000520e-01
4.012197265625000453e-01
4.019175000000000386e-01
4.026152734375000319e-01
4.033130468750000253e-01
4.040108203125000186e-01
4.047085937500000119e-01
4.054063671875000052e-01
4.061041406249999985e-01
4.068019140625000474e-01
4.074996875000000407e-01
4.081974609375000340e-01
4.088952343750000273e-01
4.095930078125000207e-01
4.102907812500000140e-01
4.109885546875000073e-01
4.116863281250000006e-01
4.123841015625000495e-01
4.130818750000000428e-01
4.137796484375000361e-01
4.144774218750000294e-01
4.151751953125000227e-01
4.158729687500000161e-01
4.165707421875000094e-01
4.172685156250000027e-01
4.179662890625000515e-01
4.186640625000000449e-01
4.193618359375000382e-01
4.200596093750000315e-01
4.207573828125000248e-01
4.214551562500000181e-01
4.221529296875000115e-01
4.228507031250000048e-01
4.235484765625000536e-01
4.242462500000000469e-01
4.249440234375000403e-01
4.256417968750000336e-01
4.263395703125000269e-01
4.270373437500000202e-01
4.277351171875000135e-01
4.284328906250000069e-01
4.291306640625000002e-01
4.298284375000000490e-01
4.305262109375000423e-01
4.312239843750000357e-01
4.319217578125000290e-01
4.326195312500000223e-01
4.333173046875000156e-01
4.340150781250000089e-01
4.347128515625000023e-01
4.354106250000000511e-01
4.361083984375000444e-01
4.368061718750000377e-01
4.375039453125000311e-01
4.382017187500000244e-01
4.388994921875000177e-01
4.395972656250000110e-01
4.402950390625000043e-01
4.409928125000000532e-01
4.416905859375000465e-01
4.423883593750000398e-01
4.430861328125000331e-01
4.437839062500000264e-01
4.444816796875000198e-01
4.451794531250000131e-01
4.458772265625000064e-01
4.465750000000000552e-01
4.472727734375000486e-01
4.479705468750000419e-01
4.486683203125000352e-01
4.493660937500000285e-01
4.500638671875000218e-01
4.507616406250000152e-01
4.514594140625000085e-01
4.521571875000000018e-01
4.528549609375000506e-01
4.535527343750000440e-01
4.542505078125000373e-01
4.549482812500000306e-01
4.556460546875000239e-01
4.563438281250000172e-01
4.570416015625000106e-01
4.577393750000000039e-01
4.584371484375000527e-01
4.591349218750000460e-01
4.598326953125000394e-01
4.605304687500000327e-01
4.612282421875000260e-01
4.619260156250000193e-01
4.626237890625000126e-01
4.633215625000000060e-01
4.640193359375000548e-01
4.647171093750000481e-01
4.654148828125000414e-01
4.661126562500000348e-01
4.668104296875000281e-01
4.675082031250000214e-01
4.682059765625000147e-01
4.689037500000000080e-01
4.696015234375000014e-01
4.702992968750000502e-01
4.709970703125000435e-01
4.716948437500000368e-01
4.723926171875000302e-01
4.730903906250000235e-01
4.737881640625000168e-01
4.744859375000000101e-01
4.751837109375000034e-01
4.758814843750000523e-01
4.765792578125000456e-01
4.772770312500000389e-01
4.779748046875000322e-01
4.786725781250000256e-01
4.793703515625000189e-01
4.800681250000000122e-01
4.807658984375000055e-01
4.814636718750000544e-01
4.821614453125000477e-01
4.828592187500000410e-01
4.835569921875000343e-01
4.842547656250000276e-01
4.849525390625000210e-01
4.856503125000000143e-01
4.863480859375000076e-01
4.870458593750000564e-01
4.877436328125000498e-01
4.884414062500000431e-01
4.891391796875000364e-01
4.898369531250000297e-01
4.905347265625000230e-01
4.912325000000000164e-01
4.919302734375000097e-01
4.926280468750000030e-01
4.933258203125000518e-01
4.940235937500000452e-01
4.947213671875000385e-01
4.954191406250000318e-01
4.961169140625000251e-01
4.968146875000000184e-01
4.975124609375000118e-01
4.982102343750000051e-01
4.989080078125000539e-01
4.996057812500000472e-01
5.003035546874999850e-01
5.010013281249999784e-01
5.016991015625000827e-01
5.023968750000000760e-01
5.030946484375000693e-01
5.037924218750000627e-01
5.044901953125000560e-01
5.051879687500000493e-01
5.058857421875000426e-01
5.065835156250000360e-01
5.072812890625000293e-01
5.079790625000000226e-01
5.086768359375000159e-01
5.093746093750000092e-01
5.100723828125000026e-01
5.107701562499999959e-01
5.114679296874999892e-01
5.121657031249999825e-01
5.128634765625000869e-01
5.135612500000000802e-01
5.142590234375000735e-01
5.149567968750000668e-01
5.156545703125000601e-01
5.163523437500000535e-01
5.170501171875000468e-01
5.177478906250000401e-01
5.184456640625000334e-01
5.191434375000000268e-01
5.198412109375000201e-01
5.205389843750000134e-01
5.212367578125000067e-01
5.219345312500000000e-01
5.226323046874999934e-01
5.233300781249999867e-01
5.240278515624999800e-01
5.247256250000000843e-01
5.254233984375000777e-01
5.261211718750000710e-01
5.268189453125000643e-01
5.275167187500000576e-01
5.282144921875000509e-01
5.289122656250000443e-01
5.296100390625000376e-01
5.303078125000000309e-01
5.310055859375000242e-01
5.317033593750000176e-01
5.324011328125000109e-01
5.330989062500000042e-01
5.337966796874999975e-01
5.344944531249999908e-01
5.351922265624999842e-01
5.358899999999999775e-01
5.365877734375000818e-01
5.372855468750000751e-01
5.379833203125000685e-01
5.386810937500000618e-01
5.393788671875000551e-01
5.400766406250000484e-01
5.407744140625000417e-01
5.414721875000000351e-01
5.421699609375000284e-01
5.428677343750000217e-01
5.435655078125000150e-01
5.442632812500000083e-01
5.449610546875000017e-01
5.456588281249999950e-01
5.463566015624999883e-01
5.470543749999999816e-01
5.477521484375000860e-01
5.484499218750000793e-01
5.491476953125000726e-01
5.498454687500000659e-01
5.505432421875000593e-01
5.512410156250000526e-01
5.519387890625000459e-01
5.526365625000000392e-01
5.533343359375000325e-01
5.540321093750000259e-01
5.547298828125000192e-01
5.554276562500000125e-01
5.561254296875000058e-01
5.568232031249999991e-01
5.575209765624999925e-01
5.582187499999999858e-01
5.589165234374999791e-01
5.596142968750000835e-01
5.603120703125000768e-01
5.610098437500000701e-01
5.617076171875000634e-01
5.624053906250000567e-01
5.631031640625000501e-01
5.638009375000000434e-01
5.644987109375000367e-01
5.651964843750000300e-01
5.658942578125000233e-01
5.665920312500000167e-01
5.672898046875000100e-01
5.679875781250000033e-01
5.686853515624999966e-01
5.693831249999999899e-01
5.700808984374999833e-01
5.707786718750000876e-01
5.714764453125000809e-01
5.721742187500000743e-01
5.728719921875000676e-01
5.735697656250000609e-01
5.742675390625000542e-01
5.749653125000000475e-01
5.756630859375000409e-01
5.763608593750000342e-01
5.770586328125000275e-01
5.777564062500000208e-01
5.784541796875000141e-01
5.791519531250000075e-01
5.798497265625000008e-01
5.805474999999999941e-01
5.812452734374999874e-01
5.819430468749999807e-01
5.826408203125000851e-01
5.833385937500000784e-01
5.840363671875000717e-01
5.847341406250000651e-01
5.854319140625000584e-01
5.861296875000000517e-01
5.868274609375000450e-01
5.875252343750000383e-01
5.882230078125000317e-01
5.889207812500000250e-01
5.896185546875000183e-01
5.903163281250000116e-01
5.910141015625000049e-01
5.917118749999999983e-01
5.924096484374999916e-01
5.931074218749999849e-01
5.938051953125000892e-01
5.945029687500000826e-01
5.952007421875000759e-01
5.958985156250000692e-01
5.965962890625000625e-01
5.972940625000000558e-01
5.979918359375000492e-01
5.986896093750000425e-01
5.993873828125000358e-01
6.000851562500000291e-01
6.007829296875000225e-01
6.014807031250000158e-01
6.021784765625000091e-01
6.028762500000000024e-01
6.035740234374999957e-01
6.042717968749999891e-01
6.049695703124999824e-01
6.056673437500000867e-01
6.063651171875000800e-01
6.070628906250000734e-01
6.077606640625000667e-01
6.084584375000000600e-01
6.091562109375000533e-01
6.098539843750000466e-01
6.105517578125000400e-01
6.112495312500000333e-01
6.119473046875000266e-01
6.126450781250000199e-01
6.133428515625000133e-01
6.140406250000000066e-01
6.147383984374999999e-01
6.154361718749999932e-01
6.161339453124999865e-01
6.168317187500000909e-01
6.175294921875000842e-01
6.182272656250000775e-01
6.189250390625000708e-01
6.196228125000000642e-01
6.203205859375000575e-01
6.210183593750000508e-01
6.217161328125000441e-01
6.224139062500000374e-01
6.231116796875000308e-01
6.238094531250000241e-01
6.245072265625000174e-01
6.252050000000000107e-01
6.259027734375000041e-01
6.266005468749999974e-01
6.272983203124999907e-01
6.279960937499999840e-01
6.286938671875000884e-01
6.293916406250000817e-01
6.300894140625000750e-01
6.307871875000000683e-01
6.314849609375000616e-01
6.321827343750000550e-01
6.328805078125000483e-01
6.335782812500000416e-01
6.342760546875000349e-01
6.349738281250000282e-01
6.356716015625000216e-01
6.363693750000000149e-01
6.370671484375000082e-01
6.377649218750000015e-01
6.384626953124999948e-01
6.391604687499999882e-01
6.398582421875000925e-01
6.405560156250000858e-01
6.412537890625000792e-01
6.419515625000000725e-01
6.426493359375000658e-01
6.433471093750000591e-01
6.440448828125000524e-01
6.447426562500000458e-01
6.454404296875000391e-01
6.461382031250000324e-01
6.468359765625000257e-01
6.475337500000000190e-01
6.482315234375000124e-01
6.489292968750000057e-01
6.496270703124999990e-01
6.503248437499999923e-01
6.510226171874999856e-01
6.517203906250000900e-01
6.524181640625000833e-01
6.531159375000000766e-01
6.538137109375000700e-01
6.545114843750000633e-01
6.552092578125000566e-01
6.559070312500000499e-01
6.566048046875000432e-01
6.573025781250000366e-01
6.580003515625000299e-01
6.586981250000000232e-01
6.593958984375000165e-01
6.600936718750000098e-01
6.607914453125000032e-01
6.614892187499999965e-01
6.621869921874999898e-01
6.628847656250000941e-01
6.635825390625000875e-01
6.642803125000000808e-01
6.649780859375000741e-01
6.656758593750000674e-01
6.663736328125000608e-01
6.670714062500000541e-01
6.677691796875000474e-01
6.684669531250000407e-01
6.691647265625000340e-01
6.698625000000000274e-01
6.705602734375000207e-01
6.712580468750000140e-01
6.719558203125000073e-01
6.726535937500000006e-01
6.733513671874999940e-01
6.740491406249999873e-01
6.747469140625000916e-01
6.754446875000000849e-01
6.761424609375000783e-01
6.768402343750000716e-01
6.775380078125000649e-01
6.782357812500000582e-01
6.789335546875000515e-01
6.796313281250000449e-01
6.803291015625000382e-01
6.810268750000000315e-01
6.817246484375000248e-01
6.824224218750000182e-01
6.831201953125000115e-01
6.838179687500000048e-01
6.845157421874999981e-01
6.852135156249999914e-01
6.859112890625000958e-01
6.866090625000000891e-01
6.873068359375000824e-01
6.880046093750000757e-01
6.887023828125000691e-01
6.894001562500000624e-01
6.900979296875000557e-01
6.907957031250000490e-01
6.914934765625000423e-01
6.921912500000000357e-01
6.928890234375000290e-01
6.935867968750000223e-01
6.942845703125000156e-01
6.949823437500000090e-01
6.956801171875000023e-01
6.963778906249999956e-01
6.970756640624999889e-01
6.977734375000000933e-01
6.984712109375000866e-01
6.991689843750000799e-01
6.998667578125000732e-01
7.005645312500000665e-01
7.012623046875000599e-01
7.019600781250000532e-01
7.026578515625000465e-01
7.033556250000000398e-01
7.040533984375000331e-01
7.047511718750000265e-01
7.054489453125000198e-01
7.061467187500000131e-01
7.068444921875000064e-01
7.075422656249999998e-01
7.082400390624999931e-01
7.089378125000000974e-01
7.096355859375000907e-01
7.103333593750000841e-01
7.110311328125000774e-01
7.117289062500000707e-01
7.124266796875000640e-01
7.131244531250000573e-01
7.138222265625000507e-01
