6.051250000000000000e+02
6.053750000000000000e+02
6.056250000000000000e+02
6.058750000000000000e+02
6.061250000000000000e+02
6.063750000000000000e+02
6.066250000000000000e+02
6.068750000000000000e+02
6.071250000000000000e+02
6.073750000000000000e+02
6.076250000000000000e+02
6.078750000000000000e+02
6.081250000000000000e+02
6.083750000000000000e+02
6.086250000000000000e+02
6.088750000000000000e+02
6.091250000000000000e+02
6.093750000000000000e+02
6.096250000000000000e+02
6.098750000000000000e+02
6.101250000000000000e+02
6.103750000000000000e+02
6.106250000000000000e+02
6.108750000000000000e+02
6.111250000000000000e+02
6.113750000000000000e+02
6.116250000000000000e+02
6.118750000000000000e+02
6.121250000000000000e+02
6.123750000000000000e+02
6.126250000000000000e+02
6.128750000000000000e+02
6.131250000000000000e+02
6.133750000000000000e+02
6.136250000000000000e+02
6.138750000000000000e+02
6.141250000000000000e+02
6.143750000000000000e+02
6.146250000000000000e+02
6.148750000000000000e+02
