0.000000000000000000e+00
3.260937499999999812e-05
6.521874999999999623e-05
9.782812499999998758e-05
1.304374999999999925e-04
1.630468749999999974e-04
1.956562499999999752e-04
2.282656249999999800e-04
2.608749999999999849e-04
2.934843749999999627e-04
3.260937499999999947e-04
3.587031249999999725e-04
3.913124999999999503e-04
4.239218749999999823e-04
4.565312499999999601e-04
4.891406249999999921e-04
5.217499999999999699e-04
5.543593749999999477e-04
5.869687499999999255e-04
6.195781250000000117e-04
6.521874999999999895e-04
6.847968749999999672e-04
7.174062499999999450e-04
7.500156249999999228e-04
7.826249999999999006e-04
8.152343749999999868e-04
8.478437499999999646e-04
8.804531249999999424e-04
9.130624999999999202e-04
9.456718749999998980e-04
9.782812499999999842e-04
1.010890624999999854e-03
1.043499999999999940e-03
1.076109375000000026e-03
1.108718749999999895e-03
1.141328124999999982e-03
1.173937499999999851e-03
1.206546874999999937e-03
1.239156250000000023e-03
1.271765624999999893e-03
1.304374999999999979e-03
1.336984374999999848e-03
1.369593749999999934e-03
1.402203125000000021e-03
1.434812499999999890e-03
1.467421874999999976e-03
1.500031249999999846e-03
1.532640624999999932e-03
1.565249999999999801e-03
1.597859374999999887e-03
1.630468749999999974e-03
1.663078124999999843e-03
1.695687499999999929e-03
1.728296874999999799e-03
1.760906249999999885e-03
1.793515624999999971e-03
1.826124999999999840e-03
1.858734374999999927e-03
1.891343749999999796e-03
1.923953124999999882e-03
1.956562499999999968e-03
1.989171875000000055e-03
2.021781249999999707e-03
2.054390624999999793e-03
2.086999999999999880e-03
2.119609374999999966e-03
2.152218750000000052e-03
2.184828124999999704e-03
2.217437499999999791e-03
2.250046874999999877e-03
2.282656249999999963e-03
2.315265625000000049e-03
2.347874999999999702e-03
2.380484374999999788e-03
2.413093749999999874e-03
2.445703124999999960e-03
2.478312500000000047e-03
2.510921874999999699e-03
2.543531249999999785e-03
2.576140624999999872e-03
2.608749999999999958e-03
2.641359375000000044e-03
2.673968749999999697e-03
2.706578124999999783e-03
2.739187499999999869e-03
2.771796874999999955e-03
2.804406250000000041e-03
2.837015624999999694e-03
2.869624999999999780e-03
2.902234374999999866e-03
2.934843749999999953e-03
2.967453125000000039e-03
3.000062499999999691e-03
3.032671874999999777e-03
3.065281249999999864e-03
3.097890624999999950e-03
3.130499999999999602e-03
3.163109374999999689e-03
3.195718749999999775e-03
3.228328124999999861e-03
3.260937499999999947e-03
3.293546874999999600e-03
3.326156249999999686e-03
3.358765624999999772e-03
3.391374999999999858e-03
3.423984374999999945e-03
3.456593749999999597e-03
3.489203124999999683e-03
3.521812499999999770e-03
3.554421874999999856e-03
3.587031249999999942e-03
3.619640624999999595e-03
3.652249999999999681e-03
3.684859374999999767e-03
3.717468749999999853e-03
3.750078124999999939e-03
3.782687499999999592e-03
3.815296874999999678e-03
3.847906249999999764e-03
3.880515624999999851e-03
3.913124999999999937e-03
3.945734375000000023e-03
3.978343750000000109e-03
4.010953125000000195e-03
4.043562499999999414e-03
4.076171874999999500e-03
4.108781249999999587e-03
4.141390624999999673e-03
4.173999999999999759e-03
4.206609374999999845e-03
4.239218749999999931e-03
4.271828125000000018e-03
4.304437500000000104e-03
4.337046874999999323e-03
4.369656249999999409e-03
4.402265624999999495e-03
4.434874999999999581e-03
4.467484374999999668e-03
4.500093749999999754e-03
4.532703124999999840e-03
4.565312499999999926e-03
4.597921875000000012e-03
4.630531250000000099e-03
4.663140624999999317e-03
4.695749999999999404e-03
4.728359374999999490e-03
4.760968749999999576e-03
4.793578124999999662e-03
4.826187499999999748e-03
4.858796874999999835e-03
4.891406249999999921e-03
4.924015625000000007e-03
4.956625000000000093e-03
4.989234374999999312e-03
5.021843749999999398e-03
5.054453124999999485e-03
5.087062499999999571e-03
5.119671874999999657e-03
5.152281249999999743e-03
5.184890624999999829e-03
5.217499999999999916e-03
5.250109375000000002e-03
5.282718750000000088e-03
5.315328124999999307e-03
5.347937499999999393e-03
5.380546874999999479e-03
5.413156249999999566e-03
5.445765624999999652e-03
5.478374999999999738e-03
5.510984374999999824e-03
5.543593749999999910e-03
5.576203124999999997e-03
5.608812500000000083e-03
5.641421874999999302e-03
5.674031249999999388e-03
5.706640624999999474e-03
5.739249999999999560e-03
5.771859374999999646e-03
5.804468749999999733e-03
5.837078124999999819e-03
5.869687499999999905e-03
5.902296874999999991e-03
5.934906250000000077e-03
5.967515624999999296e-03
6.000124999999999383e-03
6.032734374999999469e-03
6.065343749999999555e-03
6.097953124999999641e-03
6.130562499999999727e-03
6.163171874999999814e-03
6.195781249999999900e-03
6.228390624999999986e-03
6.260999999999999205e-03
6.293609374999999291e-03
6.326218749999999377e-03
6.358828124999999463e-03
6.391437499999999550e-03
6.424046874999999636e-03
6.456656249999999722e-03
6.489265624999999808e-03
6.521874999999999895e-03
6.554484374999999981e-03
6.587093749999999200e-03
6.619703124999999286e-03
6.652312499999999372e-03
6.684921874999999458e-03
6.717531249999999544e-03
6.750140624999999631e-03
6.782749999999999717e-03
6.815359374999999803e-03
6.847968749999999889e-03
6.880578124999999975e-03
6.913187499999999194e-03
6.945796874999999281e-03
6.978406249999999367e-03
7.011015624999999453e-03
7.043624999999999539e-03
7.076234374999999625e-03
7.108843749999999712e-03
7.141453124999999798e-03
7.174062499999999884e-03
7.206671874999999970e-03
7.239281249999999189e-03
7.271890624999999275e-03
7.304499999999999361e-03
7.337109374999999448e-03
7.369718749999999534e-03
7.402328124999999620e-03
7.434937499999999706e-03
7.467546874999999792e-03
7.500156249999999879e-03
7.532765624999999965e-03
7.565374999999999184e-03
7.597984374999999270e-03
7.630593749999999356e-03
7.663203124999999442e-03
7.695812499999999529e-03
7.728421874999999615e-03
7.761031249999999701e-03
7.793640624999999787e-03
7.826249999999999873e-03
7.858859374999999092e-03
7.891468750000000046e-03
7.924078124999999265e-03
7.956687500000000218e-03
7.989296874999999437e-03
8.021906250000000391e-03
8.054515624999999610e-03
8.087124999999998828e-03
8.119734374999999782e-03
8.152343749999999001e-03
8.184953124999999954e-03
8.217562499999999173e-03
8.250171875000000127e-03
8.282781249999999346e-03
8.315390625000000299e-03
8.347999999999999518e-03
8.380609374999998737e-03
8.413218749999999690e-03
8.445828124999998909e-03
8.478437499999999863e-03
8.511046874999999082e-03
8.543656250000000035e-03
8.576265624999999254e-03
8.608875000000000208e-03
8.641484374999999427e-03
8.674093749999998645e-03
8.706703124999999599e-03
8.739312499999998818e-03
8.771921874999999771e-03
8.804531249999998990e-03
8.837140624999999944e-03
8.869749999999999163e-03
8.902359375000000116e-03
8.934968749999999335e-03
8.967578125000000289e-03
9.000187499999999508e-03
9.032796874999998726e-03
9.065406249999999680e-03
9.098015624999998899e-03
9.130624999999999852e-03
9.163234374999999071e-03
9.195843750000000025e-03
9.228453124999999244e-03
9.261062500000000197e-03
9.293671874999999416e-03
9.326281249999998635e-03
9.358890624999999588e-03
9.391499999999998807e-03
9.424109374999999761e-03
9.456718749999998980e-03
9.489328124999999933e-03
9.521937499999999152e-03
9.554546875000000106e-03
9.587156249999999325e-03
9.619765625000000278e-03
9.652374999999999497e-03
9.684984374999998716e-03
9.717593749999999669e-03
9.750203124999998888e-03
9.782812499999999842e-03
9.815421874999999061e-03
9.848031250000000014e-03
9.880640624999999233e-03
9.913250000000000187e-03
9.945859374999999405e-03
9.978468749999998624e-03
1.001107812499999958e-02
1.004368749999999880e-02
1.007629687499999975e-02
1.010890624999999897e-02
1.014151562499999992e-02
1.017412499999999914e-02
1.020673437500000010e-02
1.023934374999999931e-02
1.027195312500000027e-02
1.030456249999999949e-02
1.033717187499999871e-02
1.036978124999999966e-02
1.040239062499999888e-02
1.043499999999999983e-02
1.046760937499999905e-02
1.050021875000000000e-02
1.053282812499999922e-02
1.056543750000000018e-02
1.059804687499999939e-02
1.063065624999999861e-02
1.066326562499999957e-02
1.069587499999999879e-02
1.072848437499999974e-02
1.076109374999999896e-02
1.079370312499999991e-02
1.082631249999999913e-02
1.085892187500000008e-02
1.089153124999999930e-02
1.092414062499999852e-02
1.095674999999999948e-02
1.098935937499999869e-02
1.102196874999999965e-02
1.105457812499999887e-02
1.108718749999999982e-02
1.111979687499999904e-02
1.115240624999999999e-02
1.118501562499999921e-02
1.121762500000000017e-02
1.125023437499999938e-02
1.128284374999999860e-02
1.131545312499999956e-02
1.134806249999999878e-02
1.138067187499999973e-02
1.141328124999999895e-02
1.144589062499999990e-02
1.147849999999999912e-02
1.151110937500000007e-02
1.154371874999999929e-02
1.157632812499999851e-02
1.160893749999999947e-02
1.164154687499999868e-02
1.167415624999999964e-02
1.170676562499999886e-02
1.173937499999999981e-02
1.177198437499999903e-02
1.180459374999999998e-02
1.183720312499999920e-02
1.186981250000000015e-02
1.190242187499999937e-02
1.193503124999999859e-02
1.196764062499999955e-02
1.200024999999999877e-02
1.203285937499999972e-02
1.206546874999999894e-02
1.209807812499999989e-02
1.213068749999999911e-02
1.216329687500000006e-02
1.219590624999999928e-02
1.222851562499999850e-02
1.226112499999999945e-02
1.229373437499999867e-02
1.232634374999999963e-02
1.235895312499999885e-02
1.239156249999999980e-02
1.242417187499999902e-02
1.245678124999999997e-02
1.248939062499999919e-02
1.252199999999999841e-02
1.255460937499999936e-02
1.258721874999999858e-02
1.261982812499999954e-02
1.265243749999999875e-02
1.268504687499999971e-02
1.271765624999999893e-02
1.275026562499999988e-02
1.278287499999999910e-02
1.281548437500000005e-02
1.284809374999999927e-02
1.288070312499999849e-02
1.291331249999999944e-02
1.294592187499999866e-02
1.297853124999999962e-02
1.301114062499999884e-02
1.304374999999999979e-02
1.307635937499999901e-02
1.310896874999999996e-02
1.314157812499999918e-02
1.317418749999999840e-02
1.320679687499999935e-02
1.323940624999999857e-02
1.327201562499999953e-02
1.330462499999999874e-02
1.333723437499999970e-02
1.336984374999999892e-02
1.340245312499999987e-02
1.343506249999999909e-02
1.346767187500000004e-02
1.350028124999999926e-02
1.353289062499999848e-02
1.356549999999999943e-02
1.359810937499999865e-02
1.363071874999999961e-02
1.366332812499999882e-02
1.369593749999999978e-02
1.372854687499999900e-02
1.376115624999999995e-02
1.379376562499999917e-02
1.382637499999999839e-02
1.385898437499999934e-02
1.389159374999999856e-02
1.392420312499999951e-02
1.395681249999999873e-02
1.398942187499999969e-02
1.402203124999999891e-02
1.405464062499999986e-02
1.408724999999999908e-02
1.411985937500000003e-02
1.415246874999999925e-02
1.418507812499999847e-02
1.421768749999999942e-02
1.425029687499999864e-02
1.428290624999999960e-02
1.431551562499999881e-02
1.434812499999999977e-02
1.438073437499999899e-02
1.441334374999999994e-02
1.444595312499999916e-02
1.447856249999999838e-02
1.451117187499999933e-02
1.454378124999999855e-02
1.457639062499999950e-02
1.460899999999999872e-02
1.464160937499999968e-02
1.467421874999999890e-02
1.470682812499999985e-02
1.473943749999999907e-02
1.477204687499999829e-02
1.480465624999999924e-02
1.483726562499999846e-02
1.486987499999999941e-02
1.490248437499999863e-02
1.493509374999999958e-02
1.496770312499999880e-02
1.500031249999999976e-02
1.503292187499999898e-02
1.506553124999999993e-02
1.509814062499999915e-02
1.513074999999999837e-02
1.516335937499999932e-02
1.519596874999999854e-02
1.522857812499999949e-02
1.526118749999999871e-02
1.529379687499999967e-02
1.532640624999999888e-02
1.535901562499999984e-02
1.539162499999999906e-02
1.542423437499999828e-02
1.545684374999999923e-02
1.548945312499999845e-02
1.552206249999999940e-02
1.555467187499999862e-02
1.558728124999999957e-02
1.561989062499999879e-02
1.565249999999999975e-02
1.568510937499999897e-02
1.571771874999999818e-02
1.575032812499999740e-02
1.578293750000000009e-02
1.581554687499999931e-02
1.584815624999999853e-02
1.588076562499999775e-02
1.591337500000000044e-02
1.594598437499999966e-02
1.597859374999999887e-02
1.601120312499999809e-02
1.604381250000000078e-02
1.607642187500000000e-02
1.610903124999999922e-02
1.614164062499999844e-02
1.617424999999999766e-02
1.620685937500000035e-02
1.623946874999999956e-02
1.627207812499999878e-02
1.630468749999999800e-02
1.633729687500000069e-02
1.636990624999999991e-02
1.640251562499999913e-02
1.643512499999999835e-02
1.646773437499999757e-02
1.650034375000000025e-02
1.653295312499999947e-02
1.656556249999999869e-02
1.659817187499999791e-02
1.663078125000000060e-02
1.666339062499999982e-02
1.669599999999999904e-02
1.672860937499999825e-02
1.676121874999999747e-02
1.679382812500000016e-02
1.682643749999999938e-02
1.685904687499999860e-02
1.689165624999999782e-02
1.692426562500000051e-02
1.695687499999999973e-02
1.698948437499999894e-02
1.702209374999999816e-02
1.705470312499999738e-02
1.708731250000000007e-02
1.711992187499999929e-02
1.715253124999999851e-02
1.718514062499999773e-02
1.721775000000000042e-02
1.725035937499999963e-02
1.728296874999999885e-02
1.731557812499999807e-02
1.734818749999999729e-02
1.738079687499999998e-02
1.741340624999999920e-02
1.744601562499999842e-02
1.747862499999999764e-02
1.751123437500000032e-02
1.754384374999999954e-02
1.757645312499999876e-02
1.760906249999999798e-02
1.764167187500000067e-02
1.767428124999999989e-02
1.770689062499999911e-02
1.773949999999999833e-02
1.777210937499999754e-02
1.780471875000000023e-02
1.783732812499999945e-02
1.786993749999999867e-02
1.790254687499999789e-02
1.793515625000000058e-02
1.796776562499999980e-02
1.800037499999999902e-02
1.803298437499999823e-02
1.806559374999999745e-02
1.809820312500000014e-02
1.813081249999999936e-02
1.816342187499999858e-02
1.819603124999999780e-02
1.822864062500000049e-02
1.826124999999999970e-02
1.829385937499999892e-02
1.832646874999999814e-02
1.835907812499999736e-02
1.839168750000000005e-02
1.842429687499999927e-02
1.845690624999999849e-02
1.848951562499999771e-02
1.852212500000000039e-02
1.855473437499999961e-02
1.858734374999999883e-02
1.861995312499999805e-02
1.865256249999999727e-02
1.868517187499999996e-02
1.871778124999999918e-02
1.875039062499999840e-02
1.878299999999999761e-02
1.881560937500000030e-02
1.884821874999999952e-02
1.888082812499999874e-02
1.891343749999999796e-02
1.894604687499999718e-02
1.897865624999999987e-02
1.901126562499999909e-02
1.904387499999999830e-02
1.907648437499999752e-02
1.910909375000000021e-02
1.914170312499999943e-02
1.917431249999999865e-02
1.920692187499999787e-02
1.923953125000000056e-02
1.927214062499999978e-02
1.930474999999999899e-02
1.933735937499999821e-02
1.936996874999999743e-02
1.940257812500000012e-02
1.943518749999999934e-02
1.946779687499999856e-02
1.950040624999999778e-02
1.953301562500000046e-02
1.956562499999999968e-02
1.959823437499999890e-02
1.963084374999999812e-02
1.966345312499999734e-02
1.969606250000000003e-02
1.972867187499999925e-02
1.976128124999999847e-02
1.979389062499999768e-02
1.982650000000000037e-02
1.985910937499999959e-02
1.989171874999999881e-02
1.992432812499999803e-02
1.995693749999999725e-02
1.998954687499999994e-02
2.002215624999999916e-02
2.005476562499999837e-02
2.008737499999999759e-02
2.011998437500000028e-02
2.015259374999999950e-02
2.018520312499999872e-02
2.021781249999999794e-02
2.025042187499999716e-02
2.028303124999999985e-02
2.031564062499999906e-02
2.034824999999999828e-02
2.038085937499999750e-02
2.041346875000000019e-02
2.044607812499999941e-02
2.047868749999999863e-02
2.051129687499999785e-02
2.054390625000000054e-02
2.057651562499999975e-02
2.060912499999999897e-02
2.064173437499999819e-02
2.067434374999999741e-02
2.070695312500000010e-02
2.073956249999999932e-02
2.077217187499999854e-02
2.080478124999999776e-02
2.083739062500000044e-02
2.086999999999999966e-02
2.090260937499999888e-02
2.093521874999999810e-02
2.096782812499999732e-02
2.100043750000000001e-02
2.103304687499999923e-02
2.106565624999999845e-02
2.109826562499999766e-02
2.113087500000000035e-02
2.116348437499999957e-02
2.119609374999999879e-02
2.122870312499999801e-02
2.126131249999999723e-02
2.129392187499999992e-02
2.132653124999999913e-02
2.135914062499999835e-02
2.139174999999999757e-02
2.142435937500000026e-02
2.145696874999999948e-02
2.148957812499999870e-02
2.152218749999999792e-02
2.155479687499999714e-02
2.158740624999999982e-02
2.162001562499999904e-02
2.165262499999999826e-02
2.168523437499999748e-02
2.171784375000000017e-02
2.175045312499999939e-02
2.178306249999999861e-02
2.181567187499999783e-02
2.184828124999999704e-02
2.188089062499999973e-02
2.191349999999999895e-02
2.194610937499999817e-02
2.197871874999999739e-02
2.201132812500000008e-02
2.204393749999999930e-02
2.207654687499999852e-02
2.210915624999999773e-02
2.214176562500000042e-02
2.217437499999999964e-02
2.220698437499999886e-02
2.223959374999999808e-02
2.227220312499999730e-02
2.230481249999999999e-02
2.233742187499999921e-02
2.237003124999999842e-02
2.240264062499999764e-02
2.243525000000000033e-02
2.246785937499999955e-02
2.250046874999999877e-02
2.253307812499999799e-02
2.256568749999999721e-02
2.259829687499999989e-02
2.263090624999999911e-02
2.266351562499999833e-02
2.269612499999999755e-02
2.272873437500000024e-02
2.276134374999999946e-02
2.279395312499999868e-02
2.282656249999999790e-02
2.285917187499999711e-02
2.289178124999999980e-02
2.292439062499999902e-02
2.295699999999999824e-02
2.298960937499999746e-02
2.302221875000000015e-02
2.305482812499999937e-02
2.308743749999999859e-02
2.312004687499999780e-02
2.315265624999999702e-02
2.318526562499999971e-02
2.321787499999999893e-02
2.325048437499999815e-02
2.328309374999999737e-02
2.331570312500000006e-02
2.334831249999999928e-02
2.338092187499999849e-02
2.341353124999999771e-02
2.344614062499999693e-02
2.347874999999999962e-02
2.351135937499999884e-02
2.354396874999999806e-02
2.357657812499999728e-02
2.360918749999999997e-02
2.364179687499999918e-02
2.367440624999999840e-02
2.370701562499999762e-02
2.373962500000000031e-02
2.377223437499999953e-02
2.380484374999999875e-02
2.383745312499999797e-02
2.387006249999999719e-02
2.390267187499999987e-02
2.393528124999999909e-02
2.396789062499999831e-02
2.400049999999999753e-02
2.403310937500000022e-02
2.406571874999999944e-02
2.409832812499999866e-02
2.413093749999999788e-02
2.416354687499999709e-02
2.419615624999999978e-02
2.422876562499999900e-02
2.426137499999999822e-02
2.429398437499999744e-02
2.432659375000000013e-02
2.435920312499999935e-02
2.439181249999999856e-02
2.442442187499999778e-02
2.445703124999999700e-02
2.448964062499999969e-02
2.452224999999999891e-02
2.455485937499999813e-02
2.458746874999999735e-02
2.462007812500000004e-02
2.465268749999999925e-02
2.468529687499999847e-02
2.471790624999999769e-02
2.475051562499999691e-02
2.478312499999999960e-02
2.481573437499999882e-02
2.484834374999999804e-02
2.488095312499999726e-02
2.491356249999999994e-02
2.494617187499999916e-02
2.497878124999999838e-02
2.501139062499999760e-02
2.504399999999999682e-02
2.507660937499999951e-02
2.510921874999999873e-02
2.514182812499999795e-02
2.517443749999999716e-02
2.520704687499999985e-02
2.523965624999999907e-02
2.527226562499999829e-02
2.530487499999999751e-02
2.533748437500000020e-02
2.537009374999999942e-02
2.540270312499999864e-02
2.543531249999999785e-02
2.546792187499999707e-02
2.550053124999999976e-02
2.553314062499999898e-02
2.556574999999999820e-02
2.559835937499999742e-02
2.563096875000000011e-02
2.566357812499999932e-02
2.569618749999999854e-02
2.572879687499999776e-02
2.576140624999999698e-02
2.579401562499999967e-02
2.582662499999999889e-02
2.585923437499999811e-02
2.589184374999999733e-02
2.592445312500000001e-02
2.595706249999999923e-02
2.598967187499999845e-02
2.602228124999999767e-02
2.605489062499999689e-02
2.608749999999999958e-02
2.612010937499999880e-02
2.615271874999999802e-02
2.618532812499999723e-02
2.621793749999999992e-02
2.625054687499999914e-02
2.628315624999999836e-02
2.631576562499999758e-02
2.634837499999999680e-02
2.638098437499999949e-02
2.641359374999999871e-02
2.644620312499999792e-02
2.647881249999999714e-02
2.651142187499999983e-02
2.654403124999999905e-02
2.657664062499999827e-02
2.660924999999999749e-02
2.664185937500000018e-02
2.667446874999999940e-02
2.670707812499999861e-02
2.673968749999999783e-02
2.677229687499999705e-02
2.680490624999999974e-02
2.683751562499999896e-02
2.687012499999999818e-02
2.690273437499999740e-02
2.693534375000000008e-02
2.696795312499999930e-02
2.700056249999999852e-02
2.703317187499999774e-02
2.706578124999999696e-02
2.709839062499999965e-02
2.713099999999999887e-02
2.716360937499999809e-02
2.719621874999999731e-02
2.722882812499999999e-02
2.726143749999999921e-02
2.729404687499999843e-02
2.732665624999999765e-02
2.735926562499999687e-02
2.739187499999999956e-02
2.742448437499999878e-02
2.745709374999999799e-02
2.748970312499999721e-02
2.752231249999999990e-02
2.755492187499999912e-02
2.758753124999999834e-02
2.762014062499999756e-02
2.765274999999999678e-02
2.768535937499999947e-02
2.771796874999999868e-02
2.775057812499999790e-02
2.778318749999999712e-02
2.781579687499999981e-02
2.784840624999999903e-02
2.788101562499999825e-02
2.791362499999999747e-02
2.794623437499999669e-02
2.797884374999999937e-02
2.801145312499999859e-02
2.804406249999999781e-02
2.807667187499999703e-02
2.810928124999999972e-02
2.814189062499999894e-02
2.817449999999999816e-02
2.820710937499999738e-02
2.823971875000000006e-02
2.827232812499999928e-02
2.830493749999999850e-02
2.833754687499999772e-02
2.837015624999999694e-02
2.840276562499999963e-02
2.843537499999999885e-02
2.846798437499999807e-02
2.850059374999999728e-02
2.853320312499999997e-02
2.856581249999999919e-02
2.859842187499999841e-02
2.863103124999999763e-02
2.866364062499999685e-02
2.869624999999999954e-02
2.872885937499999875e-02
2.876146874999999797e-02
2.879407812499999719e-02
2.882668749999999988e-02
2.885929687499999910e-02
2.889190624999999832e-02
2.892451562499999754e-02
2.895712499999999676e-02
2.898973437499999944e-02
2.902234374999999866e-02
2.905495312499999788e-02
2.908756249999999710e-02
2.912017187499999979e-02
2.915278124999999901e-02
2.918539062499999823e-02
2.921799999999999745e-02
2.925060937499999666e-02
2.928321874999999935e-02
2.931582812499999857e-02
2.934843749999999779e-02
2.938104687499999701e-02
2.941365624999999970e-02
2.944626562499999892e-02
2.947887499999999814e-02
2.951148437499999735e-02
2.954409374999999657e-02
2.957670312499999926e-02
2.960931249999999848e-02
2.964192187499999770e-02
2.967453124999999692e-02
2.970714062499999961e-02
2.973974999999999883e-02
2.977235937499999804e-02
2.980496874999999726e-02
2.983757812499999995e-02
2.987018749999999917e-02
2.990279687499999839e-02
2.993540624999999761e-02
2.996801562499999683e-02
3.000062499999999951e-02
3.003323437499999873e-02
3.006584374999999795e-02
3.009845312499999717e-02
3.013106249999999986e-02
3.016367187499999908e-02
3.019628124999999830e-02
3.022889062499999752e-02
3.026149999999999674e-02
3.029410937499999942e-02
3.032671874999999864e-02
3.035932812499999786e-02
3.039193749999999708e-02
3.042454687499999977e-02
3.045715624999999899e-02
3.048976562499999821e-02
3.052237499999999742e-02
3.055498437499999664e-02
3.058759374999999933e-02
3.062020312499999855e-02
3.065281249999999777e-02
3.068542187499999699e-02
3.071803124999999968e-02
3.075064062499999890e-02
3.078324999999999811e-02
3.081585937499999733e-02
3.084846874999999655e-02
3.088107812499999924e-02
3.091368749999999846e-02
3.094629687499999768e-02
3.097890624999999690e-02
3.101151562499999959e-02
3.104412499999999880e-02
3.107673437499999802e-02
3.110934374999999724e-02
3.114195312499999993e-02
3.117456249999999915e-02
3.120717187499999837e-02
3.123978124999999759e-02
3.127239062500000027e-02
3.130499999999999949e-02
3.133760937499999871e-02
3.137021874999999793e-02
3.140282812499999715e-02
3.143543749999999637e-02
3.146804687499999559e-02
3.150065624999999481e-02
3.153326562500000096e-02
3.156587500000000018e-02
3.159848437499999940e-02
3.163109374999999862e-02
3.166370312499999784e-02
3.169631249999999706e-02
3.172892187499999628e-02
3.176153124999999550e-02
3.179414062499999472e-02
3.182675000000000087e-02
3.185935937500000009e-02
3.189196874999999931e-02
3.192457812499999853e-02
3.195718749999999775e-02
3.198979687499999697e-02
3.202240624999999619e-02
3.205501562499999541e-02
3.208762500000000156e-02
3.212023437500000078e-02
3.215284375000000000e-02
3.218545312499999922e-02
3.221806249999999844e-02
3.225067187499999766e-02
3.228328124999999688e-02
3.231589062499999609e-02
3.234849999999999531e-02
3.238110937500000147e-02
3.241371875000000069e-02
3.244632812499999991e-02
3.247893749999999913e-02
3.251154687499999835e-02
3.254415624999999757e-02
3.257676562499999678e-02
3.260937499999999600e-02
3.264198437499999522e-02
3.267459375000000138e-02
3.270720312500000060e-02
3.273981249999999982e-02
3.277242187499999904e-02
3.280503124999999826e-02
3.283764062499999747e-02
3.287024999999999669e-02
3.290285937499999591e-02
3.293546874999999513e-02
3.296807812500000129e-02
3.300068750000000051e-02
3.303329687499999973e-02
3.306590624999999894e-02
3.309851562499999816e-02
3.313112499999999738e-02
3.316373437499999660e-02
3.319634374999999582e-02
3.322895312499999504e-02
3.326156250000000120e-02
3.329417187500000042e-02
3.332678124999999963e-02
3.335939062499999885e-02
