0.000000000000000000e+00
3.786035156249999796e-04
7.572070312499999591e-04
1.135810546874999830e-03
1.514414062499999918e-03
1.893017578125000006e-03
2.271621093749999661e-03
2.650224609374999749e-03
3.028828124999999837e-03
3.407431640624999925e-03
3.786035156250000012e-03
4.164638671875000100e-03
4.543242187499999321e-03
4.921845703124999409e-03
5.300449218749999497e-03
5.679052734374999585e-03
6.057656249999999673e-03
6.436259765624999761e-03
6.814863281249999849e-03
7.193466796874999937e-03
7.572070312500000025e-03
7.950673828124999246e-03
8.329277343750000201e-03
8.707880859374999422e-03
9.086484374999998642e-03
9.465087890624999598e-03
9.843691406249998818e-03
1.022229492187499977e-02
1.060089843749999899e-02
1.097950195312499995e-02
1.135810546874999917e-02
1.173670898437500013e-02
1.211531249999999935e-02
1.249391601562499857e-02
1.287251953124999952e-02
1.325112304687499874e-02
1.362972656249999970e-02
1.400833007812499892e-02
1.438693359374999987e-02
1.476553710937499909e-02
1.514414062500000005e-02
1.552274414062499927e-02
1.590134765624999849e-02
1.627995117187499771e-02
1.665855468750000040e-02
1.703715820312499962e-02
1.741576171874999884e-02
1.779436523437499806e-02
1.817296874999999728e-02
1.855157226562499997e-02
1.893017578124999920e-02
1.930877929687499842e-02
1.968738281249999764e-02
2.006598632812500033e-02
2.044458984374999955e-02
2.082319335937499877e-02
2.120179687499999799e-02
2.158040039062499721e-02
2.195900390624999990e-02
2.233760742187499912e-02
2.271621093749999834e-02
2.309481445312499756e-02
2.347341796875000025e-02
2.385202148437499947e-02
2.423062499999999869e-02
2.460922851562499791e-02
2.498783203124999713e-02
2.536643554687499982e-02
2.574503906249999904e-02
2.612364257812499826e-02
2.650224609374999749e-02
2.688084960937500018e-02
2.725945312499999940e-02
2.763805664062499862e-02
2.801666015624999784e-02
2.839526367187499706e-02
2.877386718749999975e-02
2.915247070312499897e-02
2.953107421874999819e-02
2.990967773437499741e-02
3.028828125000000010e-02
3.066688476562499932e-02
3.104548828124999854e-02
3.142409179687499776e-02
3.180269531249999698e-02
3.218129882812499620e-02
3.255990234374999542e-02
3.293850585937500158e-02
3.331710937500000080e-02
3.369571289062500002e-02
3.407431640624999925e-02
3.445291992187499847e-02
3.483152343749999769e-02
3.521012695312499691e-02
3.558873046874999613e-02
3.596733398437499535e-02
3.634593749999999457e-02
3.672454101562500073e-02
3.710314453124999995e-02
3.748174804687499917e-02
3.786035156249999839e-02
3.823895507812499761e-02
3.861755859374999683e-02
3.899616210937499605e-02
3.937476562499999527e-02
3.975336914062499449e-02
4.013197265625000065e-02
4.051057617187499987e-02
4.088917968749999909e-02
4.126778320312499831e-02
4.164638671874999754e-02
4.202499023437499676e-02
4.240359374999999598e-02
4.278219726562499520e-02
4.316080078124999442e-02
4.353940429687500058e-02
4.391800781249999980e-02
4.429661132812499902e-02
4.467521484374999824e-02
4.505381835937499746e-02
4.543242187499999668e-02
4.581102539062499590e-02
4.618962890624999512e-02
4.656823242187499434e-02
4.694683593750000050e-02
4.732543945312499972e-02
4.770404296874999894e-02
4.808264648437499816e-02
4.846124999999999738e-02
4.883985351562499660e-02
4.921845703124999583e-02
4.959706054687499505e-02
4.997566406249999427e-02
5.035426757812500043e-02
5.073287109374999965e-02
5.111147460937499887e-02
5.149007812499999809e-02
5.186868164062499731e-02
5.224728515624999653e-02
5.262588867187499575e-02
5.300449218749999497e-02
5.338309570312499419e-02
5.376169921875000035e-02
5.414030273437499957e-02
5.451890624999999879e-02
5.489750976562499801e-02
5.527611328124999723e-02
5.565471679687499645e-02
5.603332031249999567e-02
5.641192382812499490e-02
5.679052734374999412e-02
5.716913085937500028e-02
5.754773437499999950e-02
5.792633789062499872e-02
5.830494140624999794e-02
5.868354492187499716e-02
5.906214843749999638e-02
5.944075195312499560e-02
5.981935546874999482e-02
6.019795898437499404e-02
6.057656250000000020e-02
6.095516601562499942e-02
6.133376953124999864e-02
6.171237304687499786e-02
6.209097656249999708e-02
6.246958007812499630e-02
6.284818359374999552e-02
6.322678710937500168e-02
6.360539062499999396e-02
6.398399414062500012e-02
6.436259765624999241e-02
6.474120117187499857e-02
6.511980468749999085e-02
6.549840820312499701e-02
6.587701171875000317e-02
6.625561523437499545e-02
6.663421875000000161e-02
6.701282226562499389e-02
6.739142578125000005e-02
6.777002929687499233e-02
6.814863281249999849e-02
6.852723632812499077e-02
6.890583984374999693e-02
6.928444335937500309e-02
6.966304687499999537e-02
7.004165039062500153e-02
7.042025390624999381e-02
7.079885742187499997e-02
7.117746093749999226e-02
7.155606445312499841e-02
7.193466796874999070e-02
7.231327148437499686e-02
7.269187499999998914e-02
7.307047851562499530e-02
7.344908203125000146e-02
7.382768554687499374e-02
7.420628906249999990e-02
7.458489257812499218e-02
7.496349609374999834e-02
7.534209960937499062e-02
7.572070312499999678e-02
7.609930664062498906e-02
7.647791015624999522e-02
7.685651367187500138e-02
7.723511718749999366e-02
7.761372070312499982e-02
7.799232421874999210e-02
7.837092773437499826e-02
7.874953124999999055e-02
7.912813476562499670e-02
7.950673828124998899e-02
7.988534179687499515e-02
8.026394531250000131e-02
8.064254882812499359e-02
8.102115234374999975e-02
8.139975585937499203e-02
8.177835937499999819e-02
8.215696289062499047e-02
8.253556640624999663e-02
8.291416992187498891e-02
8.329277343749999507e-02
8.367137695312500123e-02
8.404998046874999351e-02
8.442858398437499967e-02
8.480718749999999195e-02
8.518579101562499811e-02
8.556439453124999039e-02
8.594299804687499655e-02
8.632160156249998884e-02
8.670020507812499500e-02
8.707880859375000115e-02
8.745741210937499344e-02
8.783601562499999960e-02
8.821461914062499188e-02
8.859322265624999804e-02
8.897182617187499032e-02
8.935042968749999648e-02
8.972903320312498876e-02
9.010763671874999492e-02
9.048624023437500108e-02
9.086484374999999336e-02
9.124344726562499952e-02
9.162205078124999180e-02
9.200065429687499796e-02
9.237925781249999024e-02
9.275786132812499640e-02
9.313646484374998868e-02
9.351506835937499484e-02
9.389367187500000100e-02
9.427227539062499329e-02
9.465087890624999944e-02
9.502948242187499173e-02
9.540808593749999789e-02
9.578668945312499017e-02
9.616529296874999633e-02
9.654389648437498861e-02
9.692249999999999477e-02
9.730110351562500093e-02
9.767970703124999321e-02
9.805831054687499937e-02
9.843691406249999165e-02
9.881551757812499781e-02
9.919412109374999009e-02
9.957272460937499625e-02
9.995132812499998853e-02
1.003299316406249947e-01
1.007085351562500009e-01
1.010871386718749931e-01
1.014657421874999993e-01
1.018443457031249916e-01
1.022229492187499977e-01
1.026015527343749900e-01
1.029801562499999962e-01
1.033587597656249885e-01
1.037373632812499946e-01
1.041159667968750008e-01
1.044945703124999931e-01
1.048731738281249992e-01
1.052517773437499915e-01
1.056303808593749977e-01
1.060089843749999899e-01
1.063875878906249961e-01
1.067661914062499884e-01
1.071447949218749945e-01
1.075233984375000007e-01
1.079020019531249930e-01
1.082806054687499991e-01
1.086592089843749914e-01
1.090378124999999976e-01
1.094164160156249899e-01
1.097950195312499960e-01
1.101736230468749883e-01
1.105522265624999945e-01
1.109308300781250006e-01
1.113094335937499929e-01
1.116880371093749991e-01
1.120666406249999913e-01
1.124452441406249975e-01
1.128238476562499898e-01
1.132024511718749959e-01
1.135810546874999882e-01
1.139596582031249944e-01
1.143382617187500006e-01
1.147168652343749928e-01
1.150954687499999990e-01
1.154740722656249913e-01
1.158526757812499974e-01
1.162312792968749897e-01
1.166098828124999959e-01
1.169884863281249882e-01
1.173670898437499943e-01
1.177456933593750005e-01
1.181242968749999928e-01
1.185029003906249989e-01
1.188815039062499912e-01
1.192601074218749974e-01
1.196387109374999896e-01
1.200173144531249958e-01
1.203959179687499881e-01
1.207745214843749942e-01
1.211531250000000004e-01
1.215317285156249927e-01
1.219103320312499988e-01
1.222889355468749911e-01
1.226675390624999973e-01
1.230461425781249896e-01
1.234247460937499957e-01
1.238033496093749880e-01
1.241819531249999942e-01
1.245605566406249864e-01
1.249391601562499926e-01
1.253177636718749988e-01
1.256963671874999910e-01
1.260749707031249833e-01
1.264535742187500034e-01
1.268321777343749956e-01
1.272107812499999879e-01
1.275893847656249802e-01
1.279679882812500002e-01
1.283465917968749925e-01
1.287251953124999848e-01
1.291037988281250048e-01
1.294824023437499971e-01
1.298610058593749894e-01
1.302396093749999817e-01
1.306182128906250017e-01
1.309968164062499940e-01
1.313754199218749863e-01
1.317540234375000063e-01
1.321326269531249986e-01
1.325112304687499909e-01
1.328898339843749832e-01
1.332684375000000032e-01
1.336470410156249955e-01
1.340256445312499878e-01
1.344042480468749801e-01
1.347828515625000001e-01
1.351614550781249924e-01
1.355400585937499847e-01
1.359186621093750047e-01
1.362972656249999970e-01
1.366758691406249893e-01
1.370544726562499815e-01
1.374330761718750016e-01
1.378116796874999939e-01
1.381902832031249861e-01
1.385688867187500062e-01
1.389474902343749985e-01
1.393260937499999907e-01
1.397046972656249830e-01
1.400833007812500031e-01
1.404619042968749953e-01
1.408405078124999876e-01
1.412191113281249799e-01
1.415977148437499999e-01
1.419763183593749922e-01
1.423549218749999845e-01
1.427335253906250045e-01
1.431121289062499968e-01
1.434907324218749891e-01
1.438693359374999814e-01
1.442479394531250014e-01
1.446265429687499937e-01
1.450051464843749860e-01
1.453837499999999783e-01
1.457623535156249983e-01
1.461409570312499906e-01
1.465195605468749829e-01
1.468981640625000029e-01
1.472767675781249952e-01
1.476553710937499875e-01
1.480339746093749798e-01
1.484125781249999998e-01
1.487911816406249921e-01
1.491697851562499844e-01
1.495483886718750044e-01
1.499269921874999967e-01
1.503055957031249890e-01
1.506841992187499812e-01
1.510628027343750013e-01
1.514414062499999936e-01
1.518200097656249858e-01
1.521986132812499781e-01
1.525772167968749982e-01
1.529558203124999904e-01
1.533344238281249827e-01
1.537130273437500028e-01
1.540916308593749950e-01
1.544702343749999873e-01
1.548488378906249796e-01
1.552274414062499996e-01
1.556060449218749919e-01
1.559846484374999842e-01
1.563632519531250042e-01
1.567418554687499965e-01
1.571204589843749888e-01
1.574990624999999811e-01
1.578776660156250011e-01
1.582562695312499934e-01
1.586348730468749857e-01
1.590134765624999780e-01
1.593920800781249980e-01
1.597706835937499903e-01
1.601492871093749826e-01
1.605278906250000026e-01
1.609064941406249949e-01
1.612850976562499872e-01
1.616637011718749795e-01
1.620423046874999995e-01
1.624209082031249918e-01
1.627995117187499841e-01
1.631781152343750041e-01
1.635567187499999964e-01
1.639353222656249887e-01
1.643139257812499809e-01
1.646925292968750010e-01
1.650711328124999933e-01
1.654497363281249855e-01
1.658283398437499778e-01
1.662069433593749979e-01
1.665855468749999901e-01
1.669641503906249824e-01
1.673427539062500025e-01
1.677213574218749947e-01
1.680999609374999870e-01
1.684785644531249793e-01
1.688571679687499993e-01
1.692357714843749916e-01
1.696143749999999839e-01
1.699929785156250039e-01
1.703715820312499962e-01
1.707501855468749885e-01
1.711287890624999808e-01
1.715073925781250008e-01
1.718859960937499931e-01
1.722645996093749854e-01
1.726432031249999777e-01
1.730218066406249977e-01
1.734004101562499900e-01
1.737790136718749823e-01
1.741576171875000023e-01
1.745362207031249946e-01
1.749148242187499869e-01
1.752934277343749792e-01
1.756720312499999992e-01
1.760506347656249915e-01
1.764292382812499838e-01
1.768078417968750038e-01
1.771864453124999961e-01
1.775650488281249884e-01
1.779436523437499806e-01
1.783222558593750007e-01
1.787008593749999930e-01
1.790794628906249852e-01
1.794580664062499775e-01
1.798366699218749976e-01
1.802152734374999898e-01
1.805938769531249821e-01
1.809724804687500022e-01
1.813510839843749944e-01
1.817296874999999867e-01
1.821082910156249790e-01
1.824868945312499990e-01
1.828654980468749913e-01
1.832441015624999836e-01
1.836227050781250036e-01
1.840013085937499959e-01
1.843799121093749882e-01
1.847585156249999805e-01
1.851371191406250005e-01
1.855157226562499928e-01
1.858943261718749851e-01
1.862729296874999774e-01
1.866515332031249974e-01
1.870301367187499897e-01
1.874087402343749820e-01
1.877873437500000020e-01
1.881659472656249943e-01
1.885445507812499866e-01
1.889231542968749789e-01
1.893017578124999989e-01
1.896803613281249912e-01
1.900589648437499835e-01
1.904375683593750035e-01
1.908161718749999958e-01
1.911947753906249881e-01
1.915733789062499803e-01
1.919519824218750004e-01
1.923305859374999927e-01
1.927091894531249849e-01
1.930877929687499772e-01
1.934663964843749973e-01
1.938449999999999895e-01
1.942236035156249818e-01
1.946022070312500019e-01
1.949808105468749941e-01
1.953594140624999864e-01
1.957380175781249787e-01
1.961166210937499987e-01
1.964952246093749910e-01
1.968738281249999833e-01
1.972524316406249756e-01
1.976310351562499956e-01
1.980096386718749879e-01
1.983882421874999802e-01
1.987668457031250002e-01
1.991454492187499925e-01
1.995240527343749848e-01
1.999026562499999771e-01
2.002812597656249971e-01
2.006598632812499894e-01
2.010384667968749817e-01
2.014170703125000017e-01
2.017956738281249940e-01
2.021742773437499863e-01
2.025528808593749786e-01
2.029314843749999986e-01
2.033100878906249909e-01
2.036886914062499832e-01
2.040672949218749754e-01
2.044458984374999955e-01
2.048245019531249878e-01
2.052031054687499800e-01
2.055817089843750001e-01
2.059603124999999924e-01
2.063389160156249846e-01
2.067175195312499769e-01
2.070961230468749970e-01
2.074747265624999892e-01
2.078533300781249815e-01
2.082319335937500016e-01
2.086105371093749938e-01
2.089891406249999861e-01
2.093677441406249784e-01
2.097463476562499984e-01
2.101249511718749907e-01
2.105035546874999830e-01
2.108821582031249753e-01
2.112607617187499953e-01
2.116393652343749876e-01
2.120179687499999799e-01
2.123965722656249999e-01
2.127751757812499922e-01
2.131537792968749845e-01
2.135323828124999768e-01
2.139109863281249968e-01
2.142895898437499891e-01
2.146681933593749814e-01
2.150467968750000014e-01
2.154254003906249937e-01
2.158040039062499860e-01
2.161826074218749782e-01
2.165612109374999983e-01
2.169398144531249906e-01
2.173184179687499828e-01
2.176970214843749751e-01
2.180756249999999952e-01
2.184542285156249875e-01
2.188328320312499797e-01
2.192114355468749998e-01
2.195900390624999921e-01
2.199686425781249843e-01
2.203472460937499766e-01
2.207258496093749967e-01
2.211044531249999889e-01
2.214830566406249812e-01
2.218616601562500013e-01
2.222402636718749935e-01
2.226188671874999858e-01
2.229974707031249781e-01
2.233760742187499981e-01
2.237546777343749904e-01
2.241332812499999827e-01
2.245118847656249750e-01
2.248904882812499950e-01
2.252690917968749873e-01
2.256476953124999796e-01
2.260262988281249996e-01
2.264049023437499919e-01
2.267835058593749842e-01
2.271621093749999765e-01
2.275407128906249965e-01
2.279193164062499888e-01
2.282979199218749811e-01
2.286765234375000011e-01
2.290551269531249934e-01
2.294337304687499857e-01
2.298123339843749779e-01
2.301909374999999980e-01
2.305695410156249903e-01
2.309481445312499825e-01
2.313267480468749748e-01
2.317053515624999949e-01
2.320839550781249871e-01
2.324625585937499794e-01
2.328411621093749995e-01
2.332197656249999917e-01
2.335983691406249840e-01
2.339769726562499763e-01
2.343555761718749963e-01
2.347341796874999886e-01
2.351127832031249809e-01
2.354913867187500010e-01
2.358699902343749932e-01
2.362485937499999855e-01
2.366271972656249778e-01
2.370058007812499978e-01
2.373844042968749901e-01
2.377630078124999824e-01
2.381416113281249747e-01
2.385202148437499947e-01
2.388988183593749870e-01
2.392774218749999793e-01
2.396560253906249993e-01
2.400346289062499916e-01
2.404132324218749839e-01
2.407918359374999762e-01
2.411704394531249962e-01
2.415490429687499885e-01
2.419276464843749808e-01
2.423062500000000008e-01
2.426848535156249931e-01
2.430634570312499854e-01
2.434420605468749776e-01
2.438206640624999977e-01
2.441992675781249900e-01
2.445778710937499822e-01
2.449564746093749745e-01
2.453350781249999946e-01
2.457136816406249868e-01
2.460922851562499791e-01
2.464708886718749992e-01
2.468494921874999914e-01
2.472280957031249837e-01
2.476066992187499760e-01
2.479853027343749960e-01
2.483639062499999883e-01
2.487425097656249806e-01
2.491211132812499729e-01
2.494997167968749929e-01
2.498783203124999852e-01
2.502569238281249775e-01
2.506355273437499975e-01
2.510141308593749621e-01
2.513927343749999821e-01
2.517713378906250021e-01
2.521499414062499667e-01
2.525285449218749867e-01
2.529071484375000067e-01
2.532857519531249713e-01
2.536643554687499913e-01
2.540429589843750113e-01
2.544215624999999759e-01
2.548001660156249959e-01
2.551787695312499604e-01
2.555573730468749805e-01
2.559359765625000005e-01
2.563145800781249650e-01
2.566931835937499851e-01
2.570717871093750051e-01
2.574503906249999696e-01
2.578289941406249897e-01
2.582075976562500097e-01
2.585862011718749742e-01
2.589648046874999943e-01
2.593434082031249588e-01
2.597220117187499788e-01
2.601006152343749989e-01
2.604792187499999634e-01
2.608578222656249834e-01
2.612364257812500035e-01
2.616150292968749680e-01
2.619936328124999880e-01
2.623722363281250081e-01
2.627508398437499726e-01
2.631294433593749926e-01
2.635080468750000127e-01
2.638866503906249772e-01
2.642652539062499972e-01
2.646438574218749618e-01
2.650224609374999818e-01
2.654010644531250018e-01
2.657796679687499664e-01
2.661582714843749864e-01
2.665368750000000064e-01
2.669154785156249710e-01
2.672940820312499910e-01
2.676726855468750110e-01
2.680512890624999756e-01
2.684298925781249956e-01
2.688084960937499601e-01
2.691870996093749802e-01
2.695657031250000002e-01
2.699443066406249647e-01
2.703229101562499848e-01
2.707015136718750048e-01
2.710801171874999693e-01
2.714587207031249894e-01
2.718373242187500094e-01
2.722159277343749739e-01
2.725945312499999940e-01
2.729731347656249585e-01
2.733517382812499785e-01
2.737303417968749986e-01
2.741089453124999631e-01
2.744875488281249831e-01
2.748661523437500032e-01
2.752447558593749677e-01
2.756233593749999877e-01
2.760019628906250078e-01
2.763805664062499723e-01
2.767591699218749923e-01
2.771377734375000124e-01
2.775163769531249769e-01
2.778949804687499969e-01
2.782735839843749615e-01
2.786521874999999815e-01
2.790307910156250015e-01
2.794093945312499661e-01
2.797879980468749861e-01
2.801666015625000061e-01
2.805452050781249707e-01
2.809238085937499907e-01
2.813024121093750107e-01
2.816810156249999753e-01
2.820596191406249953e-01
2.824382226562499598e-01
2.828168261718749799e-01
2.831954296874999999e-01
2.835740332031249644e-01
2.839526367187499845e-01
2.843312402343750045e-01
2.847098437499999690e-01
2.850884472656249891e-01
2.854670507812500091e-01
2.858456542968749736e-01
2.862242578124999937e-01
2.866028613281249582e-01
2.869814648437499782e-01
2.873600683593749983e-01
2.877386718749999628e-01
2.881172753906249828e-01
2.884958789062500029e-01
2.888744824218749674e-01
2.892530859374999874e-01
2.896316894531250075e-01
2.900102929687499720e-01
2.903888964843749920e-01
2.907674999999999566e-01
2.911461035156249766e-01
2.915247070312499966e-01
2.919033105468749612e-01
2.922819140624999812e-01
2.926605175781250012e-01
2.930391210937499658e-01
2.934177246093749858e-01
2.937963281250000058e-01
2.941749316406249704e-01
2.945535351562499904e-01
2.949321386718750104e-01
2.953107421874999750e-01
2.956893457031249950e-01
2.960679492187499595e-01
2.964465527343749796e-01
2.968251562499999996e-01
2.972037597656249641e-01
2.975823632812499842e-01
2.979609667968750042e-01
2.983395703124999687e-01
2.987181738281249888e-01
2.990967773437500088e-01
2.994753808593749733e-01
2.998539843749999934e-01
3.002325878906249579e-01
3.006111914062499779e-01
3.009897949218749980e-01
3.013683984374999625e-01
3.017470019531249825e-01
3.021256054687500026e-01
3.025042089843749671e-01
3.028828124999999871e-01
3.032614160156250072e-01
3.036400195312499717e-01
3.040186230468749917e-01
3.043972265624999562e-01
3.047758300781249763e-01
3.051544335937499963e-01
3.055330371093749608e-01
3.059116406249999809e-01
3.062902441406250009e-01
3.066688476562499654e-01
3.070474511718749855e-01
3.074260546875000055e-01
3.078046582031249701e-01
3.081832617187499901e-01
3.085618652343750101e-01
3.089404687499999747e-01
3.093190722656249947e-01
3.096976757812499592e-01
3.100762792968749793e-01
3.104548828124999993e-01
3.108334863281249638e-01
3.112120898437499839e-01
3.115906933593750039e-01
3.119692968749999684e-01
3.123479003906249885e-01
3.127265039062500085e-01
3.131051074218749730e-01
3.134837109374999931e-01
3.138623144531249576e-01
3.142409179687499776e-01
3.146195214843749977e-01
3.149981249999999622e-01
3.153767285156249822e-01
3.157553320312500023e-01
3.161339355468749668e-01
3.165125390624999868e-01
3.168911425781250069e-01
3.172697460937499714e-01
3.176483496093749914e-01
3.180269531249999559e-01
3.184055566406249760e-01
3.187841601562499960e-01
3.191627636718749605e-01
3.195413671874999806e-01
3.199199707031250006e-01
3.202985742187499651e-01
3.206771777343749852e-01
3.210557812500000052e-01
3.214343847656249697e-01
3.218129882812499898e-01
3.221915917968750098e-01
3.225701953124999743e-01
3.229487988281249944e-01
3.233274023437499589e-01
3.237060058593749790e-01
3.240846093749999990e-01
3.244632128906249635e-01
3.248418164062499836e-01
3.252204199218750036e-01
3.255990234374999681e-01
3.259776269531249882e-01
3.263562304687500082e-01
3.267348339843749727e-01
3.271134374999999928e-01
3.274920410156249573e-01
3.278706445312499773e-01
3.282492480468749974e-01
3.286278515624999619e-01
3.290064550781249819e-01
3.293850585937500020e-01
3.297636621093749665e-01
3.301422656249999865e-01
3.305208691406250066e-01
3.308994726562499711e-01
3.312780761718749911e-01
3.316566796874999556e-01
3.320352832031249757e-01
3.324138867187499957e-01
3.327924902343749602e-01
3.331710937499999803e-01
3.335496972656250003e-01
3.339283007812499648e-01
3.343069042968749849e-01
3.346855078125000049e-01
3.350641113281249694e-01
3.354427148437499895e-01
3.358213183593750095e-01
3.361999218749999740e-01
3.365785253906249941e-01
3.369571289062499586e-01
3.373357324218749786e-01
3.377143359374999987e-01
3.380929394531249632e-01
3.384715429687499832e-01
3.388501464843750033e-01
3.392287499999999678e-01
3.396073535156249878e-01
3.399859570312500079e-01
3.403645605468749724e-01
3.407431640624999925e-01
3.411217675781249570e-01
3.415003710937499770e-01
3.418789746093749971e-01
3.422575781249999616e-01
3.426361816406249816e-01
3.430147851562500017e-01
3.433933886718749662e-01
3.437719921874999862e-01
3.441505957031250063e-01
3.445291992187499708e-01
3.449078027343749908e-01
3.452864062499999553e-01
3.456650097656249754e-01
3.460436132812499954e-01
3.464222167968749599e-01
3.468008203124999800e-01
3.471794238281250000e-01
3.475580273437499645e-01
3.479366308593749846e-01
3.483152343750000046e-01
3.486938378906249691e-01
3.490724414062499892e-01
3.494510449218749537e-01
3.498296484374999737e-01
3.502082519531249938e-01
3.505868554687499583e-01
3.509654589843749783e-01
3.513440624999999984e-01
3.517226660156249629e-01
3.521012695312499829e-01
3.524798730468750030e-01
3.528584765624999675e-01
3.532370800781249875e-01
3.536156835937500076e-01
3.539942871093749721e-01
3.543728906249999921e-01
3.547514941406249567e-01
3.551300976562499767e-01
3.555087011718749967e-01
3.558873046874999613e-01
3.562659082031249813e-01
3.566445117187500014e-01
3.570231152343749659e-01
3.574017187499999859e-01
3.577803222656250060e-01
3.581589257812499705e-01
3.585375292968749905e-01
3.589161328124999550e-01
3.592947363281249751e-01
3.596733398437499951e-01
3.600519433593749596e-01
3.604305468749999797e-01
3.608091503906249997e-01
3.611877539062499642e-01
3.615663574218749843e-01
3.619449609375000043e-01
3.623235644531249688e-01
3.627021679687499889e-01
3.630807714843749534e-01
3.634593749999999734e-01
3.638379785156249935e-01
3.642165820312499580e-01
3.645951855468749780e-01
3.649737890624999981e-01
3.653523925781249626e-01
3.657309960937499826e-01
3.661095996093750027e-01
3.664882031249999672e-01
3.668668066406249872e-01
3.672454101562500073e-01
3.676240136718749718e-01
3.680026171874999918e-01
3.683812207031249564e-01
3.687598242187499764e-01
3.691384277343749964e-01
3.695170312499999610e-01
3.698956347656249810e-01
3.702742382812500010e-01
3.706528417968749656e-01
3.710314453124999856e-01
3.714100488281250056e-01
3.717886523437499702e-01
3.721672558593749902e-01
3.725458593749999547e-01
3.729244628906249748e-01
3.733030664062499948e-01
3.736816699218749593e-01
3.740602734374999794e-01
3.744388769531249994e-01
3.748174804687499639e-01
3.751960839843749840e-01
3.755746875000000040e-01
3.759532910156249685e-01
3.763318945312499886e-01
3.767104980468749531e-01
3.770891015624999731e-01
3.774677050781249932e-01
3.778463085937499577e-01
3.782249121093749777e-01
3.786035156249999978e-01
3.789821191406249623e-01
3.793607226562499823e-01
3.797393261718750024e-01
3.801179296874999669e-01
3.804965332031249869e-01
3.808751367187500070e-01
3.812537402343749715e-01
3.816323437499999915e-01
3.820109472656249561e-01
3.823895507812499761e-01
3.827681542968749961e-01
3.831467578124999607e-01
3.835253613281249807e-01
3.839039648437500007e-01
3.842825683593749653e-01
3.846611718749999853e-01
3.850397753906250053e-01
3.854183789062499699e-01
3.857969824218749899e-01
3.861755859374999544e-01
3.865541894531249745e-01
3.869327929687499945e-01
3.873113964843749590e-01
