0.000000000000000000e+00
2.212089843749999972e-04
4.424179687499999944e-04
6.636269531249999916e-04
8.848359374999999888e-04
1.106044921874999986e-03
1.327253906249999983e-03
1.548462890624999980e-03
1.769671874999999978e-03
1.990880859374999975e-03
2.212089843749999972e-03
2.433298828124999969e-03
2.654507812499999966e-03
2.875716796874999964e-03
3.096925781249999961e-03
3.318134765624999958e-03
3.539343749999999955e-03
3.760552734374999952e-03
3.981761718749999950e-03
4.202970703124999513e-03
4.424179687499999944e-03
4.645388671875000375e-03
4.866597656249999938e-03
5.087806640624999502e-03
5.309015624999999933e-03
5.530224609375000364e-03
5.751433593749999927e-03
5.972642578124999491e-03
6.193851562499999922e-03
6.415060546875000352e-03
6.636269531249999916e-03
6.857478515624999479e-03
7.078687499999999910e-03
7.299896484375000341e-03
7.521105468749999905e-03
7.742314453124999468e-03
7.963523437499999899e-03
8.184732421875000330e-03
8.405941406249999026e-03
8.627150390624999457e-03
8.848359374999999888e-03
9.069568359375000319e-03
9.290777343750000750e-03
9.511986328124999446e-03
9.733195312499999877e-03
9.954404296875000308e-03
1.017561328124999900e-02
1.039682226562499943e-02
1.061803124999999987e-02
1.083924023437500030e-02
1.106044921875000073e-02
1.128165820312499942e-02
1.150286718749999985e-02
1.172407617187500029e-02
1.194528515624999898e-02
1.216649414062499941e-02
1.238770312499999984e-02
1.260891210937500027e-02
1.283012109375000070e-02
1.305133007812499940e-02
1.327253906249999983e-02
1.349374804687500026e-02
1.371495703124999896e-02
1.393616601562499939e-02
1.415737499999999982e-02
1.437858398437500025e-02
1.459979296875000068e-02
1.482100195312499938e-02
1.504221093749999981e-02
1.526341992187500024e-02
1.548462890624999894e-02
1.570583789062500110e-02
1.592704687499999980e-02
1.614825585937499849e-02
1.636946484375000066e-02
1.659067382812499936e-02
1.681188281249999805e-02
1.703309179687500022e-02
1.725430078124999891e-02
1.747550976562500108e-02
1.769671874999999978e-02
1.791792773437499847e-02
1.813913671875000064e-02
1.836034570312499933e-02
1.858155468750000150e-02
1.880276367187500020e-02
1.902397265624999889e-02
1.924518164062500106e-02
1.946639062499999975e-02
1.968759960937499845e-02
1.990880859375000062e-02
2.013001757812499931e-02
2.035122656249999801e-02
2.057243554687500017e-02
2.079364453124999887e-02
2.101485351562500103e-02
2.123606249999999973e-02
2.145727148437499843e-02
2.167848046875000059e-02
2.189968945312499929e-02
2.212089843750000145e-02
2.234210742187500015e-02
2.256331640624999885e-02
2.278452539062500101e-02
2.300573437499999971e-02
2.322694335937499840e-02
2.344815234375000057e-02
2.366936132812499927e-02
2.389057031249999796e-02
2.411177929687500013e-02
2.433298828124999882e-02
2.455419726562500099e-02
2.477540624999999969e-02
2.499661523437499838e-02
2.521782421875000055e-02
2.543903320312499924e-02
2.566024218750000141e-02
2.588145117187500011e-02
2.610266015624999880e-02
2.632386914062500097e-02
2.654507812499999966e-02
2.676628710937499836e-02
2.698749609375000053e-02
2.720870507812499922e-02
2.742991406249999792e-02
2.765112304687500008e-02
2.787233203124999878e-02
2.809354101562500095e-02
2.831474999999999964e-02
2.853595898437499834e-02
2.875716796875000050e-02
2.897837695312499920e-02
2.919958593750000136e-02
2.942079492187500006e-02
2.964200390624999876e-02
2.986321289062500092e-02
3.008442187499999962e-02
3.030563085937499831e-02
3.052683984375000048e-02
3.074804882812499918e-02
3.096925781249999787e-02
3.119046679687500004e-02
3.141167578125000220e-02
3.163288476562500090e-02
3.185409374999999960e-02
3.207530273437499829e-02
3.229651171874999699e-02
3.251772070312500262e-02
3.273892968750000132e-02
3.296013867187500002e-02
3.318134765624999871e-02
3.340255664062499741e-02
3.362376562499999610e-02
3.384497460937500174e-02
3.406618359375000044e-02
3.428739257812499913e-02
3.450860156249999783e-02
3.472981054687499652e-02
3.495101953125000216e-02
3.517222851562500086e-02
3.539343749999999955e-02
3.561464648437499825e-02
3.583585546874999694e-02
3.605706445312500258e-02
3.627827343750000127e-02
3.649948242187499997e-02
3.672069140624999867e-02
3.694190039062499736e-02
3.716310937500000300e-02
3.738431835937500169e-02
3.760552734375000039e-02
3.782673632812499909e-02
3.804794531249999778e-02
3.826915429687499648e-02
3.849036328125000211e-02
3.871157226562500081e-02
3.893278124999999951e-02
3.915399023437499820e-02
3.937519921874999690e-02
3.959640820312500253e-02
3.981761718750000123e-02
4.003882617187499993e-02
4.026003515624999862e-02
4.048124414062499732e-02
4.070245312499999601e-02
4.092366210937500165e-02
4.114487109375000035e-02
4.136608007812499904e-02
4.158728906249999774e-02
4.180849804687499643e-02
4.202970703125000207e-02
4.225091601562500077e-02
4.247212499999999946e-02
4.269333398437499816e-02
4.291454296874999685e-02
4.313575195312500249e-02
4.335696093750000119e-02
4.357816992187499988e-02
4.379937890624999858e-02
4.402058789062499727e-02
4.424179687500000291e-02
4.446300585937500160e-02
4.468421484375000030e-02
4.490542382812499900e-02
4.512663281249999769e-02
4.534784179687499639e-02
4.556905078125000202e-02
4.579025976562500072e-02
4.601146874999999942e-02
4.623267773437499811e-02
4.645388671874999681e-02
4.667509570312500244e-02
4.689630468750000114e-02
4.711751367187499984e-02
4.733872265624999853e-02
4.755993164062499723e-02
4.778114062499999593e-02
4.800234960937500156e-02
4.822355859375000026e-02
4.844476757812499895e-02
4.866597656249999765e-02
4.888718554687499634e-02
4.910839453125000198e-02
4.932960351562500068e-02
4.955081249999999937e-02
4.977202148437499807e-02
4.999323046874999676e-02
5.021443945312500240e-02
5.043564843750000110e-02
5.065685742187499979e-02
5.087806640624999849e-02
5.109927539062499718e-02
5.132048437500000282e-02
5.154169335937500152e-02
5.176290234375000021e-02
5.198411132812499891e-02
5.220532031249999760e-02
5.242652929687499630e-02
5.264773828125000193e-02
5.286894726562500063e-02
5.309015624999999933e-02
5.331136523437499802e-02
5.353257421874999672e-02
5.375378320312500235e-02
5.397499218750000105e-02
5.419620117187499975e-02
5.441741015624999844e-02
5.463861914062499714e-02
5.485982812499999584e-02
5.508103710937500147e-02
5.530224609375000017e-02
5.552345507812499886e-02
5.574466406249999756e-02
5.596587304687499625e-02
5.618708203125000189e-02
5.640829101562500059e-02
5.662949999999999928e-02
5.685070898437499798e-02
5.707191796874999667e-02
5.729312695312500231e-02
5.751433593750000101e-02
5.773554492187499970e-02
5.795675390624999840e-02
5.817796289062499709e-02
5.839917187500000273e-02
5.862038085937500143e-02
5.884158984375000012e-02
5.906279882812499882e-02
5.928400781249999751e-02
5.950521679687499621e-02
5.972642578125000185e-02
5.994763476562500054e-02
6.016884374999999924e-02
6.039005273437499793e-02
6.061126171874999663e-02
6.083247070312500226e-02
6.105367968750000096e-02
6.127488867187499966e-02
6.149609765624999835e-02
6.171730664062499705e-02
6.193851562499999575e-02
6.215972460937500138e-02
6.238093359375000008e-02
6.260214257812500571e-02
6.282335156250000441e-02
6.304456054687500310e-02
6.326576953125000180e-02
6.348697851562500050e-02
6.370818749999999919e-02
6.392939648437499789e-02
6.415060546874999658e-02
6.437181445312499528e-02
6.459302343749999398e-02
6.481423242187499267e-02
6.503544140625000525e-02
6.525665039062500394e-02
6.547785937500000264e-02
6.569906835937500134e-02
6.592027734375000003e-02
6.614148632812499873e-02
6.636269531249999742e-02
6.658390429687499612e-02
6.680511328124999482e-02
6.702632226562499351e-02
6.724753124999999221e-02
6.746874023437500478e-02
6.768994921875000348e-02
6.791115820312500218e-02
6.813236718750000087e-02
6.835357617187499957e-02
6.857478515624999826e-02
6.879599414062499696e-02
6.901720312499999566e-02
6.923841210937499435e-02
6.945962109374999305e-02
6.968083007812500562e-02
6.990203906250000432e-02
7.012324804687500301e-02
7.034445703125000171e-02
7.056566601562500041e-02
7.078687499999999910e-02
7.100808398437499780e-02
7.122929296874999650e-02
7.145050195312499519e-02
7.167171093749999389e-02
7.189291992187499258e-02
7.211412890625000516e-02
7.233533789062500385e-02
7.255654687500000255e-02
7.277775585937500125e-02
7.299896484374999994e-02
7.322017382812499864e-02
7.344138281249999733e-02
7.366259179687499603e-02
7.388380078124999473e-02
7.410500976562499342e-02
7.432621875000000600e-02
7.454742773437500469e-02
7.476863671875000339e-02
7.498984570312500209e-02
7.521105468750000078e-02
7.543226367187499948e-02
7.565347265624999817e-02
7.587468164062499687e-02
7.609589062499999557e-02
7.631709960937499426e-02
7.653830859374999296e-02
7.675951757812500553e-02
7.698072656250000423e-02
7.720193554687500292e-02
7.742314453125000162e-02
7.764435351562500032e-02
7.786556249999999901e-02
7.808677148437499771e-02
7.830798046874999641e-02
7.852918945312499510e-02
7.875039843749999380e-02
7.897160742187499249e-02
7.919281640625000507e-02
7.941402539062500376e-02
7.963523437500000246e-02
7.985644335937500116e-02
8.007765234374999985e-02
8.029886132812499855e-02
8.052007031249999724e-02
8.074127929687499594e-02
8.096248828124999464e-02
8.118369726562499333e-02
8.140490624999999203e-02
8.162611523437500460e-02
8.184732421875000330e-02
8.206853320312500200e-02
8.228974218750000069e-02
8.251095117187499939e-02
8.273216015624999808e-02
8.295336914062499678e-02
8.317457812499999548e-02
8.339578710937499417e-02
8.361699609374999287e-02
8.383820507812500544e-02
8.405941406250000414e-02
8.428062304687500284e-02
8.450183203125000153e-02
8.472304101562500023e-02
8.494424999999999892e-02
8.516545898437499762e-02
8.538666796874999632e-02
8.560787695312499501e-02
8.582908593749999371e-02
8.605029492187499240e-02
8.627150390625000498e-02
8.649271289062500367e-02
8.671392187500000237e-02
8.693513085937500107e-02
8.715633984374999976e-02
8.737754882812499846e-02
8.759875781249999716e-02
8.781996679687499585e-02
8.804117578124999455e-02
8.826238476562499324e-02
8.848359375000000582e-02
8.870480273437500451e-02
8.892601171875000321e-02
8.914722070312500191e-02
8.936842968750000060e-02
8.958963867187499930e-02
8.981084765624999799e-02
9.003205664062499669e-02
9.025326562499999539e-02
9.047447460937499408e-02
9.069568359374999278e-02
9.091689257812500535e-02
9.113810156250000405e-02
9.135931054687500275e-02
9.158051953125000144e-02
9.180172851562500014e-02
9.202293749999999883e-02
9.224414648437499753e-02
9.246535546874999623e-02
9.268656445312499492e-02
9.290777343749999362e-02
9.312898242187499231e-02
9.335019140625000489e-02
9.357140039062500358e-02
9.379260937500000228e-02
9.401381835937500098e-02
9.423502734374999967e-02
9.445623632812499837e-02
9.467744531249999707e-02
9.489865429687499576e-02
9.511986328124999446e-02
9.534107226562499315e-02
9.556228124999999185e-02
9.578349023437500442e-02
9.600469921875000312e-02
9.622590820312500182e-02
9.644711718750000051e-02
9.666832617187499921e-02
9.688953515624999790e-02
9.711074414062499660e-02
9.733195312499999530e-02
9.755316210937499399e-02
9.777437109374999269e-02
9.799558007812500526e-02
9.821678906250000396e-02
9.843799804687500266e-02
9.865920703125000135e-02
9.888041601562500005e-02
9.910162499999999874e-02
9.932283398437499744e-02
9.954404296874999614e-02
9.976525195312499483e-02
9.998646093749999353e-02
1.002076699218749922e-01
1.004288789062500048e-01
1.006500878906250035e-01
1.008712968750000022e-01
1.010925058593750009e-01
1.013137148437499996e-01
1.015349238281249983e-01
1.017561328124999970e-01
1.019773417968749957e-01
1.021985507812499944e-01
1.024197597656249931e-01
1.026409687500000056e-01
1.028621777343750043e-01
1.030833867187500030e-01
1.033045957031250017e-01
1.035258046875000004e-01
1.037470136718749991e-01
1.039682226562499978e-01
1.041894316406249965e-01
1.044106406249999952e-01
1.046318496093749939e-01
1.048530585937499926e-01
1.050742675781250052e-01
1.052954765625000039e-01
1.055166855468750026e-01
1.057378945312500013e-01
1.059591035156250000e-01
1.061803124999999987e-01
1.064015214843749974e-01
1.066227304687499960e-01
1.068439394531249947e-01
1.070651484374999934e-01
1.072863574218749921e-01
1.075075664062500047e-01
1.077287753906250034e-01
1.079499843750000021e-01
1.081711933593750008e-01
1.083924023437499995e-01
1.086136113281249982e-01
1.088348203124999969e-01
1.090560292968749956e-01
1.092772382812499943e-01
1.094984472656249930e-01
1.097196562499999917e-01
1.099408652343750042e-01
1.101620742187500029e-01
1.103832832031250016e-01
1.106044921875000003e-01
1.108257011718749990e-01
1.110469101562499977e-01
1.112681191406249964e-01
1.114893281249999951e-01
1.117105371093749938e-01
1.119317460937499925e-01
1.121529550781250051e-01
1.123741640625000038e-01
1.125953730468750025e-01
1.128165820312500012e-01
1.130377910156249999e-01
1.132589999999999986e-01
1.134802089843749973e-01
1.137014179687499960e-01
1.139226269531249947e-01
1.141438359374999933e-01
1.143650449218749920e-01
1.145862539062500046e-01
1.148074628906250033e-01
1.150286718750000020e-01
1.152498808593750007e-01
1.154710898437499994e-01
1.156922988281249981e-01
1.159135078124999968e-01
1.161347167968749955e-01
1.163559257812499942e-01
1.165771347656249929e-01
1.167983437500000055e-01
1.170195527343750042e-01
1.172407617187500029e-01
1.174619707031250015e-01
1.176831796875000002e-01
1.179043886718749989e-01
1.181255976562499976e-01
1.183468066406249963e-01
1.185680156249999950e-01
1.187892246093749937e-01
1.190104335937499924e-01
1.192316425781250050e-01
1.194528515625000037e-01
1.196740605468750024e-01
1.198952695312500011e-01
1.201164785156249998e-01
1.203376874999999985e-01
1.205588964843749972e-01
1.207801054687499959e-01
1.210013144531249946e-01
1.212225234374999933e-01
1.214437324218749920e-01
1.216649414062500045e-01
1.218861503906250032e-01
1.221073593750000019e-01
1.223285683593750006e-01
1.225497773437499993e-01
1.227709863281249980e-01
1.229921953124999967e-01
1.232134042968749954e-01
1.234346132812499941e-01
1.236558222656249928e-01
1.238770312499999915e-01
1.240982402343750041e-01
1.243194492187500028e-01
1.245406582031250015e-01
1.247618671875000002e-01
1.249830761718749988e-01
1.252042851562500114e-01
1.254254941406250101e-01
1.256467031250000088e-01
1.258679121093750075e-01
1.260891210937500062e-01
1.263103300781250049e-01
1.265315390625000036e-01
1.267527480468750023e-01
1.269739570312500010e-01
1.271951660156249997e-01
1.274163749999999984e-01
1.276375839843749971e-01
1.278587929687499958e-01
1.280800019531249945e-01
1.283012109374999932e-01
1.285224199218749919e-01
1.287436289062499906e-01
1.289648378906249893e-01
1.291860468749999880e-01
1.294072558593749867e-01
1.296284648437499853e-01
1.298496738281250118e-01
1.300708828125000105e-01
1.302920917968750092e-01
1.305133007812500079e-01
1.307345097656250066e-01
1.309557187500000053e-01
1.311769277343750040e-01
1.313981367187500027e-01
1.316193457031250014e-01
1.318405546875000001e-01
1.320617636718749988e-01
1.322829726562499975e-01
1.325041816406249962e-01
1.327253906249999948e-01
1.329465996093749935e-01
1.331678085937499922e-01
1.333890175781249909e-01
1.336102265624999896e-01
1.338314355468749883e-01
1.340526445312499870e-01
1.342738535156249857e-01
1.344950624999999844e-01
1.347162714843750109e-01
1.349374804687500096e-01
1.351586894531250083e-01
1.353798984375000070e-01
1.356011074218750057e-01
1.358223164062500044e-01
1.360435253906250030e-01
1.362647343750000017e-01
1.364859433593750004e-01
1.367071523437499991e-01
1.369283613281249978e-01
1.371495703124999965e-01
1.373707792968749952e-01
1.375919882812499939e-01
1.378131972656249926e-01
1.380344062499999913e-01
1.382556152343749900e-01
1.384768242187499887e-01
1.386980332031249874e-01
1.389192421874999861e-01
1.391404511718749848e-01
1.393616601562500112e-01
1.395828691406250099e-01
1.398040781250000086e-01
1.400252871093750073e-01
1.402464960937500060e-01
1.404677050781250047e-01
1.406889140625000034e-01
1.409101230468750021e-01
1.411313320312500008e-01
1.413525410156249995e-01
1.415737499999999982e-01
1.417949589843749969e-01
1.420161679687499956e-01
1.422373769531249943e-01
1.424585859374999930e-01
1.426797949218749917e-01
1.429010039062499904e-01
1.431222128906249891e-01
1.433434218749999878e-01
1.435646308593749865e-01
1.437858398437499852e-01
1.440070488281250116e-01
1.442282578125000103e-01
1.444494667968750090e-01
1.446706757812500077e-01
1.448918847656250064e-01
1.451130937500000051e-01
1.453343027343750038e-01
1.455555117187500025e-01
1.457767207031250012e-01
1.459979296874999999e-01
1.462191386718749986e-01
1.464403476562499973e-01
1.466615566406249960e-01
1.468827656249999947e-01
1.471039746093749934e-01
1.473251835937499921e-01
1.475463925781249908e-01
1.477676015624999895e-01
1.479888105468749881e-01
1.482100195312499868e-01
1.484312285156249855e-01
1.486524375000000120e-01
1.488736464843750107e-01
1.490948554687500094e-01
1.493160644531250081e-01
1.495372734375000068e-01
1.497584824218750055e-01
1.499796914062500042e-01
1.502009003906250029e-01
1.504221093750000016e-01
1.506433183593750003e-01
1.508645273437499990e-01
1.510857363281249977e-01
1.513069453124999963e-01
1.515281542968749950e-01
1.517493632812499937e-01
1.519705722656249924e-01
1.521917812499999911e-01
1.524129902343749898e-01
1.526341992187499885e-01
1.528554082031249872e-01
1.530766171874999859e-01
1.532978261718749846e-01
1.535190351562500111e-01
1.537402441406250098e-01
1.539614531250000085e-01
1.541826621093750072e-01
1.544038710937500058e-01
1.546250800781250045e-01
1.548462890625000032e-01
1.550674980468750019e-01
1.552887070312500006e-01
1.555099160156249993e-01
1.557311249999999980e-01
1.559523339843749967e-01
1.561735429687499954e-01
1.563947519531249941e-01
1.566159609374999928e-01
1.568371699218749915e-01
1.570583789062499902e-01
1.572795878906249889e-01
1.575007968749999876e-01
1.577220058593749863e-01
1.579432148437499850e-01
1.581644238281250114e-01
1.583856328125000101e-01
1.586068417968750088e-01
1.588280507812500075e-01
1.590492597656250062e-01
1.592704687500000049e-01
1.594916777343750036e-01
1.597128867187500023e-01
1.599340957031250010e-01
1.601553046874999997e-01
1.603765136718749984e-01
1.605977226562499971e-01
1.608189316406249958e-01
1.610401406249999945e-01
1.612613496093749932e-01
1.614825585937499919e-01
1.617037675781249906e-01
1.619249765624999893e-01
1.621461855468749880e-01
1.623673945312499867e-01
1.625886035156249854e-01
1.628098124999999841e-01
1.630310214843750105e-01
1.632522304687500092e-01
1.634734394531250079e-01
1.636946484375000066e-01
1.639158574218750053e-01
1.641370664062500040e-01
1.643582753906250027e-01
1.645794843750000014e-01
1.648006933593750001e-01
1.650219023437499988e-01
1.652431113281249975e-01
1.654643203124999962e-01
1.656855292968749949e-01
1.659067382812499936e-01
1.661279472656249923e-01
1.663491562499999910e-01
1.665703652343749896e-01
1.667915742187499883e-01
1.670127832031249870e-01
1.672339921874999857e-01
1.674552011718749844e-01
1.676764101562500109e-01
1.678976191406250096e-01
1.681188281250000083e-01
1.683400371093750070e-01
1.685612460937500057e-01
1.687824550781250044e-01
1.690036640625000031e-01
1.692248730468750018e-01
1.694460820312500005e-01
1.696672910156249992e-01
1.698884999999999978e-01
1.701097089843749965e-01
1.703309179687499952e-01
1.705521269531249939e-01
1.707733359374999926e-01
1.709945449218749913e-01
1.712157539062499900e-01
1.714369628906249887e-01
1.716581718749999874e-01
1.718793808593749861e-01
1.721005898437499848e-01
1.723217988281250113e-01
1.725430078125000100e-01
1.727642167968750087e-01
1.729854257812500073e-01
1.732066347656250060e-01
1.734278437500000047e-01
1.736490527343750034e-01
1.738702617187500021e-01
1.740914707031250008e-01
1.743126796874999995e-01
1.745338886718749982e-01
1.747550976562499969e-01
1.749763066406249956e-01
1.751975156249999943e-01
1.754187246093749930e-01
1.756399335937499917e-01
1.758611425781249904e-01
1.760823515624999891e-01
1.763035605468749878e-01
1.765247695312499865e-01
1.767459785156249852e-01
1.769671875000000116e-01
1.771883964843750103e-01
1.774096054687500090e-01
1.776308144531250077e-01
1.778520234375000064e-01
1.780732324218750051e-01
1.782944414062500038e-01
1.785156503906250025e-01
1.787368593750000012e-01
1.789580683593749999e-01
1.791792773437499986e-01
1.794004863281249973e-01
1.796216953124999960e-01
1.798429042968749947e-01
1.800641132812499934e-01
1.802853222656249921e-01
1.805065312499999908e-01
1.807277402343749895e-01
1.809489492187499882e-01
1.811701582031249869e-01
1.813913671874999856e-01
1.816125761718749843e-01
1.818337851562500107e-01
1.820549941406250094e-01
1.822762031250000081e-01
1.824974121093750068e-01
1.827186210937500055e-01
1.829398300781250042e-01
1.831610390625000029e-01
1.833822480468750016e-01
1.836034570312500003e-01
1.838246660156249990e-01
1.840458749999999977e-01
1.842670839843749964e-01
1.844882929687499951e-01
1.847095019531249938e-01
1.849307109374999925e-01
1.851519199218749911e-01
1.853731289062499898e-01
1.855943378906249885e-01
1.858155468749999872e-01
1.860367558593749859e-01
1.862579648437499846e-01
1.864791738281250111e-01
1.867003828125000098e-01
1.869215917968750085e-01
1.871428007812500072e-01
1.873640097656250059e-01
1.875852187500000046e-01
1.878064277343750033e-01
1.880276367187500020e-01
1.882488457031250007e-01
1.884700546874999993e-01
1.886912636718749980e-01
1.889124726562499967e-01
1.891336816406249954e-01
1.893548906249999941e-01
1.895760996093749928e-01
1.897973085937499915e-01
1.900185175781249902e-01
1.902397265624999889e-01
1.904609355468749876e-01
1.906821445312499863e-01
1.909033535156249850e-01
1.911245624999999837e-01
1.913457714843750102e-01
1.915669804687500088e-01
1.917881894531250075e-01
1.920093984375000062e-01
1.922306074218750049e-01
1.924518164062500036e-01
1.926730253906250023e-01
1.928942343750000010e-01
1.931154433593749997e-01
1.933366523437499984e-01
1.935578613281249971e-01
1.937790703124999958e-01
1.940002792968749945e-01
1.942214882812499932e-01
1.944426972656249919e-01
1.946639062499999906e-01
1.948851152343749893e-01
1.951063242187499880e-01
1.953275332031249867e-01
1.955487421874999854e-01
1.957699511718749841e-01
1.959911601562500105e-01
1.962123691406250092e-01
1.964335781250000079e-01
1.966547871093750066e-01
1.968759960937500053e-01
1.970972050781250040e-01
1.973184140625000027e-01
1.975396230468750014e-01
1.977608320312500001e-01
1.979820410156249988e-01
1.982032499999999975e-01
1.984244589843749962e-01
1.986456679687499949e-01
1.988668769531249936e-01
1.990880859374999923e-01
1.993092949218749910e-01
1.995305039062499897e-01
1.997517128906249884e-01
1.999729218749999871e-01
2.001941308593749858e-01
2.004153398437499844e-01
2.006365488281250109e-01
2.008577578125000096e-01
2.010789667968750083e-01
2.013001757812500070e-01
2.015213847656250057e-01
2.017425937500000044e-01
2.019638027343750031e-01
2.021850117187500018e-01
2.024062207031250005e-01
2.026274296874999992e-01
2.028486386718749979e-01
2.030698476562499966e-01
2.032910566406249953e-01
2.035122656249999940e-01
2.037334746093749926e-01
2.039546835937499913e-01
2.041758925781249900e-01
2.043971015624999887e-01
2.046183105468749874e-01
2.048395195312499861e-01
2.050607285156249848e-01
2.052819375000000113e-01
2.055031464843750100e-01
2.057243554687500087e-01
2.059455644531250074e-01
2.061667734375000061e-01
2.063879824218750048e-01
2.066091914062500035e-01
2.068304003906250021e-01
2.070516093750000008e-01
2.072728183593749995e-01
2.074940273437499982e-01
2.077152363281249969e-01
2.079364453124999956e-01
2.081576542968749943e-01
2.083788632812499930e-01
2.086000722656249917e-01
2.088212812499999904e-01
2.090424902343749891e-01
2.092636992187499878e-01
2.094849082031249865e-01
2.097061171874999852e-01
2.099273261718749839e-01
2.101485351562500103e-01
2.103697441406250090e-01
2.105909531250000077e-01
2.108121621093750064e-01
2.110333710937500051e-01
2.112545800781250038e-01
2.114757890625000025e-01
2.116969980468750012e-01
2.119182070312499999e-01
2.121394160156249986e-01
2.123606249999999973e-01
2.125818339843749960e-01
2.128030429687499947e-01
2.130242519531249934e-01
2.132454609374999921e-01
2.134666699218749908e-01
2.136878789062499895e-01
2.139090878906249882e-01
2.141302968749999869e-01
2.143515058593749856e-01
2.145727148437499843e-01
2.147939238281250107e-01
2.150151328125000094e-01
2.152363417968750081e-01
2.154575507812500068e-01
2.156787597656250055e-01
2.158999687500000042e-01
2.161211777343750029e-01
2.163423867187500016e-01
2.165635957031250003e-01
2.167848046874999990e-01
2.170060136718749977e-01
2.172272226562499964e-01
2.174484316406249951e-01
2.176696406249999938e-01
2.178908496093749925e-01
2.181120585937499912e-01
2.183332675781249899e-01
2.185544765624999886e-01
2.187756855468749873e-01
2.189968945312499859e-01
2.192181035156249846e-01
2.194393124999999833e-01
2.196605214843750098e-01
2.198817304687500085e-01
2.201029394531250072e-01
2.203241484375000059e-01
2.205453574218750046e-01
2.207665664062500033e-01
2.209877753906250020e-01
2.212089843750000007e-01
2.214301933593749994e-01
2.216514023437499981e-01
2.218726113281249968e-01
2.220938203124999955e-01
2.223150292968749941e-01
2.225362382812499928e-01
2.227574472656249915e-01
2.229786562499999902e-01
2.231998652343749889e-01
2.234210742187499876e-01
2.236422832031249863e-01
2.238634921874999850e-01
2.240847011718749837e-01
2.243059101562500102e-01
2.245271191406250089e-01
2.247483281250000076e-01
2.249695371093750063e-01
2.251907460937500050e-01
2.254119550781250036e-01
2.256331640625000023e-01
2.258543730468750010e-01
2.260755820312499997e-01
2.262967910156249984e-01
