0.000000000000000000e+00
3.503300781250000013e-04
7.006601562500000026e-04
1.050990234375000004e-03
1.401320312500000005e-03
1.751650390625000006e-03
2.101980468750000008e-03
2.452310546875000226e-03
2.802640625000000010e-03
3.152970703124999795e-03
3.503300781250000013e-03
3.853630859375000231e-03
4.203960937500000015e-03
4.554291015624999800e-03
4.904621093750000452e-03
5.254951171875000236e-03
5.605281250000000021e-03
5.955611328124999805e-03
6.305941406249999590e-03
6.656271484375000241e-03
7.006601562500000026e-03
7.356931640624999810e-03
7.707261718750000462e-03
8.057591796874999379e-03
8.407921875000000031e-03
8.758251953125000683e-03
9.108582031249999600e-03
9.458912109375000252e-03
9.809242187500000903e-03
1.015957226562499982e-02
1.050990234375000047e-02
1.086023242187499939e-02
1.121056250000000004e-02
1.156089257812500069e-02
1.191122265624999961e-02
1.226155273437500026e-02
1.261188281249999918e-02
1.296221289062499983e-02
1.331254296875000048e-02
1.366287304687499940e-02
1.401320312500000005e-02
1.436353320312500070e-02
1.471386328124999962e-02
1.506419335937500027e-02
1.541452343750000092e-02
1.576485351562499984e-02
1.611518359374999876e-02
1.646551367187500114e-02
1.681584375000000006e-02
1.716617382812499898e-02
1.751650390625000137e-02
1.786683398437500028e-02
1.821716406249999920e-02
1.856749414062500159e-02
1.891782421875000050e-02
1.926815429687499942e-02
1.961848437500000181e-02
1.996881445312500072e-02
2.031914453124999964e-02
2.066947460937499856e-02
2.101980468750000094e-02
2.137013476562499986e-02
2.172046484374999878e-02
2.207079492187500117e-02
2.242112500000000008e-02
2.277145507812499900e-02
2.312178515625000139e-02
2.347211523437500030e-02
2.382244531249999922e-02
2.417277539062500161e-02
2.452310546875000052e-02
2.487343554687499944e-02
2.522376562499999836e-02
2.557409570312500074e-02
2.592442578124999966e-02
2.627475585937499858e-02
2.662508593750000097e-02
2.697541601562499988e-02
2.732574609374999880e-02
2.767607617187500119e-02
2.802640625000000010e-02
2.837673632812499902e-02
2.872706640625000141e-02
2.907739648437500032e-02
2.942772656249999924e-02
2.977805664062500163e-02
3.012838671875000054e-02
3.047871679687499946e-02
3.082904687500000185e-02
3.117937695312500077e-02
3.152970703124999968e-02
3.188003710937500207e-02
3.223036718749999752e-02
3.258069726562499990e-02
3.293102734375000229e-02
3.328135742187499774e-02
3.363168750000000012e-02
3.398201757812500251e-02
3.433234765624999796e-02
3.468267773437500034e-02
3.503300781250000273e-02
3.538333789062499818e-02
3.573366796875000057e-02
3.608399804687500295e-02
3.643432812499999840e-02
3.678465820312500079e-02
3.713498828125000317e-02
3.748531835937499862e-02
3.783564843750000101e-02
3.818597851562500339e-02
3.853630859374999884e-02
3.888663867187500123e-02
3.923696875000000361e-02
3.958729882812499906e-02
3.993762890625000145e-02
4.028795898437499690e-02
4.063828906249999928e-02
4.098861914062500167e-02
4.133894921874999712e-02
4.168927929687499950e-02
4.203960937500000189e-02
4.238993945312499734e-02
4.274026953124999972e-02
4.309059960937500211e-02
4.344092968749999756e-02
4.379125976562499994e-02
4.414158984375000233e-02
4.449191992187499778e-02
4.484225000000000017e-02
4.519258007812500255e-02
4.554291015624999800e-02
4.589324023437500039e-02
4.624357031250000277e-02
4.659390039062499822e-02
4.694423046875000061e-02
4.729456054687500299e-02
4.764489062499999844e-02
4.799522070312500083e-02
4.834555078125000321e-02
4.869588085937499866e-02
4.904621093750000105e-02
4.939654101562500343e-02
4.974687109374999888e-02
5.009720117187500127e-02
5.044753124999999672e-02
5.079786132812499910e-02
5.114819140625000149e-02
5.149852148437499694e-02
5.184885156249999932e-02
5.219918164062500171e-02
5.254951171874999716e-02
5.289984179687499954e-02
5.325017187500000193e-02
5.360050195312499738e-02
5.395083203124999977e-02
5.430116210937500215e-02
5.465149218749999760e-02
5.500182226562499999e-02
5.535215234375000237e-02
5.570248242187499782e-02
5.605281250000000021e-02
5.640314257812500259e-02
5.675347265624999804e-02
5.710380273437500043e-02
5.745413281250000281e-02
5.780446289062499826e-02
5.815479296875000065e-02
5.850512304687500303e-02
5.885545312499999848e-02
5.920578320312500087e-02
5.955611328125000326e-02
5.990644335937499870e-02
6.025677343750000109e-02
6.060710351562500348e-02
6.095743359374999892e-02
6.130776367187500131e-02
6.165809375000000370e-02
6.200842382812499914e-02
6.235875390625000153e-02
6.270908398437499698e-02
6.305941406249999936e-02
6.340974414062500175e-02
6.376007421875000414e-02
6.411040429687500652e-02
6.446073437499999503e-02
6.481106445312499742e-02
6.516139453124999981e-02
6.551172460937500219e-02
6.586205468750000458e-02
6.621238476562500697e-02
6.656271484374999547e-02
6.691304492187499786e-02
6.726337500000000025e-02
6.761370507812500263e-02
6.796403515625000502e-02
6.831436523437499353e-02
6.866469531249999592e-02
6.901502539062499830e-02
6.936535546875000069e-02
6.971568554687500308e-02
7.006601562500000546e-02
7.041634570312499397e-02
7.076667578124999636e-02
7.111700585937499874e-02
7.146733593750000113e-02
7.181766601562500352e-02
7.216799609375000590e-02
7.251832617187499441e-02
7.286865624999999680e-02
7.321898632812499919e-02
7.356931640625000157e-02
7.391964648437500396e-02
7.426997656250000635e-02
7.462030664062499485e-02
7.497063671874999724e-02
7.532096679687499963e-02
7.567129687500000201e-02
7.602162695312500440e-02
7.637195703125000679e-02
7.672228710937499530e-02
7.707261718749999768e-02
7.742294726562500007e-02
7.777327734375000245e-02
7.812360742187500484e-02
7.847393750000000723e-02
7.882426757812499574e-02
7.917459765624999812e-02
7.952492773437500051e-02
7.987525781250000290e-02
8.022558789062500528e-02
8.057591796874999379e-02
8.092624804687499618e-02
8.127657812499999856e-02
8.162690820312500095e-02
8.197723828125000334e-02
8.232756835937500572e-02
8.267789843749999423e-02
8.302822851562499662e-02
8.337855859374999901e-02
8.372888867187500139e-02
8.407921875000000378e-02
8.442954882812500617e-02
8.477987890624999467e-02
8.513020898437499706e-02
8.548053906249999945e-02
8.583086914062500183e-02
8.618119921875000422e-02
8.653152929687500661e-02
8.688185937499999512e-02
8.723218945312499750e-02
8.758251953124999989e-02
8.793284960937500228e-02
8.828317968750000466e-02
8.863350976562500705e-02
8.898383984374999556e-02
8.933416992187499794e-02
8.968450000000000033e-02
9.003483007812500272e-02
9.038516015625000510e-02
9.073549023437499361e-02
9.108582031249999600e-02
9.143615039062499839e-02
9.178648046875000077e-02
9.213681054687500316e-02
9.248714062500000554e-02
9.283747070312499405e-02
9.318780078124999644e-02
9.353813085937499883e-02
9.388846093750000121e-02
9.423879101562500360e-02
9.458912109375000599e-02
9.493945117187499450e-02
9.528978124999999688e-02
9.564011132812499927e-02
9.599044140625000165e-02
9.634077148437500404e-02
9.669110156250000643e-02
9.704143164062499494e-02
9.739176171874999732e-02
9.774209179687499971e-02
9.809242187500000210e-02
9.844275195312500448e-02
9.879308203125000687e-02
9.914341210937499538e-02
9.949374218749999776e-02
9.984407226562500015e-02
1.001944023437500025e-01
1.005447324218750049e-01
1.008950624999999934e-01
1.012453925781249958e-01
1.015957226562499982e-01
1.019460527343750006e-01
1.022963828125000030e-01
1.026467128906250054e-01
1.029970429687499939e-01
1.033473730468749963e-01
1.036977031249999986e-01
1.040480332031250010e-01
1.043983632812500034e-01
1.047486933593750058e-01
1.050990234374999943e-01
1.054493535156249967e-01
1.057996835937499991e-01
1.061500136718750015e-01
1.065003437500000039e-01
1.068506738281250062e-01
1.072010039062499948e-01
1.075513339843749971e-01
1.079016640624999995e-01
1.082519941406250019e-01
1.086023242187500043e-01
1.089526542968750067e-01
1.093029843749999952e-01
1.096533144531249976e-01
1.100036445312500000e-01
1.103539746093750024e-01
1.107043046875000047e-01
1.110546347656250071e-01
1.114049648437499956e-01
1.117552949218749980e-01
1.121056250000000004e-01
1.124559550781250028e-01
1.128062851562500052e-01
1.131566152343749937e-01
1.135069453124999961e-01
1.138572753906249985e-01
1.142076054687500009e-01
1.145579355468750032e-01
1.149082656250000056e-01
1.152585957031249941e-01
1.156089257812499965e-01
1.159592558593749989e-01
1.163095859375000013e-01
1.166599160156250037e-01
1.170102460937500061e-01
1.173605761718749946e-01
1.177109062499999970e-01
1.180612363281249994e-01
1.184115664062500017e-01
1.187618964843750041e-01
1.191122265625000065e-01
1.194625566406249950e-01
1.198128867187499974e-01
1.201632167968749998e-01
1.205135468750000022e-01
1.208638769531250046e-01
1.212142070312500070e-01
1.215645371093749955e-01
1.219148671874999978e-01
1.222651972656250002e-01
1.226155273437500026e-01
1.229658574218750050e-01
1.233161875000000074e-01
1.236665175781249959e-01
1.240168476562499983e-01
1.243671777343750007e-01
1.247175078125000031e-01
1.250678378906250054e-01
1.254181679687499940e-01
1.257684980468750102e-01
1.261188281249999987e-01
1.264691582031249872e-01
1.268194882812500035e-01
1.271698183593749920e-01
1.275201484375000083e-01
1.278704785156249968e-01
1.282208085937500130e-01
1.285711386718750016e-01
1.289214687499999901e-01
1.292717988281250063e-01
1.296221289062499948e-01
1.299724589843750111e-01
1.303227890624999996e-01
1.306731191406249881e-01
1.310234492187500044e-01
1.313737792968749929e-01
1.317241093750000092e-01
1.320744394531249977e-01
1.324247695312500139e-01
1.327750996093750024e-01
1.331254296874999909e-01
1.334757597656250072e-01
1.338260898437499957e-01
1.341764199218750120e-01
1.345267500000000005e-01
1.348770800781249890e-01
1.352274101562500053e-01
1.355777402343749938e-01
1.359280703125000100e-01
1.362784003906249986e-01
1.366287304687499871e-01
1.369790605468750033e-01
1.373293906249999918e-01
1.376797207031250081e-01
1.380300507812499966e-01
1.383803808593750129e-01
1.387307109375000014e-01
1.390810410156249899e-01
1.394313710937500062e-01
1.397817011718749947e-01
1.401320312500000109e-01
1.404823613281249994e-01
1.408326914062499879e-01
1.411830214843750042e-01
1.415333515624999927e-01
1.418836816406250090e-01
1.422340117187499975e-01
1.425843417968750138e-01
1.429346718750000023e-01
1.432850019531249908e-01
1.436353320312500070e-01
1.439856621093749955e-01
1.443359921875000118e-01
1.446863222656250003e-01
1.450366523437499888e-01
1.453869824218750051e-01
1.457373124999999936e-01
1.460876425781250099e-01
1.464379726562499984e-01
1.467883027343749869e-01
1.471386328125000031e-01
1.474889628906249917e-01
1.478392929687500079e-01
1.481896230468749964e-01
1.485399531250000127e-01
1.488902832031250012e-01
1.492406132812499897e-01
1.495909433593750060e-01
1.499412734374999945e-01
1.502916035156250107e-01
1.506419335937499993e-01
1.509922636718749878e-01
1.513425937500000040e-01
1.516929238281249925e-01
1.520432539062500088e-01
1.523935839843749973e-01
1.527439140625000136e-01
1.530942441406250021e-01
1.534445742187499906e-01
1.537949042968750069e-01
1.541452343749999954e-01
1.544955644531250116e-01
1.548458945312500001e-01
1.551962246093749886e-01
1.555465546875000049e-01
1.558968847656249934e-01
1.562472148437500097e-01
1.565975449218749982e-01
1.569478750000000145e-01
1.572982050781250030e-01
1.576485351562499915e-01
1.579988652343750077e-01
1.583491953124999962e-01
1.586995253906250125e-01
1.590498554687500010e-01
1.594001855468749895e-01
1.597505156250000058e-01
1.601008457031249943e-01
1.604511757812500106e-01
1.608015058593749991e-01
1.611518359374999876e-01
1.615021660156250038e-01
1.618524960937499924e-01
1.622028261718750086e-01
1.625531562499999971e-01
1.629034863281250134e-01
1.632538164062500019e-01
1.636041464843749904e-01
1.639544765625000067e-01
1.643048066406249952e-01
1.646551367187500114e-01
1.650054667968750000e-01
1.653557968749999885e-01
1.657061269531250047e-01
1.660564570312499932e-01
1.664067871093750095e-01
1.667571171874999980e-01
1.671074472656250143e-01
1.674577773437500028e-01
1.678081074218749913e-01
1.681584375000000076e-01
1.685087675781249961e-01
1.688590976562500123e-01
1.692094277343750008e-01
1.695597578124999893e-01
1.699100878906250056e-01
1.702604179687499941e-01
1.706107480468750104e-01
1.709610781249999989e-01
1.713114082031249874e-01
1.716617382812500037e-01
1.720120683593749922e-01
1.723623984375000084e-01
1.727127285156249969e-01
1.730630585937500132e-01
1.734133886718750017e-01
1.737637187499999902e-01
1.741140488281250065e-01
1.744643789062499950e-01
1.748147089843750113e-01
1.751650390624999998e-01
1.755153691406249883e-01
1.758656992187500046e-01
1.762160292968749931e-01
1.765663593750000093e-01
1.769166894531249978e-01
1.772670195312500141e-01
1.776173496093750026e-01
1.779676796874999911e-01
1.783180097656250074e-01
1.786683398437499959e-01
1.790186699218750122e-01
1.793690000000000007e-01
1.797193300781249892e-01
1.800696601562500054e-01
1.804199902343749939e-01
1.807703203125000102e-01
1.811206503906249987e-01
1.814709804687499872e-01
1.818213105468750035e-01
1.821716406249999920e-01
1.825219707031250083e-01
1.828723007812499968e-01
1.832226308593750130e-01
1.835729609375000015e-01
1.839232910156249901e-01
1.842736210937500063e-01
1.846239511718749948e-01
1.849742812500000111e-01
1.853246113281249996e-01
1.856749414062499881e-01
1.860252714843750044e-01
1.863756015624999929e-01
1.867259316406250091e-01
1.870762617187499977e-01
1.874265917968750139e-01
1.877769218750000024e-01
1.881272519531249909e-01
1.884775820312500072e-01
1.888279121093749957e-01
1.891782421875000120e-01
1.895285722656250005e-01
1.898789023437499890e-01
1.902292324218750053e-01
1.905795624999999938e-01
1.909298925781250100e-01
1.912802226562499985e-01
1.916305527343749870e-01
1.919808828125000033e-01
1.923312128906249918e-01
1.926815429687500081e-01
1.930318730468749966e-01
1.933822031250000129e-01
1.937325332031250014e-01
1.940828632812499899e-01
1.944331933593750061e-01
1.947835234374999946e-01
1.951338535156250109e-01
1.954841835937499994e-01
1.958345136718749879e-01
1.961848437500000042e-01
1.965351738281249927e-01
1.968855039062500090e-01
1.972358339843749975e-01
1.975861640625000137e-01
1.979364941406250022e-01
1.982868242187499908e-01
1.986371542968750070e-01
1.989874843749999955e-01
1.993378144531250118e-01
1.996881445312500003e-01
2.000384746093749888e-01
2.003888046875000051e-01
2.007391347656249936e-01
2.010894648437500098e-01
2.014397949218749984e-01
2.017901249999999869e-01
2.021404550781250031e-01
2.024907851562499916e-01
2.028411152343750079e-01
2.031914453124999964e-01
2.035417753906250127e-01
2.038921054687500012e-01
2.042424355468749897e-01
2.045927656250000060e-01
2.049430957031249945e-01
2.052934257812500107e-01
2.056437558593749992e-01
2.059940859374999877e-01
2.063444160156250040e-01
2.066947460937499925e-01
2.070450761718750088e-01
2.073954062499999973e-01
2.077457363281250136e-01
2.080960664062500021e-01
2.084463964843749906e-01
2.087967265625000068e-01
2.091470566406249953e-01
2.094973867187500116e-01
2.098477167968750001e-01
2.101980468749999886e-01
2.105483769531250049e-01
2.108987070312499934e-01
2.112490371093750097e-01
2.115993671874999982e-01
2.119496972656250144e-01
2.123000273437500030e-01
2.126503574218749915e-01
2.130006875000000077e-01
2.133510175781249962e-01
2.137013476562500125e-01
2.140516777343750010e-01
2.144020078124999895e-01
2.147523378906250058e-01
2.151026679687499943e-01
2.154529980468750106e-01
2.158033281249999991e-01
2.161536582031249876e-01
2.165039882812500038e-01
2.168543183593749923e-01
2.172046484375000086e-01
2.175549785156249971e-01
2.179053085937500134e-01
2.182556386718750019e-01
2.186059687499999904e-01
2.189562988281250067e-01
2.193066289062499952e-01
2.196569589843750114e-01
2.200072890624999999e-01
2.203576191406249885e-01
2.207079492187500047e-01
2.210582792968749932e-01
2.214086093750000095e-01
2.217589394531249980e-01
2.221092695312500143e-01
2.224595996093750028e-01
2.228099296874999913e-01
2.231602597656250075e-01
2.235105898437499961e-01
2.238609199218750123e-01
2.242112500000000008e-01
2.245615800781249893e-01
2.249119101562500056e-01
2.252622402343749941e-01
2.256125703125000104e-01
2.259629003906249989e-01
2.263132304687499874e-01
2.266635605468750037e-01
2.270138906249999922e-01
2.273642207031250084e-01
2.277145507812499969e-01
2.280648808593750132e-01
2.284152109375000017e-01
2.287655410156249902e-01
2.291158710937500065e-01
2.294662011718749950e-01
2.298165312500000113e-01
2.301668613281249998e-01
2.305171914062499883e-01
2.308675214843750045e-01
2.312178515624999930e-01
2.315681816406250093e-01
2.319185117187499978e-01
2.322688417968750141e-01
2.326191718750000026e-01
2.329695019531249911e-01
2.333198320312500074e-01
2.336701621093749959e-01
2.340204921875000121e-01
2.343708222656250006e-01
2.347211523437499892e-01
2.350714824218750054e-01
2.354218124999999939e-01
2.357721425781250102e-01
2.361224726562499987e-01
2.364728027343749872e-01
2.368231328125000035e-01
2.371734628906249920e-01
2.375237929687500082e-01
2.378741230468749968e-01
2.382244531250000130e-01
2.385747832031250015e-01
2.389251132812499900e-01
2.392754433593750063e-01
2.396257734374999948e-01
2.399761035156250111e-01
2.403264335937499996e-01
2.406767636718749881e-01
2.410270937500000044e-01
2.413774238281249929e-01
2.417277539062500091e-01
2.420780839843749976e-01
2.424284140625000139e-01
2.427787441406250024e-01
2.431290742187499909e-01
2.434794042968750072e-01
2.438297343749999957e-01
2.441800644531250120e-01
2.445303945312500005e-01
2.448807246093749890e-01
2.452310546875000052e-01
2.455813847656249937e-01
2.459317148437500100e-01
2.462820449218749985e-01
2.466323750000000148e-01
2.469827050781250033e-01
2.473330351562499918e-01
2.476833652343750081e-01
2.480336953124999966e-01
2.483840253906250128e-01
2.487343554687500014e-01
2.490846855468749899e-01
2.494350156250000061e-01
2.497853457031249946e-01
2.501356757812500109e-01
2.504860058593750272e-01
2.508363359374999879e-01
2.511866660156250042e-01
2.515369960937500204e-01
2.518873261718749812e-01
2.522376562499999975e-01
2.525879863281250137e-01
2.529383164062499745e-01
2.532886464843749907e-01
2.536389765625000070e-01
2.539893066406250233e-01
2.543396367187499840e-01
2.546899667968750003e-01
2.550402968750000166e-01
2.553906269531249773e-01
2.557409570312499936e-01
2.560912871093750098e-01
2.564416171875000261e-01
2.567919472656249869e-01
2.571422773437500031e-01
2.574926074218750194e-01
2.578429374999999801e-01
2.581932675781249964e-01
2.585435976562500127e-01
2.588939277343749734e-01
2.592442578124999897e-01
2.595945878906250059e-01
2.599449179687500222e-01
2.602952480468749830e-01
2.606455781249999992e-01
2.609959082031250155e-01
2.613462382812499762e-01
2.616965683593749925e-01
2.620468984375000088e-01
2.623972285156250250e-01
2.627475585937499858e-01
2.630978886718750021e-01
2.634482187500000183e-01
2.637985488281249791e-01
2.641488789062499953e-01
2.644992089843750116e-01
2.648495390625000279e-01
2.651998691406249886e-01
2.655501992187500049e-01
2.659005292968750211e-01
2.662508593749999819e-01
2.666011894531249982e-01
2.669515195312500144e-01
2.673018496093749752e-01
2.676521796874999914e-01
2.680025097656250077e-01
2.683528398437500240e-01
2.687031699218749847e-01
2.690535000000000010e-01
2.694038300781250173e-01
2.697541601562499780e-01
2.701044902343749943e-01
2.704548203125000105e-01
2.708051503906250268e-01
2.711554804687499876e-01
2.715058105468750038e-01
2.718561406250000201e-01
2.722064707031249808e-01
2.725568007812499971e-01
2.729071308593750134e-01
2.732574609374999741e-01
2.736077910156249904e-01
2.739581210937500066e-01
2.743084511718750229e-01
2.746587812499999837e-01
2.750091113281249999e-01
2.753594414062500162e-01
2.757097714843749769e-01
2.760601015624999932e-01
2.764104316406250095e-01
2.767607617187500257e-01
2.771110917968749865e-01
2.774614218750000028e-01
2.778117519531250190e-01
2.781620820312499798e-01
2.785124121093749960e-01
2.788627421875000123e-01
2.792130722656250286e-01
2.795634023437499893e-01
2.799137324218750056e-01
2.802640625000000218e-01
2.806143925781249826e-01
2.809647226562499989e-01
2.813150527343750151e-01
2.816653828124999759e-01
2.820157128906249921e-01
2.823660429687500084e-01
2.827163730468750247e-01
2.830667031249999854e-01
2.834170332031250017e-01
2.837673632812500180e-01
2.841176933593749787e-01
2.844680234374999950e-01
2.848183535156250112e-01
2.851686835937500275e-01
2.855190136718749883e-01
2.858693437500000045e-01
2.862196738281250208e-01
2.865700039062499815e-01
2.869203339843749978e-01
2.872706640625000141e-01
2.876209941406249748e-01
2.879713242187499911e-01
2.883216542968750074e-01
2.886719843750000236e-01
2.890223144531249844e-01
2.893726445312500006e-01
2.897229746093750169e-01
2.900733046874999776e-01
2.904236347656249939e-01
2.907739648437500102e-01
2.911242949218750264e-01
2.914746249999999872e-01
2.918249550781250035e-01
2.921752851562500197e-01
2.925256152343749805e-01
2.928759453124999967e-01
2.932262753906250130e-01
2.935766054687499738e-01
2.939269355468749900e-01
2.942772656250000063e-01
2.946275957031250226e-01
2.949779257812499833e-01
2.953282558593749996e-01
2.956785859375000158e-01
2.960289160156249766e-01
2.963792460937499929e-01
2.967295761718750091e-01
2.970799062500000254e-01
2.974302363281249861e-01
2.977805664062500024e-01
2.981308964843750187e-01
2.984812265624999794e-01
2.988315566406249957e-01
2.991818867187500119e-01
2.995322167968750282e-01
2.998825468749999890e-01
3.002328769531250052e-01
3.005832070312500215e-01
3.009335371093749822e-01
3.012838671874999985e-01
3.016341972656250148e-01
3.019845273437499755e-01
3.023348574218749918e-01
3.026851875000000081e-01
3.030355175781250243e-01
3.033858476562499851e-01
3.037361777343750013e-01
3.040865078125000176e-01
3.044368378906249784e-01
3.047871679687499946e-01
3.051374980468750109e-01
3.054878281250000271e-01
3.058381582031249879e-01
3.061884882812500042e-01
3.065388183593750204e-01
3.068891484374999812e-01
3.072394785156249974e-01
3.075898085937500137e-01
3.079401386718749745e-01
3.082904687499999907e-01
3.086407988281250070e-01
3.089911289062500233e-01
3.093414589843749840e-01
3.096917890625000003e-01
3.100421191406250165e-01
3.103924492187499773e-01
3.107427792968749936e-01
3.110931093750000098e-01
3.114434394531250261e-01
3.117937695312499868e-01
3.121440996093750031e-01
3.124944296875000194e-01
3.128447597656249801e-01
3.131950898437499964e-01
3.135454199218750126e-01
3.138957500000000289e-01
3.142460800781249897e-01
3.145964101562500059e-01
3.149467402343750222e-01
3.152970703124999829e-01
3.156474003906249992e-01
3.159977304687500155e-01
3.163480605468749762e-01
3.166983906249999925e-01
3.170487207031250088e-01
3.173990507812500250e-01
3.177493808593749858e-01
3.180997109375000020e-01
3.184500410156250183e-01
3.188003710937499791e-01
3.191507011718749953e-01
3.195010312500000116e-01
3.198513613281250278e-01
3.202016914062499886e-01
3.205520214843750049e-01
3.209023515625000211e-01
3.212526816406249819e-01
3.216030117187499981e-01
3.219533417968750144e-01
3.223036718749999752e-01
3.226540019531249914e-01
3.230043320312500077e-01
3.233546621093750240e-01
3.237049921874999847e-01
3.240553222656250010e-01
3.244056523437500172e-01
3.247559824218749780e-01
3.251063124999999943e-01
3.254566425781250105e-01
3.258069726562500268e-01
3.261573027343749875e-01
3.265076328125000038e-01
3.268579628906250201e-01
3.272082929687499808e-01
3.275586230468749971e-01
3.279089531250000134e-01
3.282592832031249741e-01
3.286096132812499904e-01
3.289599433593750066e-01
3.293102734375000229e-01
3.296606035156249837e-01
3.300109335937499999e-01
3.303612636718750162e-01
3.307115937499999769e-01
3.310619238281249932e-01
3.314122539062500095e-01
3.317625839843750257e-01
3.321129140624999865e-01
3.324632441406250027e-01
3.328135742187500190e-01
3.331639042968749798e-01
3.335142343749999960e-01
3.338645644531250123e-01
3.342148945312500286e-01
3.345652246093749893e-01
3.349155546875000056e-01
3.352658847656250218e-01
3.356162148437499826e-01
3.359665449218749989e-01
3.363168750000000151e-01
3.366672050781249759e-01
3.370175351562499921e-01
3.373678652343750084e-01
3.377181953125000247e-01
3.380685253906249854e-01
3.384188554687500017e-01
3.387691855468750179e-01
3.391195156249999787e-01
3.394698457031249950e-01
3.398201757812500112e-01
3.401705058593750275e-01
3.405208359374999882e-01
3.408711660156250045e-01
3.412214960937500208e-01
3.415718261718749815e-01
3.419221562499999978e-01
3.422724863281250141e-01
3.426228164062499748e-01
3.429731464843749911e-01
3.433234765625000073e-01
3.436738066406250236e-01
3.440241367187499844e-01
3.443744667968750006e-01
3.447247968750000169e-01
3.450751269531249776e-01
3.454254570312499939e-01
3.457757871093750102e-01
3.461261171875000264e-01
3.464764472656249872e-01
3.468267773437500034e-01
3.471771074218750197e-01
3.475274374999999805e-01
3.478777675781249967e-01
3.482280976562500130e-01
3.485784277343749737e-01
3.489287578124999900e-01
3.492790878906250063e-01
3.496294179687500225e-01
3.499797480468749833e-01
3.503300781249999996e-01
3.506804082031250158e-01
3.510307382812499766e-01
3.513810683593749928e-01
3.517313984375000091e-01
3.520817285156250254e-01
3.524320585937499861e-01
3.527823886718750024e-01
3.531327187500000186e-01
3.534830488281249794e-01
3.538333789062499957e-01
3.541837089843750119e-01
3.545340390625000282e-01
3.548843691406249889e-01
3.552346992187500052e-01
3.555850292968750215e-01
3.559353593749999822e-01
3.562856894531249985e-01
3.566360195312500148e-01
3.569863496093749755e-01
3.573366796874999918e-01
3.576870097656250080e-01
3.580373398437500243e-01
3.583876699218749851e-01
