0.000000000000000000e+00
3.353535156249999854e-04
6.707070312499999708e-04
1.006060546874999956e-03
1.341414062499999942e-03
1.676767578124999927e-03
2.012121093749999912e-03
2.347474609374999681e-03
2.682828124999999883e-03
3.018181640625000085e-03
3.353535156249999854e-03
3.688888671874999622e-03
4.024242187499999825e-03
4.359595703125000027e-03
4.694949218749999362e-03
5.030302734374999564e-03
5.365656249999999766e-03
5.701009765624999968e-03
6.036363281250000171e-03
6.371716796874999506e-03
6.707070312499999708e-03
7.042423828124999910e-03
7.377777343749999245e-03
7.713130859374999447e-03
8.048484374999999649e-03
8.383837890624998984e-03
8.719191406250000054e-03
9.054544921874999389e-03
9.389898437499998723e-03
9.725251953124999793e-03
1.006060546874999913e-02
1.039595898437500020e-02
1.073131249999999953e-02
1.106666601562499887e-02
1.140201953124999994e-02
1.173737304687499927e-02
1.207272656250000034e-02
1.240808007812499968e-02
1.274343359374999901e-02
1.307878710937500008e-02
1.341414062499999942e-02
1.374949414062499875e-02
1.408484765624999982e-02
1.442020117187499915e-02
1.475555468749999849e-02
1.509090820312499956e-02
1.542626171874999889e-02
1.576161523437499823e-02
1.609696874999999930e-02
1.643232226562500037e-02
1.676767578124999797e-02
1.710302929687499904e-02
1.743838281250000011e-02
1.777373632812499771e-02
1.810908984374999878e-02
1.844444335937499985e-02
1.877979687499999745e-02
1.911515039062499852e-02
1.945050390624999959e-02
1.978585742187500066e-02
2.012121093749999826e-02
2.045656445312499933e-02
2.079191796875000040e-02
2.112727148437499800e-02
2.146262499999999906e-02
2.179797851562500013e-02
2.213333203124999773e-02
2.246868554687499880e-02
2.280403906249999987e-02
2.313939257812499747e-02
2.347474609374999854e-02
2.381009960937499961e-02
2.414545312500000068e-02
2.448080664062499828e-02
2.481616015624999935e-02
2.515151367187500042e-02
2.548686718749999802e-02
2.582222070312499909e-02
2.615757421875000016e-02
2.649292773437499776e-02
2.682828124999999883e-02
2.716363476562499990e-02
2.749898828124999750e-02
2.783434179687499857e-02
2.816969531249999964e-02
2.850504882812499724e-02
2.884040234374999831e-02
2.917575585937499938e-02
2.951110937499999698e-02
2.984646289062499805e-02
3.018181640624999912e-02
3.051716992187500019e-02
3.085252343749999779e-02
3.118787695312499886e-02
3.152323046874999646e-02
3.185858398437500100e-02
3.219393749999999860e-02
3.252929101562499620e-02
3.286464453125000074e-02
3.319999804687499834e-02
3.353535156249999594e-02
3.387070507812500048e-02
3.420605859374999808e-02
3.454141210937499568e-02
3.487676562500000021e-02
3.521211914062499782e-02
3.554747265624999542e-02
3.588282617187499995e-02
3.621817968749999755e-02
3.655353320312499515e-02
3.688888671874999969e-02
3.722424023437499729e-02
3.755959374999999489e-02
3.789494726562499943e-02
3.823030078124999703e-02
3.856565429687500157e-02
3.890100781249999917e-02
3.923636132812499677e-02
3.957171484375000131e-02
3.990706835937499891e-02
4.024242187499999651e-02
4.057777539062500105e-02
4.091312890624999865e-02
4.124848242187499625e-02
4.158383593750000079e-02
4.191918945312499839e-02
4.225454296874999599e-02
4.258989648437500053e-02
4.292524999999999813e-02
4.326060351562499573e-02
4.359595703125000027e-02
4.393131054687499787e-02
4.426666406249999547e-02
4.460201757812500001e-02
4.493737109374999761e-02
4.527272460937499521e-02
4.560807812499999975e-02
4.594343164062499735e-02
4.627878515624999495e-02
4.661413867187499949e-02
4.694949218749999709e-02
4.728484570312499469e-02
4.762019921874999923e-02
4.795555273437499683e-02
4.829090625000000137e-02
4.862625976562499897e-02
4.896161328124999657e-02
4.929696679687500110e-02
4.963232031249999870e-02
4.996767382812499630e-02
5.030302734375000084e-02
5.063838085937499844e-02
5.097373437499999604e-02
5.130908789062500058e-02
5.164444140624999818e-02
5.197979492187499578e-02
5.231514843750000032e-02
5.265050195312499792e-02
5.298585546874999552e-02
5.332120898437500006e-02
5.365656249999999766e-02
5.399191601562499526e-02
5.432726953124999980e-02
5.466262304687499740e-02
5.499797656249999500e-02
5.533333007812499954e-02
5.566868359374999714e-02
5.600403710937499474e-02
5.633939062499999928e-02
5.667474414062499688e-02
5.701009765624999448e-02
5.734545117187499902e-02
5.768080468749999662e-02
5.801615820312499422e-02
5.835151171874999876e-02
5.868686523437499636e-02
5.902221874999999396e-02
5.935757226562499850e-02
5.969292578124999610e-02
6.002827929687500064e-02
6.036363281249999824e-02
6.069898632812499584e-02
6.103433984375000038e-02
6.136969335937499798e-02
6.170504687499999558e-02
6.204040039062500012e-02
6.237575390624999772e-02
6.271110742187499532e-02
6.304646093749999292e-02
6.338181445312499052e-02
6.371716796875000199e-02
6.405252148437499959e-02
6.438787499999999719e-02
6.472322851562499479e-02
6.505858203124999239e-02
6.539393554687500387e-02
6.572928906250000147e-02
6.606464257812499907e-02
6.639999609374999667e-02
6.673534960937499427e-02
6.707070312499999187e-02
6.740605664062500335e-02
6.774141015625000095e-02
6.807676367187499855e-02
6.841211718749999615e-02
6.874747070312499375e-02
6.908282421874999135e-02
6.941817773437500283e-02
6.975353125000000043e-02
7.008888476562499803e-02
7.042423828124999563e-02
7.075959179687499323e-02
7.109494531249999083e-02
7.143029882812500231e-02
7.176565234374999991e-02
7.210100585937499751e-02
7.243635937499999511e-02
7.277171289062499271e-02
7.310706640624999031e-02
7.344241992187500179e-02
7.377777343749999939e-02
7.411312695312499699e-02
7.444848046874999459e-02
7.478383398437499219e-02
7.511918749999998979e-02
7.545454101562500127e-02
7.578989453124999887e-02
7.612524804687499647e-02
7.646060156249999407e-02
7.679595507812499167e-02
7.713130859375000314e-02
7.746666210937500074e-02
7.780201562499999834e-02
7.813736914062499594e-02
7.847272265624999354e-02
7.880807617187499114e-02
7.914342968750000262e-02
7.947878320312500022e-02
7.981413671874999782e-02
8.014949023437499542e-02
8.048484374999999302e-02
8.082019726562499062e-02
8.115555078125000210e-02
8.149090429687499970e-02
8.182625781249999730e-02
8.216161132812499490e-02
8.249696484374999250e-02
8.283231835937499010e-02
8.316767187500000158e-02
8.350302539062499918e-02
8.383837890624999678e-02
8.417373242187499438e-02
8.450908593749999198e-02
8.484443945312498958e-02
8.517979296875000106e-02
8.551514648437499866e-02
8.585049999999999626e-02
8.618585351562499386e-02
8.652120703124999146e-02
8.685656054687500294e-02
8.719191406250000054e-02
8.752726757812499814e-02
8.786262109374999574e-02
8.819797460937499334e-02
8.853332812499999094e-02
8.886868164062500242e-02
8.920403515625000002e-02
8.953938867187499762e-02
8.987474218749999522e-02
9.021009570312499282e-02
9.054544921874999042e-02
9.088080273437500189e-02
9.121615624999999949e-02
9.155150976562499709e-02
9.188686328124999469e-02
9.222221679687499230e-02
9.255757031249998990e-02
9.289292382812500137e-02
9.322827734374999897e-02
9.356363085937499657e-02
9.389898437499999417e-02
9.423433789062499177e-02
9.456969140624998937e-02
9.490504492187500085e-02
9.524039843749999845e-02
9.557575195312499605e-02
9.591110546874999365e-02
9.624645898437499125e-02
9.658181250000000273e-02
9.691716601562500033e-02
9.725251953124999793e-02
9.758787304687499553e-02
9.792322656249999313e-02
9.825858007812499073e-02
9.859393359375000221e-02
9.892928710937499981e-02
9.926464062499999741e-02
9.959999414062499501e-02
9.993534765624999261e-02
1.002707011718749902e-01
1.006060546875000017e-01
1.009414082031249993e-01
1.012767617187499969e-01
1.016121152343749945e-01
1.019474687499999921e-01
1.022828222656249897e-01
1.026181757812500012e-01
1.029535292968749988e-01
1.032888828124999964e-01
1.036242363281249940e-01
1.039595898437499916e-01
1.042949433593749892e-01
1.046302968750000006e-01
1.049656503906249982e-01
1.053010039062499958e-01
1.056363574218749934e-01
1.059717109374999910e-01
1.063070644531249886e-01
1.066424179687500001e-01
1.069777714843749977e-01
1.073131249999999953e-01
1.076484785156249929e-01
1.079838320312499905e-01
1.083191855468750020e-01
1.086545390624999996e-01
1.089898925781249972e-01
1.093252460937499948e-01
1.096605996093749924e-01
1.099959531249999900e-01
1.103313066406250015e-01
1.106666601562499991e-01
1.110020136718749967e-01
1.113373671874999943e-01
1.116727207031249919e-01
1.120080742187499895e-01
1.123434277343750010e-01
1.126787812499999986e-01
1.130141347656249962e-01
1.133494882812499938e-01
1.136848417968749914e-01
1.140201953124999890e-01
1.143555488281250004e-01
1.146909023437499980e-01
1.150262558593749956e-01
1.153616093749999932e-01
1.156969628906249908e-01
1.160323164062499884e-01
1.163676699218749999e-01
1.167030234374999975e-01
1.170383769531249951e-01
1.173737304687499927e-01
1.177090839843749903e-01
1.180444374999999879e-01
1.183797910156249994e-01
1.187151445312499970e-01
1.190504980468749946e-01
1.193858515624999922e-01
1.197212050781249898e-01
1.200565585937500013e-01
1.203919121093749989e-01
1.207272656249999965e-01
1.210626191406249941e-01
1.213979726562499917e-01
1.217333261718749893e-01
1.220686796875000008e-01
1.224040332031249984e-01
1.227393867187499960e-01
1.230747402343749936e-01
1.234100937499999912e-01
1.237454472656249888e-01
1.240808007812500002e-01
1.244161542968749978e-01
1.247515078124999954e-01
1.250868613281249930e-01
1.254222148437499906e-01
1.257575683593749882e-01
1.260929218749999858e-01
1.264282753906249834e-01
1.267636289062499810e-01
1.270989824218750064e-01
1.274343359375000040e-01
1.277696894531250016e-01
1.281050429687499992e-01
1.284403964843749968e-01
1.287757499999999944e-01
1.291111035156249920e-01
1.294464570312499896e-01
1.297818105468749872e-01
1.301171640624999848e-01
1.304525175781249824e-01
1.307878710937500077e-01
1.311232246093750053e-01
1.314585781250000029e-01
1.317939316406250005e-01
1.321292851562499981e-01
1.324646386718749957e-01
1.327999921874999933e-01
1.331353457031249909e-01
1.334706992187499885e-01
1.338060527343749861e-01
1.341414062499999837e-01
1.344767597656249813e-01
1.348121132812500067e-01
1.351474667968750043e-01
1.354828203125000019e-01
1.358181738281249995e-01
1.361535273437499971e-01
1.364888808593749947e-01
1.368242343749999923e-01
1.371595878906249899e-01
1.374949414062499875e-01
1.378302949218749851e-01
1.381656484374999827e-01
1.385010019531249803e-01
1.388363554687500057e-01
1.391717089843750033e-01
1.395070625000000009e-01
1.398424160156249985e-01
1.401777695312499961e-01
1.405131230468749937e-01
1.408484765624999913e-01
1.411838300781249889e-01
1.415191835937499865e-01
1.418545371093749841e-01
1.421898906249999817e-01
1.425252441406250070e-01
1.428605976562500046e-01
1.431959511718750022e-01
1.435313046874999998e-01
1.438666582031249974e-01
1.442020117187499950e-01
1.445373652343749926e-01
1.448727187499999902e-01
1.452080722656249878e-01
1.455434257812499854e-01
1.458787792968749830e-01
1.462141328124999806e-01
1.465494863281250060e-01
1.468848398437500036e-01
1.472201933593750012e-01
1.475555468749999988e-01
1.478909003906249964e-01
1.482262539062499940e-01
1.485616074218749916e-01
1.488969609374999892e-01
1.492323144531249868e-01
1.495676679687499844e-01
1.499030214843749820e-01
1.502383749999999796e-01
1.505737285156250049e-01
1.509090820312500025e-01
1.512444355468750001e-01
1.515797890624999977e-01
1.519151425781249953e-01
1.522504960937499929e-01
1.525858496093749905e-01
1.529212031249999881e-01
1.532565566406249857e-01
1.535919101562499833e-01
1.539272636718749809e-01
1.542626171875000063e-01
1.545979707031250039e-01
1.549333242187500015e-01
1.552686777343749991e-01
1.556040312499999967e-01
1.559393847656249943e-01
1.562747382812499919e-01
1.566100917968749895e-01
1.569454453124999871e-01
1.572807988281249847e-01
1.576161523437499823e-01
1.579515058593749799e-01
1.582868593750000052e-01
1.586222128906250028e-01
1.589575664062500004e-01
1.592929199218749980e-01
1.596282734374999956e-01
1.599636269531249932e-01
1.602989804687499908e-01
1.606343339843749884e-01
1.609696874999999860e-01
1.613050410156249836e-01
1.616403945312499812e-01
1.619757480468750066e-01
1.623111015625000042e-01
1.626464550781250018e-01
1.629818085937499994e-01
1.633171621093749970e-01
1.636525156249999946e-01
1.639878691406249922e-01
1.643232226562499898e-01
1.646585761718749874e-01
1.649939296874999850e-01
1.653292832031249826e-01
1.656646367187499802e-01
1.659999902343750056e-01
1.663353437500000032e-01
1.666706972656250008e-01
1.670060507812499984e-01
1.673414042968749960e-01
1.676767578124999936e-01
1.680121113281249912e-01
1.683474648437499888e-01
1.686828183593749864e-01
1.690181718749999840e-01
1.693535253906249816e-01
1.696888789062499792e-01
1.700242324218750045e-01
1.703595859375000021e-01
1.706949394531249997e-01
1.710302929687499973e-01
1.713656464843749949e-01
1.717009999999999925e-01
1.720363535156249901e-01
1.723717070312499877e-01
1.727070605468749853e-01
1.730424140624999829e-01
1.733777675781249805e-01
1.737131210937500059e-01
1.740484746093750035e-01
1.743838281250000011e-01
1.747191816406249987e-01
1.750545351562499963e-01
1.753898886718749939e-01
1.757252421874999915e-01
1.760605957031249891e-01
1.763959492187499867e-01
1.767313027343749843e-01
1.770666562499999819e-01
1.774020097656249795e-01
1.777373632812500048e-01
1.780727167968750024e-01
1.784080703125000000e-01
1.787434238281249976e-01
1.790787773437499952e-01
1.794141308593749928e-01
1.797494843749999904e-01
1.800848378906249880e-01
1.804201914062499856e-01
1.807555449218749832e-01
1.810908984374999808e-01
1.814262519531249784e-01
1.817616054687500038e-01
1.820969589843750014e-01
1.824323124999999990e-01
1.827676660156249966e-01
1.831030195312499942e-01
1.834383730468749918e-01
1.837737265624999894e-01
1.841090800781249870e-01
1.844444335937499846e-01
1.847797871093749822e-01
1.851151406249999798e-01
1.854504941406250051e-01
1.857858476562500027e-01
1.861212011718750003e-01
1.864565546874999979e-01
1.867919082031249955e-01
1.871272617187499931e-01
1.874626152343749907e-01
1.877979687499999883e-01
1.881333222656249859e-01
1.884686757812499835e-01
1.888040292968749811e-01
1.891393828124999787e-01
1.894747363281250041e-01
1.898100898437500017e-01
1.901454433593749993e-01
1.904807968749999969e-01
1.908161503906249945e-01
1.911515039062499921e-01
1.914868574218749897e-01
1.918222109374999873e-01
1.921575644531249849e-01
1.924929179687499825e-01
1.928282714843749801e-01
1.931636250000000055e-01
1.934989785156250031e-01
1.938343320312500007e-01
1.941696855468749983e-01
1.945050390624999959e-01
1.948403925781249935e-01
1.951757460937499911e-01
1.955110996093749887e-01
1.958464531249999863e-01
1.961818066406249839e-01
1.965171601562499815e-01
1.968525136718749791e-01
1.971878671875000044e-01
1.975232207031250020e-01
1.978585742187499996e-01
1.981939277343749972e-01
1.985292812499999948e-01
1.988646347656249924e-01
1.991999882812499900e-01
1.995353417968749876e-01
1.998706953124999852e-01
2.002060488281249828e-01
2.005414023437499804e-01
2.008767558593749780e-01
2.012121093750000034e-01
2.015474628906250010e-01
2.018828164062499986e-01
2.022181699218749962e-01
2.025535234374999938e-01
2.028888769531249914e-01
2.032242304687499890e-01
2.035595839843749866e-01
2.038949374999999842e-01
2.042302910156249818e-01
2.045656445312499794e-01
2.049009980468750047e-01
2.052363515625000023e-01
2.055717050781249999e-01
2.059070585937499975e-01
2.062424121093749951e-01
2.065777656249999927e-01
2.069131191406249903e-01
2.072484726562499879e-01
2.075838261718749855e-01
2.079191796874999831e-01
2.082545332031249807e-01
2.085898867187499783e-01
2.089252402343750037e-01
2.092605937500000013e-01
2.095959472656249989e-01
2.099313007812499965e-01
2.102666542968749941e-01
2.106020078124999917e-01
2.109373613281249893e-01
2.112727148437499869e-01
2.116080683593749845e-01
2.119434218749999821e-01
2.122787753906249797e-01
2.126141289062499773e-01
2.129494824218750026e-01
2.132848359375000002e-01
2.136201894531249978e-01
2.139555429687499954e-01
2.142908964843749930e-01
2.146262499999999906e-01
2.149616035156249882e-01
2.152969570312499858e-01
2.156323105468749834e-01
2.159676640624999810e-01
2.163030175781249786e-01
2.166383710937500040e-01
2.169737246093750016e-01
2.173090781249999992e-01
2.176444316406249968e-01
2.179797851562499944e-01
2.183151386718749920e-01
2.186504921874999896e-01
2.189858457031249872e-01
2.193211992187499848e-01
2.196565527343749824e-01
2.199919062499999800e-01
2.203272597656249776e-01
2.206626132812500030e-01
2.209979667968750006e-01
2.213333203124999982e-01
2.216686738281249958e-01
2.220040273437499934e-01
2.223393808593749910e-01
2.226747343749999886e-01
2.230100878906249862e-01
2.233454414062499838e-01
2.236807949218749814e-01
2.240161484374999790e-01
2.243515019531249766e-01
2.246868554687500019e-01
2.250222089843749995e-01
2.253575624999999971e-01
2.256929160156249947e-01
2.260282695312499923e-01
2.263636230468749899e-01
2.266989765624999875e-01
2.270343300781249851e-01
2.273696835937499827e-01
2.277050371093749803e-01
2.280403906249999779e-01
2.283757441406250033e-01
2.287110976562500009e-01
2.290464511718749985e-01
2.293818046874999961e-01
2.297171582031249937e-01
2.300525117187499913e-01
2.303878652343749889e-01
2.307232187499999865e-01
2.310585722656249841e-01
2.313939257812499817e-01
2.317292792968749793e-01
2.320646328124999769e-01
2.323999863281250022e-01
2.327353398437499998e-01
2.330706933593749974e-01
2.334060468749999950e-01
2.337414003906249926e-01
2.340767539062499902e-01
2.344121074218749878e-01
2.347474609374999854e-01
2.350828144531249830e-01
2.354181679687499806e-01
2.357535214843749782e-01
2.360888749999999758e-01
2.364242285156250012e-01
2.367595820312499988e-01
2.370949355468749964e-01
2.374302890624999940e-01
2.377656425781249916e-01
2.381009960937499892e-01
2.384363496093749868e-01
2.387717031249999844e-01
2.391070566406249820e-01
2.394424101562499796e-01
2.397777636718749772e-01
2.401131171875000025e-01
2.404484707031250001e-01
2.407838242187499977e-01
2.411191777343749953e-01
2.414545312499999929e-01
2.417898847656249905e-01
2.421252382812499881e-01
2.424605917968749857e-01
2.427959453124999833e-01
2.431312988281249809e-01
2.434666523437499785e-01
2.438020058593749761e-01
2.441373593750000015e-01
2.444727128906249991e-01
2.448080664062499967e-01
2.451434199218749943e-01
2.454787734374999919e-01
2.458141269531249895e-01
2.461494804687499871e-01
2.464848339843749847e-01
2.468201874999999823e-01
2.471555410156249799e-01
2.474908945312499775e-01
2.478262480468750029e-01
2.481616015625000005e-01
2.484969550781249981e-01
2.488323085937499957e-01
2.491676621093749933e-01
2.495030156249999909e-01
2.498383691406249885e-01
2.501737226562499861e-01
2.505090761718750114e-01
2.508444296874999813e-01
2.511797832031250066e-01
2.515151367187499765e-01
2.518504902343750018e-01
2.521858437499999717e-01
2.525211972656249970e-01
2.528565507812499669e-01
2.531919042968749922e-01
2.535272578124999621e-01
2.538626113281249874e-01
2.541979648437500128e-01
2.545333183593749826e-01
2.548686718750000080e-01
2.552040253906249778e-01
2.555393789062500032e-01
2.558747324218749730e-01
2.562100859374999984e-01
2.565454394531249682e-01
2.568807929687499936e-01
2.572161464843749634e-01
2.575514999999999888e-01
2.578868535156250141e-01
2.582222070312499840e-01
2.585575605468750093e-01
2.588929140624999792e-01
2.592282675781250045e-01
2.595636210937499744e-01
2.598989746093749997e-01
2.602343281249999696e-01
2.605696816406249949e-01
2.609050351562499648e-01
2.612403886718749901e-01
2.615757421875000155e-01
2.619110957031249853e-01
2.622464492187500107e-01
2.625818027343749805e-01
2.629171562500000059e-01
2.632525097656249757e-01
2.635878632812500011e-01
2.639232167968749709e-01
2.642585703124999963e-01
2.645939238281249661e-01
2.649292773437499915e-01
2.652646308593749613e-01
2.655999843749999867e-01
2.659353378906250120e-01
2.662706914062499819e-01
2.666060449218750072e-01
2.669413984374999771e-01
2.672767519531250024e-01
2.676121054687499723e-01
2.679474589843749976e-01
2.682828124999999675e-01
2.686181660156249928e-01
2.689535195312499627e-01
2.692888730468749880e-01
2.696242265625000134e-01
2.699595800781249832e-01
2.702949335937500086e-01
2.706302871093749784e-01
2.709656406250000038e-01
2.713009941406249736e-01
2.716363476562499990e-01
2.719717011718749688e-01
2.723070546874999942e-01
2.726424082031249641e-01
2.729777617187499894e-01
2.733131152343750148e-01
2.736484687499999846e-01
2.739838222656250100e-01
2.743191757812499798e-01
2.746545292968750052e-01
2.749898828124999750e-01
2.753252363281250004e-01
2.756605898437499702e-01
2.759959433593749956e-01
2.763312968749999654e-01
2.766666503906249908e-01
2.770020039062499606e-01
2.773373574218749860e-01
2.776727109375000113e-01
2.780080644531249812e-01
2.783434179687500065e-01
2.786787714843749764e-01
2.790141250000000017e-01
2.793494785156249716e-01
2.796848320312499969e-01
2.800201855468749668e-01
2.803555390624999921e-01
2.806908925781249620e-01
2.810262460937499873e-01
2.813615996093750127e-01
2.816969531249999825e-01
2.820323066406250079e-01
2.823676601562499777e-01
2.827030136718750031e-01
2.830383671874999729e-01
2.833737207031249983e-01
2.837090742187499681e-01
2.840444277343749935e-01
2.843797812499999633e-01
2.847151347656249887e-01
2.850504882812500140e-01
2.853858417968749839e-01
2.857211953125000092e-01
2.860565488281249791e-01
2.863919023437500044e-01
2.867272558593749743e-01
2.870626093749999996e-01
2.873979628906249695e-01
2.877333164062499948e-01
2.880686699218749647e-01
2.884040234374999900e-01
2.887393769531249599e-01
2.890747304687499852e-01
2.894100839843750106e-01
2.897454374999999804e-01
2.900807910156250058e-01
2.904161445312499756e-01
2.907514980468750010e-01
2.910868515624999708e-01
2.914222050781249962e-01
2.917575585937499660e-01
2.920929121093749914e-01
2.924282656249999612e-01
2.927636191406249866e-01
2.930989726562500119e-01
2.934343261718749818e-01
2.937696796875000071e-01
2.941050332031249770e-01
2.944403867187500023e-01
2.947757402343749722e-01
2.951110937499999975e-01
2.954464472656249674e-01
2.957818007812499927e-01
2.961171542968749626e-01
2.964525078124999879e-01
2.967878613281250133e-01
2.971232148437499831e-01
2.974585683593750085e-01
2.977939218749999783e-01
2.981292753906250037e-01
2.984646289062499736e-01
2.987999824218749989e-01
2.991353359374999688e-01
2.994706894531249941e-01
2.998060429687499640e-01
3.001413964843749893e-01
3.004767499999999592e-01
3.008121035156249845e-01
3.011474570312500099e-01
3.014828105468749797e-01
3.018181640625000051e-01
3.021535175781249749e-01
3.024888710937500003e-01
3.028242246093749701e-01
3.031595781249999955e-01
3.034949316406249653e-01
3.038302851562499907e-01
3.041656386718749605e-01
3.045009921874999859e-01
3.048363457031250112e-01
3.051716992187499811e-01
3.055070527343750064e-01
3.058424062499999763e-01
3.061777597656250016e-01
3.065131132812499715e-01
3.068484667968749968e-01
3.071838203124999667e-01
3.075191738281249920e-01
3.078545273437499619e-01
3.081898808593749872e-01
3.085252343750000126e-01
3.088605878906249824e-01
3.091959414062500078e-01
3.095312949218749776e-01
3.098666484375000030e-01
3.102020019531249728e-01
3.105373554687499982e-01
3.108727089843749680e-01
3.112080624999999934e-01
3.115434160156249632e-01
3.118787695312499886e-01
3.122141230468750139e-01
3.125494765624999838e-01
3.128848300781250091e-01
3.132201835937499790e-01
3.135555371093750043e-01
3.138908906249999742e-01
3.142262441406249995e-01
3.145615976562499694e-01
3.148969511718749947e-01
3.152323046874999646e-01
3.155676582031249899e-01
3.159030117187499598e-01
3.162383652343749851e-01
3.165737187500000105e-01
3.169090722656249803e-01
3.172444257812500057e-01
3.175797792968749755e-01
3.179151328125000009e-01
3.182504863281249707e-01
3.185858398437499961e-01
3.189211933593749659e-01
3.192565468749999913e-01
3.195919003906249611e-01
3.199272539062499865e-01
3.202626074218750118e-01
3.205979609374999817e-01
3.209333144531250070e-01
3.212686679687499769e-01
3.216040214843750022e-01
3.219393749999999721e-01
3.222747285156249974e-01
3.226100820312499673e-01
3.229454355468749926e-01
3.232807890624999625e-01
3.236161425781249878e-01
3.239514960937500132e-01
3.242868496093749831e-01
3.246222031250000084e-01
3.249575566406249783e-01
3.252929101562500036e-01
3.256282636718749735e-01
3.259636171874999988e-01
3.262989707031249687e-01
3.266343242187499940e-01
3.269696777343749639e-01
3.273050312499999892e-01
3.276403847656249591e-01
3.279757382812499844e-01
3.283110917968750098e-01
3.286464453124999796e-01
3.289817988281250050e-01
3.293171523437499748e-01
3.296525058593750002e-01
3.299878593749999700e-01
3.303232128906249954e-01
3.306585664062499652e-01
3.309939199218749906e-01
3.313292734374999604e-01
3.316646269531249858e-01
3.319999804687500111e-01
3.323353339843749810e-01
3.326706875000000063e-01
3.330060410156249762e-01
3.333413945312500015e-01
3.336767480468749714e-01
3.340121015624999967e-01
3.343474550781249666e-01
3.346828085937499919e-01
3.350181621093749618e-01
3.353535156249999871e-01
3.356888691406250125e-01
3.360242226562499823e-01
3.363595761718750077e-01
3.366949296874999775e-01
3.370302832031250029e-01
3.373656367187499727e-01
3.377009902343749981e-01
3.380363437499999679e-01
3.383716972656249933e-01
3.387070507812499631e-01
3.390424042968749885e-01
3.393777578124999583e-01
3.397131113281249837e-01
3.400484648437500090e-01
3.403838183593749789e-01
3.407191718750000042e-01
3.410545253906249741e-01
3.413898789062499994e-01
3.417252324218749693e-01
3.420605859374999946e-01
3.423959394531249645e-01
3.427312929687499898e-01
3.430666464843749597e-01
