0.000000000000000000e+00
9.909033203125000577e-04
1.981806640625000115e-03
2.972709960937500173e-03
3.963613281250000231e-03
4.954516601562500289e-03
5.945419921875000346e-03
6.936323242187500404e-03
7.927226562500000462e-03
8.918129882812500520e-03
9.909033203125000577e-03
1.089993652343750064e-02
1.189083984375000069e-02
1.288174316406250075e-02
1.387264648437500081e-02
1.486354980468750087e-02
1.585445312500000092e-02
1.684535644531250098e-02
1.783625976562500104e-02
1.882716308593750110e-02
1.981806640625000115e-02
2.080896972656250121e-02
2.179987304687500127e-02
2.279077636718750133e-02
2.378167968750000139e-02
2.477258300781250144e-02
2.576348632812500150e-02
2.675438964843750156e-02
2.774529296875000162e-02
2.873619628906250167e-02
2.972709960937500173e-02
3.071800292968750179e-02
3.170890625000000185e-02
3.269980957031250191e-02
3.369071289062500196e-02
3.468161621093750202e-02
3.567251953125000208e-02
3.666342285156250214e-02
3.765432617187500219e-02
3.864522949218750225e-02
3.963613281250000231e-02
4.062703613281250237e-02
4.161793945312500242e-02
4.260884277343750248e-02
4.359974609375000254e-02
4.459064941406250260e-02
4.558155273437500266e-02
4.657245605468750271e-02
4.756335937500000277e-02
4.855426269531250283e-02
4.954516601562500289e-02
5.053606933593750294e-02
5.152697265625000300e-02
5.251787597656250306e-02
5.350877929687500312e-02
5.449968261718750318e-02
5.549058593750000323e-02
5.648148925781250329e-02
5.747239257812500335e-02
5.846329589843750341e-02
5.945419921875000346e-02
6.044510253906250352e-02
6.143600585937500358e-02
6.242690917968750364e-02
6.341781250000000369e-02
6.440871582031250375e-02
6.539961914062500381e-02
6.639052246093750387e-02
6.738142578125000393e-02
6.837232910156250398e-02
6.936323242187500404e-02
7.035413574218750410e-02
7.134503906250000416e-02
7.233594238281250421e-02
7.332684570312500427e-02
7.431774902343750433e-02
7.530865234375000439e-02
7.629955566406250445e-02
7.729045898437500450e-02
7.828136230468750456e-02
7.927226562500000462e-02
8.026316894531250468e-02
8.125407226562500473e-02
8.224497558593750479e-02
8.323587890625000485e-02
8.422678222656250491e-02
8.521768554687500496e-02
8.620858886718750502e-02
8.719949218750000508e-02
8.819039550781250514e-02
8.918129882812500520e-02
9.017220214843750525e-02
9.116310546875000531e-02
9.215400878906250537e-02
9.314491210937500543e-02
9.413581542968750548e-02
9.512671875000000554e-02
9.611762207031250560e-02
9.710852539062500566e-02
9.809942871093750572e-02
9.909033203125000577e-02
1.000812353515625058e-01
1.010721386718750059e-01
1.020630419921875059e-01
1.030539453125000060e-01
1.040448486328125061e-01
1.050357519531250061e-01
1.060266552734375062e-01
1.070175585937500062e-01
1.080084619140625063e-01
1.089993652343750064e-01
1.099902685546875064e-01
1.109811718750000065e-01
1.119720751953125065e-01
1.129629785156250066e-01
1.139538818359375066e-01
1.149447851562500067e-01
1.159356884765625068e-01
1.169265917968750068e-01
1.179174951171875069e-01
1.189083984375000069e-01
1.198993017578125070e-01
1.208902050781250070e-01
1.218811083984375071e-01
1.228720117187500072e-01
1.238629150390625072e-01
1.248538183593750073e-01
1.258447216796875212e-01
1.268356250000000074e-01
1.278265283203124936e-01
1.288174316406250075e-01
1.298083349609375214e-01
1.307992382812500076e-01
1.317901416015624938e-01
1.327810449218750077e-01
1.337719482421875217e-01
1.347628515625000079e-01
1.357537548828124940e-01
1.367446582031250080e-01
1.377355615234375219e-01
1.387264648437500081e-01
1.397173681640624943e-01
1.407082714843750082e-01
1.416991748046875221e-01
1.426900781250000083e-01
1.436809814453124945e-01
1.446718847656250084e-01
1.456627880859375224e-01
1.466536914062500085e-01
1.476445947265624947e-01
1.486354980468750087e-01
1.496264013671875226e-01
1.506173046875000088e-01
1.516082080078124950e-01
1.525991113281250089e-01
1.535900146484375228e-01
1.545809179687500090e-01
1.555718212890624952e-01
1.565627246093750091e-01
1.575536279296875231e-01
1.585445312500000092e-01
1.595354345703124954e-01
1.605263378906250094e-01
1.615172412109375233e-01
1.625081445312500095e-01
1.634990478515624956e-01
1.644899511718750096e-01
1.654808544921875235e-01
1.664717578125000097e-01
1.674626611328124959e-01
1.684535644531250098e-01
1.694444677734375237e-01
1.704353710937500099e-01
1.714262744140624961e-01
1.724171777343750100e-01
1.734080810546875240e-01
1.743989843750000102e-01
1.753898876953124963e-01
1.763807910156250103e-01
1.773716943359375242e-01
1.783625976562500104e-01
1.793535009765624966e-01
1.803444042968750105e-01
1.813353076171875244e-01
1.823262109375000106e-01
1.833171142578124968e-01
1.843080175781250107e-01
1.852989208984375247e-01
1.862898242187500109e-01
1.872807275390624970e-01
1.882716308593750110e-01
1.892625341796875249e-01
1.902534375000000111e-01
1.912443408203124973e-01
1.922352441406250112e-01
1.932261474609375251e-01
1.942170507812500113e-01
1.952079541015624975e-01
1.961988574218750114e-01
1.971897607421875254e-01
1.981806640625000115e-01
1.991715673828124977e-01
2.001624707031250117e-01
2.011533740234375256e-01
2.021442773437500118e-01
2.031351806640624980e-01
2.041260839843750119e-01
2.051169873046875258e-01
2.061078906250000120e-01
2.070987939453124982e-01
2.080896972656250121e-01
2.090806005859375261e-01
2.100715039062500122e-01
2.110624072265624984e-01
2.120533105468750124e-01
2.130442138671875263e-01
2.140351171875000125e-01
2.150260205078124986e-01
2.160169238281250126e-01
2.170078271484375265e-01
2.179987304687500127e-01
2.189896337890624989e-01
2.199805371093750128e-01
2.209714404296875268e-01
2.219623437500000129e-01
2.229532470703124991e-01
2.239441503906250130e-01
2.249350537109375270e-01
2.259259570312500132e-01
2.269168603515624993e-01
2.279077636718750133e-01
2.288986669921875272e-01
2.298895703125000134e-01
2.308804736328124996e-01
2.318713769531250135e-01
2.328622802734375274e-01
2.338531835937500136e-01
2.348440869140624998e-01
2.358349902343750137e-01
2.368258935546875277e-01
2.378167968750000139e-01
2.388077001953125000e-01
2.397986035156250140e-01
2.407895068359375279e-01
2.417804101562500141e-01
2.427713134765625003e-01
2.437622167968750142e-01
2.447531201171875281e-01
2.457440234375000143e-01
2.467349267578125005e-01
2.477258300781250144e-01
2.487167333984375284e-01
2.497076367187500145e-01
2.506985400390625007e-01
2.516894433593750424e-01
2.526803466796875286e-01
2.536712500000000148e-01
2.546621533203125010e-01
2.556530566406249871e-01
2.566439599609375288e-01
2.576348632812500150e-01
2.586257666015625012e-01
2.596166699218750429e-01
2.606075732421875291e-01
2.615984765625000152e-01
2.625893798828125014e-01
2.635802832031249876e-01
2.645711865234375293e-01
2.655620898437500155e-01
2.665529931640625017e-01
2.675438964843750433e-01
2.685347998046875295e-01
2.695257031250000157e-01
2.705166064453125019e-01
2.715075097656249881e-01
2.724984130859375298e-01
2.734893164062500159e-01
2.744802197265625021e-01
2.754711230468750438e-01
2.764620263671875300e-01
2.774529296875000162e-01
2.784438330078125023e-01
2.794347363281249885e-01
2.804256396484375302e-01
2.814165429687500164e-01
2.824074462890625026e-01
2.833983496093750443e-01
2.843892529296875304e-01
2.853801562500000166e-01
2.863710595703125028e-01
2.873619628906249890e-01
2.883528662109375307e-01
2.893437695312500169e-01
2.903346728515625030e-01
2.913255761718750447e-01
2.923164794921875309e-01
2.933073828125000171e-01
2.942982861328125033e-01
2.952891894531249894e-01
2.962800927734375311e-01
2.972709960937500173e-01
2.982618994140625035e-01
2.992528027343750452e-01
3.002437060546875314e-01
3.012346093750000176e-01
3.022255126953125037e-01
3.032164160156249899e-01
3.042073193359375316e-01
3.051982226562500178e-01
3.061891259765625040e-01
3.071800292968750457e-01
3.081709326171875318e-01
3.091618359375000180e-01
3.101527392578125042e-01
3.111436425781249904e-01
3.121345458984375321e-01
3.131254492187500182e-01
3.141163525390625044e-01
3.151072558593750461e-01
3.160981591796875323e-01
3.170890625000000185e-01
3.180799658203125047e-01
3.190708691406249908e-01
3.200617724609375325e-01
3.210526757812500187e-01
3.220435791015625049e-01
3.230344824218750466e-01
3.240253857421875328e-01
3.250162890625000189e-01
3.260071923828125051e-01
3.269980957031249913e-01
3.279889990234375330e-01
3.289799023437500192e-01
3.299708056640625053e-01
3.309617089843750470e-01
3.319526123046875332e-01
3.329435156250000194e-01
3.339344189453125056e-01
3.349253222656249918e-01
3.359162255859375334e-01
3.369071289062500196e-01
3.378980322265625058e-01
3.388889355468750475e-01
3.398798388671875337e-01
3.408707421875000199e-01
3.418616455078125060e-01
3.428525488281249922e-01
3.438434521484375339e-01
3.448343554687500201e-01
3.458252587890625063e-01
3.468161621093750480e-01
3.478070654296875341e-01
3.487979687500000203e-01
3.497888720703125065e-01
3.507797753906249927e-01
3.517706787109375344e-01
3.527615820312500206e-01
3.537524853515625067e-01
3.547433886718750484e-01
3.557342919921875346e-01
3.567251953125000208e-01
3.577160986328125070e-01
3.587070019531249931e-01
3.596979052734375348e-01
3.606888085937500210e-01
3.616797119140625072e-01
3.626706152343750489e-01
3.636615185546875351e-01
3.646524218750000212e-01
3.656433251953125074e-01
3.666342285156249936e-01
3.676251318359375353e-01
3.686160351562500215e-01
3.696069384765625077e-01
3.705978417968750493e-01
3.715887451171875355e-01
3.725796484375000217e-01
3.735705517578125079e-01
3.745614550781249941e-01
3.755523583984375358e-01
3.765432617187500219e-01
3.775341650390625081e-01
3.785250683593750498e-01
3.795159716796875360e-01
3.805068750000000222e-01
3.814977783203125083e-01
3.824886816406249945e-01
3.834795849609375362e-01
3.844704882812500224e-01
3.854613916015625086e-01
3.864522949218750503e-01
3.874431982421875365e-01
3.884341015625000226e-01
3.894250048828125088e-01
3.904159082031249950e-01
3.914068115234375367e-01
3.923977148437500229e-01
3.933886181640625090e-01
3.943795214843750507e-01
3.953704248046875369e-01
3.963613281250000231e-01
3.973522314453125093e-01
3.983431347656249955e-01
3.993340380859375371e-01
4.003249414062500233e-01
4.013158447265625095e-01
4.023067480468750512e-01
4.032976513671875374e-01
4.042885546875000236e-01
4.052794580078125097e-01
4.062703613281249959e-01
4.072612646484375376e-01
4.082521679687500238e-01
4.092430712890625100e-01
4.102339746093750517e-01
4.112248779296875378e-01
4.122157812500000240e-01
4.132066845703125102e-01
4.141975878906249964e-01
4.151884912109375381e-01
4.161793945312500242e-01
4.171702978515625104e-01
4.181612011718750521e-01
4.191521044921875383e-01
4.201430078125000245e-01
4.211339111328125107e-01
4.221248144531249968e-01
4.231157177734375385e-01
4.241066210937500247e-01
4.250975244140625109e-01
4.260884277343750526e-01
4.270793310546875388e-01
4.280702343750000249e-01
4.290611376953125111e-01
4.300520410156249973e-01
4.310429443359375390e-01
4.320338476562500252e-01
4.330247509765625114e-01
4.340156542968750530e-01
4.350065576171875392e-01
4.359974609375000254e-01
4.369883642578125116e-01
4.379792675781249978e-01
4.389701708984375395e-01
4.399610742187500256e-01
4.409519775390625118e-01
4.419428808593750535e-01
4.429337841796875397e-01
4.439246875000000259e-01
4.449155908203125120e-01
4.459064941406249982e-01
4.468973974609375399e-01
4.478883007812500261e-01
4.488792041015625123e-01
4.498701074218750540e-01
4.508610107421875401e-01
4.518519140625000263e-01
4.528428173828125125e-01
4.538337207031249987e-01
4.548246240234375404e-01
4.558155273437500266e-01
4.568064306640625127e-01
4.577973339843750544e-01
4.587882373046875406e-01
4.597791406250000268e-01
4.607700439453125130e-01
4.617609472656249991e-01
4.627518505859375408e-01
4.637427539062500270e-01
4.647336572265625132e-01
4.657245605468750549e-01
4.667154638671875411e-01
4.677063671875000272e-01
4.686972705078125134e-01
4.696881738281249996e-01
4.706790771484375413e-01
4.716699804687500275e-01
4.726608837890625137e-01
4.736517871093750554e-01
4.746426904296875415e-01
4.756335937500000277e-01
4.766244970703125139e-01
4.776154003906250001e-01
4.786063037109375418e-01
4.795972070312500279e-01
4.805881103515625141e-01
4.815790136718750558e-01
4.825699169921875420e-01
4.835608203125000282e-01
4.845517236328125144e-01
4.855426269531250005e-01
4.865335302734375422e-01
4.875244335937500284e-01
4.885153369140625146e-01
4.895062402343750563e-01
4.904971435546875425e-01
4.914880468750000286e-01
4.924789501953125148e-01
4.934698535156250010e-01
4.944607568359375427e-01
4.954516601562500289e-01
4.964425634765625150e-01
4.974334667968750567e-01
4.984243701171875429e-01
4.994152734375000291e-01
5.004061767578125153e-01
5.013970800781250015e-01
5.023879833984374876e-01
5.033788867187500848e-01
5.043697900390625710e-01
5.053606933593750572e-01
5.063515966796875434e-01
5.073425000000000296e-01
5.083334033203125157e-01
5.093243066406250019e-01
5.103152099609374881e-01
5.113061132812499743e-01
5.122970166015625715e-01
5.132879199218750577e-01
5.142788232421875438e-01
5.152697265625000300e-01
5.162606298828125162e-01
5.172515332031250024e-01
5.182424365234374886e-01
5.192333398437500858e-01
5.202242431640625719e-01
5.212151464843750581e-01
5.222060498046875443e-01
5.231969531250000305e-01
5.241878564453125167e-01
5.251787597656250028e-01
5.261696630859374890e-01
5.271605664062499752e-01
5.281514697265625724e-01
5.291423730468750586e-01
5.301332763671875448e-01
5.311241796875000309e-01
5.321150830078125171e-01
5.331059863281250033e-01
5.340968896484374895e-01
5.350877929687500867e-01
5.360786962890625729e-01
5.370695996093750590e-01
5.380605029296875452e-01
5.390514062500000314e-01
5.400423095703125176e-01
5.410332128906250038e-01
5.420241162109374899e-01
5.430150195312499761e-01
5.440059228515625733e-01
5.449968261718750595e-01
5.459877294921875457e-01
5.469786328125000319e-01
5.479695361328125180e-01
5.489604394531250042e-01
5.499513427734374904e-01
5.509422460937500876e-01
5.519331494140625738e-01
5.529240527343750600e-01
5.539149560546875461e-01
5.549058593750000323e-01
5.558967626953125185e-01
5.568876660156250047e-01
5.578785693359374909e-01
5.588694726562499770e-01
5.598603759765625743e-01
5.608512792968750604e-01
5.618421826171875466e-01
5.628330859375000328e-01
5.638239892578125190e-01
5.648148925781250052e-01
5.658057958984374913e-01
5.667966992187500885e-01
5.677876025390625747e-01
5.687785058593750609e-01
5.697694091796875471e-01
5.707603125000000333e-01
5.717512158203125194e-01
5.727421191406250056e-01
5.737330224609374918e-01
5.747239257812499780e-01
5.757148291015625752e-01
5.767057324218750614e-01
5.776966357421875475e-01
5.786875390625000337e-01
5.796784423828125199e-01
5.806693457031250061e-01
5.816602490234374923e-01
5.826511523437500895e-01
5.836420556640625756e-01
5.846329589843750618e-01
5.856238623046875480e-01
5.866147656250000342e-01
5.876056689453125204e-01
5.885965722656250065e-01
5.895874755859374927e-01
5.905783789062499789e-01
5.915692822265625761e-01
5.925601855468750623e-01
5.935510888671875485e-01
5.945419921875000346e-01
5.955328955078125208e-01
5.965237988281250070e-01
5.975147021484374932e-01
5.985056054687500904e-01
5.994965087890625766e-01
6.004874121093750627e-01
6.014783154296875489e-01
6.024692187500000351e-01
6.034601220703125213e-01
6.044510253906250075e-01
6.054419287109374936e-01
6.064328320312499798e-01
6.074237353515625770e-01
6.084146386718750632e-01
6.094055419921875494e-01
6.103964453125000356e-01
6.113873486328125217e-01
6.123782519531250079e-01
6.133691552734374941e-01
6.143600585937500913e-01
6.153509619140625775e-01
6.163418652343750637e-01
6.173327685546875498e-01
6.183236718750000360e-01
6.193145751953125222e-01
6.203054785156250084e-01
6.212963818359374946e-01
6.222872851562499807e-01
6.232781884765625779e-01
6.242690917968750641e-01
6.252599951171875503e-01
6.262508984375000365e-01
6.272418017578125227e-01
6.282327050781250088e-01
6.292236083984374950e-01
6.302145117187500922e-01
6.312054150390625784e-01
6.321963183593750646e-01
6.331872216796875508e-01
6.341781250000000369e-01
6.351690283203125231e-01
6.361599316406250093e-01
6.371508349609374955e-01
6.381417382812499817e-01
6.391326416015625789e-01
6.401235449218750651e-01
6.411144482421875512e-01
6.421053515625000374e-01
6.430962548828125236e-01
6.440871582031250098e-01
6.450780615234374959e-01
6.460689648437500932e-01
6.470598681640625793e-01
6.480507714843750655e-01
6.490416748046875517e-01
6.500325781250000379e-01
6.510234814453125241e-01
6.520143847656250102e-01
6.530052880859374964e-01
6.539961914062499826e-01
6.549870947265625798e-01
6.559779980468750660e-01
6.569689013671875522e-01
6.579598046875000383e-01
6.589507080078125245e-01
6.599416113281250107e-01
6.609325146484374969e-01
6.619234179687500941e-01
6.629143212890625803e-01
6.639052246093750664e-01
6.648961279296875526e-01
6.658870312500000388e-01
6.668779345703125250e-01
6.678688378906250112e-01
6.688597412109374973e-01
6.698506445312499835e-01
6.708415478515625807e-01
6.718324511718750669e-01
6.728233544921875531e-01
6.738142578125000393e-01
6.748051611328125254e-01
6.757960644531250116e-01
6.767869677734374978e-01
6.777778710937500950e-01
6.787687744140625812e-01
6.797596777343750674e-01
6.807505810546875535e-01
6.817414843750000397e-01
6.827323876953125259e-01
6.837232910156250121e-01
6.847141943359374983e-01
6.857050976562499844e-01
6.866960009765625816e-01
6.876869042968750678e-01
6.886778076171875540e-01
6.896687109375000402e-01
6.906596142578125264e-01
6.916505175781250125e-01
6.926414208984374987e-01
6.936323242187500959e-01
6.946232275390625821e-01
6.956141308593750683e-01
6.966050341796875545e-01
6.975959375000000406e-01
6.985868408203125268e-01
6.995777441406250130e-01
7.005686474609374992e-01
7.015595507812499854e-01
7.025504541015625826e-01
7.035413574218750687e-01
7.045322607421875549e-01
7.055231640625000411e-01
7.065140673828125273e-01
7.075049707031250135e-01
7.084958740234374996e-01
7.094867773437500968e-01
7.104776806640625830e-01
7.114685839843750692e-01
7.124594873046875554e-01
7.134503906250000416e-01
7.144412939453125277e-01
7.154321972656250139e-01
7.164231005859375001e-01
7.174140039062499863e-01
7.184049072265625835e-01
7.193958105468750697e-01
7.203867138671875558e-01
7.213776171875000420e-01
7.223685205078125282e-01
7.233594238281250144e-01
7.243503271484375006e-01
7.253412304687500978e-01
7.263321337890625840e-01
7.273230371093750701e-01
7.283139404296875563e-01
7.293048437500000425e-01
7.302957470703125287e-01
7.312866503906250149e-01
7.322775537109375010e-01
7.332684570312499872e-01
7.342593603515625844e-01
7.352502636718750706e-01
7.362411669921875568e-01
7.372320703125000430e-01
7.382229736328125291e-01
7.392138769531250153e-01
7.402047802734375015e-01
7.411956835937500987e-01
7.421865869140625849e-01
7.431774902343750711e-01
7.441683935546875572e-01
7.451592968750000434e-01
7.461502001953125296e-01
7.471411035156250158e-01
7.481320068359375020e-01
7.491229101562499881e-01
7.501138134765625853e-01
7.511047167968750715e-01
7.520956201171875577e-01
7.530865234375000439e-01
7.540774267578125301e-01
7.550683300781250162e-01
7.560592333984375024e-01
7.570501367187500996e-01
7.580410400390625858e-01
7.590319433593750720e-01
7.600228466796875582e-01
7.610137500000000443e-01
7.620046533203125305e-01
7.629955566406250167e-01
7.639864599609375029e-01
7.649773632812499891e-01
7.659682666015625863e-01
7.669591699218750724e-01
7.679500732421875586e-01
7.689409765625000448e-01
7.699318798828125310e-01
7.709227832031250172e-01
7.719136865234375033e-01
7.729045898437501005e-01
7.738954931640625867e-01
7.748863964843750729e-01
7.758772998046875591e-01
7.768682031250000453e-01
7.778591064453125314e-01
7.788500097656250176e-01
7.798409130859375038e-01
7.808318164062499900e-01
7.818227197265625872e-01
7.828136230468750734e-01
7.838045263671875595e-01
7.847954296875000457e-01
7.857863330078125319e-01
7.867772363281250181e-01
7.877681396484375043e-01
7.887590429687501015e-01
7.897499462890625876e-01
7.907408496093750738e-01
7.917317529296875600e-01
7.927226562500000462e-01
7.937135595703125324e-01
7.947044628906250185e-01
7.956953662109375047e-01
7.966862695312499909e-01
7.976771728515625881e-01
7.986680761718750743e-01
7.996589794921875605e-01
8.006498828125000466e-01
8.016407861328125328e-01
8.026316894531250190e-01
8.036225927734375052e-01
8.046134960937501024e-01
8.056043994140625886e-01
8.065953027343750747e-01
8.075862060546875609e-01
8.085771093750000471e-01
8.095680126953125333e-01
8.105589160156250195e-01
8.115498193359375056e-01
8.125407226562499918e-01
8.135316259765625890e-01
8.145225292968750752e-01
8.155134326171875614e-01
8.165043359375000476e-01
8.174952392578125338e-01
8.184861425781250199e-01
8.194770458984375061e-01
8.204679492187501033e-01
8.214588525390625895e-01
8.224497558593750757e-01
8.234406591796875619e-01
8.244315625000000480e-01
8.254224658203125342e-01
8.264133691406250204e-01
8.274042724609375066e-01
8.283951757812499928e-01
8.293860791015625900e-01
8.303769824218750761e-01
8.313678857421875623e-01
8.323587890625000485e-01
8.333496923828125347e-01
8.343405957031250209e-01
8.353314990234375070e-01
8.363224023437501042e-01
8.373133056640625904e-01
8.383042089843750766e-01
8.392951123046875628e-01
8.402860156250000490e-01
8.412769189453125351e-01
8.422678222656250213e-01
8.432587255859375075e-01
8.442496289062499937e-01
8.452405322265625909e-01
8.462314355468750771e-01
8.472223388671875632e-01
8.482132421875000494e-01
8.492041455078125356e-01
8.501950488281250218e-01
8.511859521484375080e-01
8.521768554687501052e-01
8.531677587890625913e-01
8.541586621093750775e-01
8.551495654296875637e-01
8.561404687500000499e-01
8.571313720703125361e-01
8.581222753906250222e-01
8.591131787109375084e-01
8.601040820312499946e-01
8.610949853515625918e-01
8.620858886718750780e-01
8.630767919921875642e-01
8.640676953125000503e-01
8.650585986328125365e-01
8.660495019531250227e-01
8.670404052734375089e-01
8.680313085937501061e-01
8.690222119140625923e-01
8.700131152343750784e-01
8.710040185546875646e-01
8.719949218750000508e-01
8.729858251953125370e-01
8.739767285156250232e-01
8.749676318359375093e-01
8.759585351562499955e-01
8.769494384765625927e-01
8.779403417968750789e-01
8.789312451171875651e-01
8.799221484375000513e-01
8.809130517578125374e-01
8.819039550781250236e-01
8.828948583984375098e-01
8.838857617187501070e-01
8.848766650390625932e-01
8.858675683593750794e-01
8.868584716796875655e-01
8.878493750000000517e-01
8.888402783203125379e-01
8.898311816406250241e-01
8.908220849609375103e-01
8.918129882812499964e-01
8.928038916015625936e-01
8.937947949218750798e-01
8.947856982421875660e-01
8.957766015625000522e-01
8.967675048828125384e-01
8.977584082031250245e-01
8.987493115234375107e-01
8.997402148437501079e-01
9.007311181640625941e-01
9.017220214843750803e-01
9.027129248046875665e-01
9.037038281250000527e-01
9.046947314453125388e-01
9.056856347656250250e-01
9.066765380859375112e-01
9.076674414062499974e-01
9.086583447265625946e-01
9.096492480468750808e-01
9.106401513671875669e-01
9.116310546875000531e-01
9.126219580078125393e-01
9.136128613281250255e-01
9.146037646484375117e-01
9.155946679687501089e-01
9.165855712890625950e-01
9.175764746093750812e-01
9.185673779296875674e-01
9.195582812500000536e-01
9.205491845703125398e-01
9.215400878906250259e-01
9.225309912109375121e-01
9.235218945312499983e-01
9.245127978515625955e-01
9.255037011718750817e-01
9.264946044921875679e-01
9.274855078125000540e-01
9.284764111328125402e-01
9.294673144531250264e-01
9.304582177734375126e-01
9.314491210937501098e-01
9.324400244140625960e-01
9.334309277343750821e-01
9.344218310546875683e-01
9.354127343750000545e-01
9.364036376953125407e-01
9.373945410156250269e-01
9.383854443359375130e-01
9.393763476562499992e-01
9.403672509765625964e-01
9.413581542968750826e-01
9.423490576171875688e-01
9.433399609375000550e-01
9.443308642578125411e-01
9.453217675781250273e-01
9.463126708984375135e-01
9.473035742187501107e-01
9.482944775390625969e-01
9.492853808593750831e-01
9.502762841796875692e-01
9.512671875000000554e-01
9.522580908203125416e-01
9.532489941406250278e-01
9.542398974609375140e-01
9.552308007812500001e-01
9.562217041015625973e-01
9.572126074218750835e-01
9.582035107421875697e-01
9.591944140625000559e-01
9.601853173828125421e-01
9.611762207031250282e-01
9.621671240234375144e-01
9.631580273437501116e-01
9.641489306640625978e-01
9.651398339843750840e-01
9.661307373046875702e-01
9.671216406250000563e-01
9.681125439453125425e-01
9.691034472656250287e-01
9.700943505859375149e-01
9.710852539062500011e-01
9.720761572265625983e-01
9.730670605468750844e-01
9.740579638671875706e-01
9.750488671875000568e-01
9.760397705078125430e-01
9.770306738281250292e-01
9.780215771484375153e-01
9.790124804687501125e-01
9.800033837890625987e-01
9.809942871093750849e-01
9.819851904296875711e-01
9.829760937500000573e-01
9.839669970703125434e-01
9.849579003906250296e-01
9.859488037109375158e-01
9.869397070312500020e-01
9.879306103515625992e-01
9.889215136718750854e-01
9.899124169921875716e-01
9.909033203125000577e-01
9.918942236328125439e-01
9.928851269531250301e-01
9.938760302734375163e-01
9.948669335937501135e-01
9.958578369140625997e-01
9.968487402343750858e-01
9.978396435546875720e-01
9.988305468750000582e-01
9.998214501953125444e-01
1.000812353515625031e+00
1.001803256835937628e+00
1.002794160156250003e+00
1.003785063476562600e+00
1.004775966796874975e+00
1.005766870117187572e+00
1.006757773437500170e+00
1.007748676757812545e+00
1.008739580078125142e+00
1.009730483398437517e+00
1.010721386718750114e+00
1.011712290039062490e+00
1.012703193359375087e+00
1.013694096679687462e+00
