# 20181107_175504_B0329+54.Tp B0329+54 611 1024 3 1.79174
0 0.000778451 0 0 0 0
1 -0.000640617 0 0 0 0
2 5.86649e-05 0 0 0 0
3 0.00138189 0 0 0 0
4 0.000555291 0 0 0 0
5 0.000262513 0 0 0 0
6 -0.000128255 0 0 0 0
7 0.000852837 0 0 0 0
8 -0.000925527 0 0 0 0
9 -0.000252233 0 0 0 0
10 -0.000267253 0 0 0 0
11 -0.00048183 0 0 0 0
12 -0.00144242 0 0 0 0
13 -0.000293241 0 0 0 0
14 0.000516667 0 0 0 0
15 -0.00177907 0 0 0 0
16 -8.67704e-05 0 0 0 0
17 -0.000740514 0 0 0 0
18 -0.000731693 0 0 0 0
19 5.31813e-05 0 0 0 0
20 0.000256552 0 0 0 0
21 0.00056149 0 0 0 0
22 0.000593199 0 0 0 0
23 -0.000216947 0 0 0 0
24 -0.00106023 0 0 0 0
25 0.000903143 0 0 0 0
26 -0.000731454 0 0 0 0
27 0.000747933 0 0 0 0
28 -0.000427947 0 0 0 0
29 -3.59873e-05 0 0 0 0
30 0.0013044 0 0 0 0
31 -6.84122e-05 0 0 0 0
32 0.000359311 0 0 0 0
33 0.000360264 0 0 0 0
34 -0.000388847 0 0 0 0
35 0.000515475 0 0 0 0
36 0.000112548 0 0 0 0
37 -0.00121711 0 0 0 0
38 0.000417962 0 0 0 0
39 0.000220313 0 0 0 0
40 -4.71929e-05 0 0 0 0
41 -0.000123964 0 0 0 0
42 -0.000329719 0 0 0 0
43 -1.28607e-05 0 0 0 0
44 0.000349774 0 0 0 0
45 0.000832572 0 0 0 0
46 -0.000967727 0 0 0 0
47 -0.000314937 0 0 0 0
48 -0.000612245 0 0 0 0
49 -0.000693784 0 0 0 0
50 -0.00111388 0 0 0 0
51 0.000400319 0 0 0 0
52 0.00101472 0 0 0 0
53 0.000738396 0 0 0 0
54 -8.12868e-05 0 0 0 0
55 -4.91003e-05 0 0 0 0
56 -0.000260339 0 0 0 0
57 -0.00162076 0 0 0 0
58 0.0008464 0 0 0 0
59 0.00051023 0 0 0 0
60 0.000437989 0 0 0 0
61 0.000122084 0 0 0 0
62 -0.00091003 0 0 0 0
63 -0.000224815 0 0 0 0
64 0.000295653 0 0 0 0
65 -0.000391946 0 0 0 0
66 0.000428214 0 0 0 0
67 -0.000775085 0 0 0 0
68 0.00095798 0 0 0 0
69 -0.000383602 0 0 0 0
70 -0.000339017 0 0 0 0
71 -0.00179409 0 0 0 0
72 -0.000753627 0 0 0 0
73 9.68119e-05 0 0 0 0
74 0.000994696 0 0 0 0
75 0.000626578 0 0 0 0
76 0.000564828 0 0 0 0
77 0.000295891 0 0 0 0
78 0.000507845 0 0 0 0
79 -0.000238166 0 0 0 0
80 0.000238433 0 0 0 0
81 0.0009761 0 0 0 0
82 6.21282e-06 0 0 0 0
83 -0.000210987 0 0 0 0
84 0.000325932 0 0 0 0
85 -0.000427947 0 0 0 0
86 -0.00158809 0 0 0 0
87 -0.00105117 0 0 0 0
88 0.000621571 0 0 0 0
89 -0.000202403 0 0 0 0
90 0.00136472 0 0 0 0
91 0.00106002 0 0 0 0
92 -0.000755535 0 0 0 0
93 -0.00101923 0 0 0 0
94 0.000381245 0 0 0 0
95 0.000839963 0 0 0 0
96 6.93937e-05 0 0 0 0
97 0.00062634 0 0 0 0
98 0.000414862 0 0 0 0
99 0.0013199 0 0 0 0
100 1.44445e-06 0 0 0 0
101 0.000733389 0 0 0 0
102 0.000123753 0 0 0 0
103 -0.000628457 0 0 0 0
104 -5.50608e-05 0 0 0 0
105 -6.29286e-05 0 0 0 0
106 -0.00115679 0 0 0 0
107 -0.000232683 0 0 0 0
108 1.3127e-05 0 0 0 0
109 -0.000473247 0 0 0 0
110 0.000452532 0 0 0 0
111 -0.000100837 0 0 0 0
112 0.000734343 0 0 0 0
113 5.65191e-05 0 0 0 0
114 -0.000100599 0 0 0 0
115 0.000195517 0 0 0 0
116 0.00110365 0 0 0 0
117 -0.000581489 0 0 0 0
118 0.000705971 0 0 0 0
119 0.000552191 0 0 0 0
120 0.00184132 0 0 0 0
121 -0.000259862 0 0 0 0
122 0.00058104 0 0 0 0
123 0.00192477 0 0 0 0
124 -0.00101231 0 0 0 0
125 -0.000725732 0 0 0 0
126 -0.000567899 0 0 0 0
127 0.000330462 0 0 0 0
128 0.000263943 0 0 0 0
129 -0.000393854 0 0 0 0
130 0.000726475 0 0 0 0
131 0.000308528 0 0 0 0
132 0.000301375 0 0 0 0
133 0.00101401 0 0 0 0
134 0.00069262 0 0 0 0
135 -0.000280128 0 0 0 0
136 -5.95907e-05 0 0 0 0
137 -0.000283227 0 0 0 0
138 3.9353e-05 0 0 0 0
139 -0.00114201 0 0 0 0
140 0.000896468 0 0 0 0
141 0.000692858 0 0 0 0
142 2.02795e-05 0 0 0 0
143 0.00063683 0 0 0 0
144 -0.000318752 0 0 0 0
145 0.000218167 0 0 0 0
146 0.00177647 0 0 0 0
147 0.00074984 0 0 0 0
148 0.000941767 0 0 0 0
149 0.000454917 0 0 0 0
150 0.000427022 0 0 0 0
151 0.00145842 0 0 0 0
152 -0.00015615 0 0 0 0
153 0.000604405 0 0 0 0
154 -6.90021e-06 0 0 0 0
155 -0.000893579 0 0 0 0
156 -0.000680433 0 0 0 0
157 0.00020863 0 0 0 0
158 0.000746502 0 0 0 0
159 -0.000199304 0 0 0 0
160 0.000772729 0 0 0 0
161 0.000412478 0 0 0 0
162 -0.000170455 0 0 0 0
163 0.00017406 0 0 0 0
164 -0.000618205 0 0 0 0
165 0.000365033 0 0 0 0
166 2.29021e-05 0 0 0 0
167 -0.000740276 0 0 0 0
168 -0.00183915 0 0 0 0
169 -1.02381e-05 0 0 0 0
170 0.000354542 0 0 0 0
171 0.0011449 0 0 0 0
172 0.000937953 0 0 0 0
173 -0.000841365 0 0 0 0
174 -0.001101 0 0 0 0
175 -0.000725732 0 0 0 0
176 -0.00122045 0 0 0 0
177 -0.000489936 0 0 0 0
178 -0.000375972 0 0 0 0
179 -0.00105451 0 0 0 0
180 -9.76123e-06 0 0 0 0
181 -0.000293479 0 0 0 0
182 6.00954e-05 0 0 0 0
183 0.000792517 0 0 0 0
184 -0.000311122 0 0 0 0
185 0.000163808 0 0 0 0
186 9.96729e-05 0 0 0 0
187 0.000695481 0 0 0 0
188 0.000118031 0 0 0 0
189 0.00169326 0 0 0 0
190 0.000112071 0 0 0 0
191 -0.000314699 0 0 0 0
192 0.00101115 0 0 0 0
193 -0.000545011 0 0 0 0
194 0.00100948 0 0 0 0
195 -0.000310884 0 0 0 0
196 -0.000453458 0 0 0 0
197 0.000893368 0 0 0 0
198 -0.000211463 0 0 0 0
199 6.60559e-05 0 0 0 0
200 0.000317111 0 0 0 0
201 -0.00076221 0 0 0 0
202 3.33925e-05 0 0 0 0
203 -0.000226484 0 0 0 0
204 0.00054337 0 0 0 0
205 0.000465884 0 0 0 0
206 -0.000303731 0 0 0 0
207 0.000958933 0 0 0 0
208 0.00102998 0 0 0 0
209 -0.000772939 0 0 0 0
210 -0.00108956 0 0 0 0
211 -0.000297771 0 0 0 0
212 -0.00026177 0 0 0 0
213 -0.000845895 0 0 0 0
214 0.00029756 0 0 0 0
215 0.000118508 0 0 0 0
216 -0.000752674 0 0 0 0
217 -0.000107036 0 0 0 0
218 -0.00030993 0 0 0 0
219 -0.000117288 0 0 0 0
220 -0.000861631 0 0 0 0
221 -0.000216947 0 0 0 0
222 0.000565066 0 0 0 0
223 0.00011827 0 0 0 0
224 -0.000604616 0 0 0 0
225 0.000207438 0 0 0 0
226 0.00130655 0 0 0 0
227 -0.00111102 0 0 0 0
228 -0.000151859 0 0 0 0
229 -0.00107549 0 0 0 0
230 -0.000908122 0 0 0 0
231 -0.000724302 0 0 0 0
232 -0.000298486 0 0 0 0
233 8.56062e-05 0 0 0 0
234 -0.000255809 0 0 0 0
235 0.000431075 0 0 0 0
236 0.000310435 0 0 0 0
237 -1.73906e-05 0 0 0 0
238 -0.00120948 0 0 0 0
239 0.000442042 0 0 0 0
240 -0.000334726 0 0 0 0
241 -0.0013244 0 0 0 0
242 0.00127913 0 0 0 0
243 0.000613942 0 0 0 0
244 -0.000498996 0 0 0 0
245 0.000295415 0 0 0 0
246 0.000533833 0 0 0 0
247 -0.000476823 0 0 0 0
248 -0.000888572 0 0 0 0
249 -0.000315891 0 0 0 0
250 -0.000605569 0 0 0 0
251 1.8849e-05 0 0 0 0
252 -0.000699029 0 0 0 0
253 -0.000664936 0 0 0 0
254 0.000833048 0 0 0 0
255 0.000782265 0 0 0 0
256 0.000314011 0 0 0 0
257 0.000584378 0 0 0 0
258 0.000706925 0 0 0 0
259 -0.000630126 0 0 0 0
260 0.000520482 0 0 0 0
261 -0.000726924 0 0 0 0
262 6.96322e-05 0 0 0 0
263 -0.000119195 0 0 0 0
264 0.000987782 0 0 0 0
265 -0.000412212 0 0 0 0
266 0.000854745 0 0 0 0
267 -8.89162e-05 0 0 0 0
268 -0.00017284 0 0 0 0
269 0.000466361 0 0 0 0
270 8.79904e-05 0 0 0 0
271 0.000612034 0 0 0 0
272 0.00200249 0 0 0 0
273 -0.000208602 0 0 0 0
274 -0.000622259 0 0 0 0
275 0.000258221 0 0 0 0
276 -0.000977264 0 0 0 0
277 0.00134636 0 0 0 0
278 -0.000171409 0 0 0 0
279 0.000765814 0 0 0 0
280 -0.000457988 0 0 0 0
281 0.000636353 0 0 0 0
282 0.00103737 0 0 0 0
283 -0.000339733 0 0 0 0
284 0.000133528 0 0 0 0
285 0.000867142 0 0 0 0
286 0.00036098 0 0 0 0
287 0.00116517 0 0 0 0
288 0.000292315 0 0 0 0
289 0.000419631 0 0 0 0
290 -2.23974e-05 0 0 0 0
291 0.000726237 0 0 0 0
292 0.000584855 0 0 0 0
293 0.00133349 0 0 0 0
294 -0.000533567 0 0 0 0
295 0.00121809 0 0 0 0
296 0.000244155 0 0 0 0
297 0.000664486 0 0 0 0
298 0.000159993 0 0 0 0
299 -0.00049995 0 0 0 0
300 -5.64913e-05 0 0 0 0
301 -0.000168786 0 0 0 0
302 -0.00140189 0 0 0 0
303 -3.59873e-05 0 0 0 0
304 0.000211014 0 0 0 0
305 -0.000109897 0 0 0 0
306 0.00035335 0 0 0 0
307 0.000491395 0 0 0 0
308 -5.17229e-05 0 0 0 0
309 0.00028254 0 0 0 0
310 -0.000209079 0 0 0 0
311 -0.000200019 0 0 0 0
312 -0.00103496 0 0 0 0
313 -0.00110839 0 0 0 0
314 0.000579371 0 0 0 0
315 0.000385775 0 0 0 0
316 0.000161662 0 0 0 0
317 0.00109221 0 0 0 0
318 0.000201954 0 0 0 0
319 -0.000173555 0 0 0 0
320 0.000434174 0 0 0 0
321 -0.000303016 0 0 0 0
322 0.000168337 0 0 0 0
323 0.00138499 0 0 0 0
324 -0.000337825 0 0 0 0
325 -0.000521646 0 0 0 0
326 0.000659718 0 0 0 0
327 -0.000452266 0 0 0 0
328 -0.000119911 0 0 0 0
329 0.00122119 0 0 0 0
330 0.000610842 0 0 0 0
331 -8.0923e-06 0 0 0 0
332 0.00031568 0 0 0 0
333 -8.39094e-05 0 0 0 0
334 0.000276818 0 0 0 0
335 0.000952973 0 0 0 0
336 -0.000588642 0 0 0 0
337 0.00132204 0 0 0 0
338 -0.00114249 0 0 0 0
339 -0.00126098 0 0 0 0
340 -0.000601039 0 0 0 0
341 -0.000368581 0 0 0 0
342 0.000775351 0 0 0 0
343 -0.000788675 0 0 0 0
344 -0.00153779 0 0 0 0
345 0.000365748 0 0 0 0
346 7.94073e-05 0 0 0 0
347 0.00060822 0 0 0 0
348 0.000916733 0 0 0 0
349 7.91689e-05 0 0 0 0
350 0.00153042 0 0 0 0
351 -0.000729785 0 0 0 0
352 -0.000545011 0 0 0 0
353 0.00128986 0 0 0 0
354 0.00048758 0 0 0 0
355 -0.00125717 0 0 0 0
356 -0.000900493 0 0 0 0
357 0.00106694 0 0 0 0
358 0.000462069 0 0 0 0
359 3.76841e-05 0 0 0 0
360 -0.000667797 0 0 0 0
361 3.60151e-05 0 0 0 0
362 0.000482335 0 0 0 0
363 -0.000146375 0 0 0 0
364 0.000593438 0 0 0 0
365 -0.0010569 0 0 0 0
366 -0.000417934 0 0 0 0
367 -0.000232444 0 0 0 0
368 -0.00103878 0 0 0 0
369 0.000191941 0 0 0 0
370 0.00132371 0 0 0 0
371 0.00077702 0 0 0 0
372 0.000966324 0 0 0 0
373 0.000894799 0 0 0 0
374 0.000214591 0 0 0 0
375 -0.000716911 0 0 0 0
376 0.000613703 0 0 0 0
377 0.000886693 0 0 0 0
378 0.000119223 0 0 0 0
379 -0.000510202 0 0 0 0
380 -0.00102256 0 0 0 0
381 0.000593915 0 0 0 0
382 -0.00088738 0 0 0 0
383 -0.000372396 0 0 0 0
384 0.000432028 0 0 0 0
385 -0.000534997 0 0 0 0
386 0.0012169 0 0 0 0
387 0.000113501 0 0 0 0
388 1.1458e-05 0 0 0 0
389 0.000299468 0 0 0 0
390 -0.00103663 0 0 0 0
391 0.000186457 0 0 0 0
392 -0.000418411 0 0 0 0
393 0.000120654 0 0 0 0
394 0.0015135 0 0 0 0
395 2.67168e-05 0 0 0 0
396 0.000213875 0 0 0 0
397 0.000618472 0 0 0 0
398 -0.000216709 0 0 0 0
399 0.000637545 0 0 0 0
400 -0.000174508 0 0 0 0
401 3.6492e-05 0 0 0 0
402 3.35179e-06 0 0 0 0
403 5.81881e-05 0 0 0 0
404 6.70096e-05 0 0 0 0
405 -0.000400291 0 0 0 0
406 -0.000369773 0 0 0 0
407 -0.000384317 0 0 0 0
408 -0.00040792 0 0 0 0
409 -0.000994668 0 0 0 0
410 0.000444426 0 0 0 0
411 0.00142528 0 0 0 0
412 0.000277772 0 0 0 0
413 0.00015737 0 0 0 0
414 0.000655903 0 0 0 0
415 9.65735e-05 0 0 0 0
416 -0.00013803 0 0 0 0
417 0.000291838 0 0 0 0
418 0.00116397 0 0 0 0
419 0.000318303 0 0 0 0
420 -0.00033854 0 0 0 0
421 -0.000731693 0 0 0 0
422 0.000994696 0 0 0 0
423 0.0013342 0 0 0 0
424 -0.000235305 0 0 0 0
425 0.00114156 0 0 0 0
426 0.000185742 0 0 0 0
427 -0.00011848 0 0 0 0
428 0.000941529 0 0 0 0
429 0.000871911 0 0 0 0
430 0.000346198 0 0 0 0
431 0.000247254 0 0 0 0
432 -0.000376926 0 0 0 0
433 -0.000258432 0 0 0 0
434 0.000123753 0 0 0 0
435 -0.000703321 0 0 0 0
436 -0.00027536 0 0 0 0
437 0.000480427 0 0 0 0
438 -0.00018476 0 0 0 0
439 -0.00040792 0 0 0 0
440 0.000798478 0 0 0 0
441 2.52863e-05 0 0 0 0
442 -8.48631e-05 0 0 0 0
443 -0.000642763 0 0 0 0
444 9.44277e-05 0 0 0 0
445 2.26637e-05 0 0 0 0
446 0.000629916 0 0 0 0
447 -0.000617967 0 0 0 0
448 -0.000747905 0 0 0 0
449 0.000718369 0 0 0 0
450 -0.000497089 0 0 0 0
451 0.000884785 0 0 0 0
452 -0.000147567 0 0 0 0
453 0.00128485 0 0 0 0
454 -0.000920997 0 0 0 0
455 5.4135e-05 0 0 0 0
456 0.000164761 0 0 0 0
457 0.000813975 0 0 0 0
458 0.000922455 0 0 0 0
459 0.00112463 0 0 0 0
460 1.76569e-05 0 0 0 0
461 -0.00064157 0 0 0 0
462 -0.000598178 0 0 0 0
463 0.000550284 0 0 0 0
464 0.000477566 0 0 0 0
465 0.000884785 0 0 0 0
466 0.000237479 0 0 0 0
467 -0.000435577 0 0 0 0
468 -0.00105356 0 0 0 0
469 0.00107194 0 0 0 0
470 0.000817551 0 0 0 0
471 -0.000247226 0 0 0 0
472 0.00130249 0 0 0 0
473 0.000225081 0 0 0 0
474 0.00052072 0 0 0 0
475 0.000419154 0 0 0 0
476 0.00085093 0 0 0 0
477 -0.00131105 0 0 0 0
478 -0.000722394 0 0 0 0
479 0.000951066 0 0 0 0
480 -0.000118957 0 0 0 0
481 -0.000675188 0 0 0 0
482 0.000623002 0 0 0 0
483 0.00100876 0 0 0 0
484 0.00210883 0 0 0 0
485 0.00034882 0 0 0 0
486 -0.000918613 0 0 0 0
487 -0.000164972 0 0 0 0
488 0.000436797 0 0 0 0
489 1.71801e-05 0 0 0 0
490 0.000663056 0 0 0 0
491 -0.000421987 0 0 0 0
492 -0.000870214 0 0 0 0
493 -0.000357376 0 0 0 0
494 -0.000657306 0 0 0 0
495 -0.000313983 8.40779e-45 0 8.40779e-45 0
496 0.00138189 1.28919e-43 0 1.28919e-43 0
497 -0.00109981 1.84131e-42 0 1.84131e-42 0
498 0.000512375 2.5442e-41 0 2.5442e-41 0
499 0.000944151 3.38646e-40 0 3.38646e-40 0
500 -0.000296579 4.34297e-39 0 4.34297e-39 0
501 0.000404372 5.36582e-38 0 5.36582e-38 0
502 -0.000183092 6.38635e-37 0 6.38635e-37 0
503 -0.000188337 7.32144e-36 0 7.32144e-36 0
504 0.000546946 8.08402e-35 0 8.08402e-35 0
505 -0.0011401 8.5962e-34 0 8.5962e-34 0
506 -0.000324712 8.80227e-33 0 8.80227e-33 0
507 0.000371947 8.67869e-32 0 8.67869e-32 0
508 0.000428452 8.23849e-31 0 8.23849e-31 0
509 0.000447049 7.52901e-30 0 7.52901e-30 0
510 0.00164343 6.62352e-29 0 6.62352e-29 0
511 0.000172867 5.60874e-28 0 5.60874e-28 0
512 0.00115801 4.57122e-27 0 4.57122e-27 0
513 -0.000330434 3.58554e-26 0 3.58554e-26 0
514 -0.000432477 2.70645e-25 0 2.70645e-25 0
515 0.000535264 1.96578e-24 0 1.96578e-24 0
516 0.000208153 1.37381e-23 0 1.37381e-23 0
517 0.000167622 9.23724e-23 0 9.23724e-23 0
518 0.000118508 5.9752e-22 0 5.9752e-22 0
519 0.000466361 3.71815e-21 0 3.71815e-21 0
520 -0.000307069 2.22553e-20 0 2.22553e-20 0
521 0.000380768 1.28128e-19 0 1.28128e-19 0
522 0.000333562 7.09468e-19 0 7.09468e-19 0
523 7.32084e-05 3.77805e-18 0 3.77805e-18 0
524 -0.000885234 1.93474e-17 0 1.93474e-17 0
525 0.000359549 9.52735e-17 0 9.52735e-17 0
526 -0.000262246 4.51116e-16 0 4.51116e-16 0
527 0.000787987 2.05375e-15 0 2.05375e-15 0
528 -0.000295387 8.98924e-15 0 8.98924e-15 0
529 -0.000402675 3.78261e-14 0 3.78261e-14 0
530 0.000188365 1.53014e-13 0 1.53014e-13 0
531 -0.000655399 5.94999e-13 0 5.94999e-13 0
532 0.000731005 2.22396e-12 0 2.22396e-12 0
533 0.000764622 7.98988e-12 0 7.98988e-12 0
534 7.13011e-05 2.7589e-11 0 2.7589e-11 0
535 0.000366225 9.15574e-11 0 9.15574e-11 0
536 0.00109292 2.92007e-10 0 2.92007e-10 0
537 -1.41658e-06 8.94986e-10 0 8.94986e-10 0
538 0.00149228 2.63599e-09 0 2.63599e-09 0
539 0.000121607 7.46036e-09 0 7.46036e-09 0
540 -0.000960336 2.02883e-08 2.8026e-45 2.02883e-08 0
541 -0.000757442 5.30134e-08 5.74532e-44 5.30134e-08 0
542 0.000154032 1.33096e-07 1.45735e-42 1.33096e-07 0
543 0.000244155 3.21044e-07 3.52777e-41 3.21044e-07 0
544 0.000461354 7.44004e-07 8.09131e-40 7.44004e-07 0
545 -0.00087236 1.65646e-06 1.75853e-38 1.65646e-06 0
546 0.000762953 3.54297e-06 3.62107e-37 3.54297e-06 0
547 -0.000316368 7.27989e-06 7.0637e-36 7.27989e-06 0
548 -0.000724779 1.43694e-05 1.30523e-34 1.43694e-05 0
549 0.00126935 2.72459e-05 2.28429e-33 2.72459e-05 0
550 -0.00101136 4.96247e-05 3.786e-32 4.96247e-05 0
551 -6.8889e-05 8.68205e-05 5.94194e-31 8.68205e-05 0
552 0.000253691 0.000145903 8.82978e-30 0.000145903 0
553 -0.000536428 0.000235512 1.24223e-28 0.000235512 0
554 -0.000410781 0.000365144 1.65439e-27 0.000365144 0
555 0.00164105 0.000543763 2.08554e-26 0.000543763 0
556 0.000612034 0.000777753 2.48829e-25 0.000777753 0
557 0.000900044 0.00106845 2.80961e-24 0.00106845 0
558 0.0013857 0.00140976 3.00201e-23 0.00140976 0
559 0.00177051 0.00178651 3.03503e-22 0.00178651 0
560 0.00101449 0.00217438 2.90308e-21 0.00217438 0
561 0.00178362 0.00254173 2.62702e-20 0.00254173 0
562 0.00353958 0.00285355 2.24874e-19 0.00285355 0
563 0.00366498 0.00307681 1.82077e-18 0.00307681 0
564 0.00477244 0.00318622 1.39435e-17 0.00318622 9.80909e-45
565 0.00319077 0.00316891 1.00986e-16 0.00316891 2.0459e-43
566 0.0039971 0.00302692 6.9165e-16 0.00302692 3.91383e-42
567 0.00182344 0.00277685 4.47939e-15 0.00277685 7.14536e-41
568 0.000920786 0.00244661 2.743e-14 0.00244661 1.24609e-39
569 0.000408663 0.00207032 1.58811e-13 0.00207032 2.07522e-38
570 0.00115086 0.00168259 8.69263e-13 0.00168259 3.30012e-37
571 0.00218655 0.00131337 4.49792e-12 0.00131337 5.0107e-36
572 0.00187875 0.000984619 2.20006e-11 0.000984619 7.26315e-35
573 0.00151826 0.000708969 1.01717e-10 0.000708969 1.005e-33
574 0.00106384 0.000490308 4.44495e-10 0.000490308 1.32733e-32
575 0.000600352 0.000325688 1.8358e-09 0.000325686 1.67309e-31
576 0.00079061 0.000207798 7.16555e-09 0.000207791 2.01256e-30
577 0.00148965 0.000127364 2.64311e-08 0.000127337 2.31008e-29
578 0.00246645 7.50464e-05 9.21301e-08 7.49543e-05 2.52994e-28
579 0.00284125 4.2683e-05 3.03451e-07 4.23796e-05 2.6434e-27
580 0.00168277 2.39612e-05 9.444e-07 2.30168e-05 2.63478e-26
581 0.00284411 1.47852e-05 2.77706e-06 1.20081e-05 2.50507e-25
582 0.00340558 1.37334e-05 7.71544e-06 6.01799e-06 2.27169e-24
583 0.00290491 2.3149e-05 2.02518e-05 2.89728e-06 1.96471e-23
584 0.00454999 5.15601e-05 5.02201e-05 1.33999e-06 1.62044e-22
585 0.00385357 0.000118245 0.000117649 5.95386e-07 1.27443e-21
586 0.00622822 0.000260621 0.000260366 2.54153e-07 9.55682e-21
587 0.00882222 0.00054442 0.000544316 1.04233e-07 6.83274e-20
588 0.00897862 0.00107496 0.00107492 4.10713e-08 4.65723e-19
589 0.01091 0.00200516 0.00200515 1.55495e-08 3.02607e-18
590 0.00993992 0.00353309 0.00353309 5.65657e-09 1.87422e-17
591 0.00815703 0.00588018 0.00588018 1.97726e-09 1.10642e-16
592 0.0110257 0.00924371 0.00924371 6.64153e-10 6.22514e-16
593 0.0131135 0.013725 0.013725 2.14379e-10 3.33795e-15
594 0.0169721 0.0192481 0.0192481 6.65002e-11 1.70563e-14
595 0.0227595 0.0254953 0.0254953 1.9825e-11 8.30498e-14
596 0.0276117 0.0318955 0.0318955 5.68027e-12 3.85313e-13
597 0.0355578 0.0376868 0.0376868 1.56428e-12 1.70327e-12
598 0.0416267 0.0420571 0.0420571 4.14063e-13 7.17345e-12
599 0.0473013 0.0443278 0.0443278 1.05354e-13 2.87819e-11
600 0.0471294 0.0441265 0.0441265 2.57684e-14 1.10012e-10
601 0.0447288 0.0414867 0.0414867 6.05898e-15 4.00554e-10
602 0.0382095 0.0368388 0.0368388 1.36966e-15 1.3892e-09
603 0.029609 0.0308953 0.0308953 2.97679e-16 4.58917e-09
604 0.0215373 0.0244721 0.0244721 6.22061e-17 1.44393e-08
605 0.0158367 0.0183083 0.0183082 1.24995e-17 4.32694e-08
606 0.0112322 0.0129368 0.0129367 2.4152e-18 1.23487e-07
607 0.00800802 0.00863419 0.00863386 4.48788e-19 3.35625e-07
608 0.00469972 0.0054434 0.00544253 8.02019e-20 8.68677e-07
609 0.0038128 0.00324268 0.00324054 1.37851e-20 2.14102e-06
610 0.00445081 0.0018275 0.00182248 2.27903e-21 5.02486e-06
611 0.00296833 0.000979388 0.000968158 3.62435e-22 1.12294e-05
612 0.00195433 0.000509719 0.000485825 5.54475e-23 2.38949e-05
613 0.00291587 0.000278701 0.000230289 8.16086e-24 4.84125e-05
614 0.00214387 0.000196509 0.000103119 1.15564e-24 9.33901e-05
615 0.00282265 0.000215144 4.36204e-05 1.57462e-25 0.000171524
616 0.0030451 0.000317362 1.74317e-05 2.06456e-26 0.00029993
617 0.00413085 0.000505899 6.58121e-06 2.60502e-27 0.000499318
618 0.0018449 0.000793732 2.34748e-06 3.16344e-28 0.000791385
619 0.00170685 0.0011949 7.91125e-07 3.69749e-29 0.00119411
620 0.00128437 0.00171555 2.51915e-07 4.15997e-30 0.0017153
621 0.00295855 0.00234576 7.57959e-08 4.5055e-31 0.00234568
622 0.00149323 0.00305372 2.15497e-08 4.69789e-32 0.0030537
623 0.00300909 0.0037845 5.78978e-09 4.71636e-33 0.00378449
624 0.00274302 0.00446487 1.47003e-09 4.55924e-34 0.00446487
625 0.00448228 0.0050145 3.52745e-10 4.24421e-35 0.0050145
626 0.00631858 0.00536121 7.99993e-11 3.80505e-36 0.00536121
627 0.00523735 0.00545648 1.71485e-11 3.28565e-37 0.00545648
628 0.0067556 0.0052866 3.47463e-12 2.73288e-38 0.0052866
629 0.00540139 0.00487591 6.65513e-13 2.18977e-39 0.00487591
630 0.00572468 0.00428105 1.20503e-13 1.69043e-40 0.00428105
631 0.00334765 0.0035782 2.06283e-14 1.25739e-41 0.0035782
632 0.00232984 0.00284708 3.3387e-15 9.01035e-43 0.00284708
633 0.00037457 0.00215655 5.10943e-16 6.16571e-44 0.00215655
634 0.00113346 0.00155506 7.39399e-17 4.2039e-45 0.00155506
635 0.000187173 0.00106751 1.01188e-17 0 0.00106751
636 -0.000449643 0.000697651 1.30964e-18 0 0.000697651
637 0.00123311 0.000434062 1.60319e-19 0 0.000434062
638 0.00126459 0.000257111 1.85636e-20 0 0.000257111
639 0.000322117 0.000144995 2.03337e-21 0 0.000144995
640 0.00144531 7.78506e-05 2.1071e-22 0 7.78506e-05
641 -0.000241742 3.97972e-05 2.06589e-23 0 3.97972e-05
642 -0.000155912 1.93704e-05 1.91653e-24 0 1.93704e-05
643 -7.3419e-05 8.97701e-06 1.6825e-25 0 8.97701e-06
644 -0.000520215 3.96135e-06 1.39785e-26 0 3.96135e-06
645 0.000587954 1.66452e-06 1.0992e-27 0 1.66452e-06
646 0.000247969 6.66008e-07 8.1817e-29 0 6.66008e-07
647 0.00148083 2.53765e-07 5.76504e-30 0 2.53765e-07
648 -0.000329004 9.20794e-08 3.8459e-31 0 9.20794e-08
649 1.09812e-05 3.1819e-08 2.42926e-32 0 3.1819e-08
650 0.000255122 1.04718e-08 1.45303e-33 0 1.04718e-08
651 -0.000130401 3.28238e-09 8.23092e-35 0 3.28238e-09
652 -0.00029634 9.79948e-10 4.41612e-36 0 9.79948e-10
653 -0.000173793 2.78667e-10 2.24439e-37 0 2.78667e-10
654 -0.000363813 7.54844e-11 1.08062e-38 0 7.54844e-11
655 0.000508799 1.94778e-11 4.9296e-40 0 1.94778e-11
656 0.000388159 4.78799e-12 2.13095e-41 0 4.78799e-12
657 0.000304951 1.1213e-12 8.73009e-43 0 1.1213e-12
658 0.00032927 2.50191e-13 3.36312e-44 0 2.50191e-13
659 -0.00051807 5.31892e-14 1.4013e-45 0 5.31892e-14
660 2.43326e-05 1.07747e-14 0 0 1.07747e-14
661 0.000551715 2.0799e-15 0 0 2.0799e-15
662 0.000122323 3.82613e-16 0 0 3.82613e-16
663 0.000494256 6.70792e-17 0 0 6.70792e-17
664 -0.000651107 1.12087e-17 0 0 1.12087e-17
665 0.000113024 1.7852e-18 0 0 1.7852e-18
666 0.000288024 2.71031e-19 0 0 2.71031e-19
667 -0.000484929 3.92263e-20 0 0 3.92263e-20
668 -0.00114511 5.41248e-21 0 0 5.41248e-21
669 -0.000838981 7.12045e-22 0 0 7.12045e-22
670 0.000480189 8.9319e-23 0 0 8.9319e-23
671 0.000844969 1.06841e-23 0 0 1.06841e-23
672 1.38422e-05 1.21879e-24 0 0 1.21879e-24
673 -0.000873552 1.32602e-25 0 0 1.32602e-25
674 0.000108733 1.37605e-26 0 0 1.37605e-26
675 0.000766053 1.36214e-27 0 0 1.36214e-27
676 -0.000113712 1.28633e-28 0 0 1.28633e-28
677 0.000705256 1.15894e-29 0 0 1.15894e-29
678 0.000493779 9.9629e-31 0 0 9.9629e-31
679 -0.00123499 8.17281e-32 0 0 8.17281e-32
680 -0.000303493 6.39818e-33 0 0 6.39818e-33
681 7.98842e-05 4.7806e-34 0 0 4.7806e-34
682 0.000539555 3.40951e-35 0 0 3.40951e-35
683 -0.000391946 2.32129e-36 0 0 2.32129e-36
684 -0.00115965 1.50882e-37 0 0 1.50882e-37
685 0.000308766 9.36397e-39 0 0 9.36397e-39
686 -5.88755e-05 5.54938e-40 0 0 5.54938e-40
687 -0.000486837 3.14073e-41 0 0 3.14073e-41
688 -0.000622497 1.69837e-42 0 0 1.69837e-42
689 0.000226512 8.82818e-44 0 0 8.82818e-44
690 -0.000277982 4.2039e-45 0 0 4.2039e-45
691 0.000747695 0 0 0 0
692 3.76841e-05 0 0 0 0
693 0.00125219 0 0 0 0
694 -0.000377164 0 0 0 0
695 -0.00147055 0 0 0 0
696 0.000192656 0 0 0 0
697 -8.56914e-06 0 0 0 0
698 0.000516667 0 0 0 0
699 0.000117554 0 0 0 0
700 1.5988e-05 0 0 0 0
701 0.000134005 0 0 0 0
702 -0.000456558 0 0 0 0
703 0.000139012 0 0 0 0
704 -0.00100158 0 0 0 0
705 -0.000477538 0 0 0 0
706 0.000519766 0 0 0 0
707 0.000975384 0 0 0 0
708 -0.000741229 0 0 0 0
709 -0.000266538 0 0 0 0
710 -0.000241742 0 0 0 0
711 -0.000126825 0 0 0 0
712 0.000788941 0 0 0 0
713 0.000303282 0 0 0 0
714 0.00231863 0 0 0 0
715 0.000969662 0 0 0 0
716 0.000302806 0 0 0 0
717 -0.0010619 0 0 0 0
718 0.000108494 0 0 0 0
719 0.000390305 0 0 0 0
720 -0.0007336 0 0 0 0
721 0.000360264 0 0 0 0
722 0.000325694 0 0 0 0
723 0.000285163 0 0 0 0
724 0.00102378 0 0 0 0
725 0.000119462 0 0 0 0
726 0.000617995 0 0 0 0
727 0.000188841 0 0 0 0
728 -0.000736938 0 0 0 0
729 9.77656e-05 0 0 0 0
730 -0.000140653 0 0 0 0
731 0.00013329 0 0 0 0
732 0.000909104 0 0 0 0
733 0.000141635 0 0 0 0
734 0.00025536 0 0 0 0
735 -0.000928626 0 0 0 0
736 0.000895514 0 0 0 0
737 0.000644221 0 0 0 0
738 -0.000711427 0 0 0 0
739 0.000648512 0 0 0 0
740 0.000273003 0 0 0 0
741 -0.000266061 0 0 0 0
742 -0.00106166 0 0 0 0
743 0.000997557 0 0 0 0
744 -0.00167225 0 0 0 0
745 0.00201704 0 0 0 0
746 0.000890507 0 0 0 0
747 0.000293746 0 0 0 0
748 9.10898e-05 0 0 0 0
749 0.000369563 0 0 0 0
750 0.00105192 0 0 0 0
751 0.000364318 0 0 0 0
752 0.000860705 0 0 0 0
753 -0.000533328 0 0 0 0
754 0.000148787 0 0 0 0
755 0.000338568 0 0 0 0
756 0.000208392 0 0 0 0
757 -0.000367866 0 0 0 0
758 0.000279202 0 0 0 0
759 0.000370755 0 0 0 0
760 -0.000240789 0 0 0 0
761 0.000923647 0 0 0 0
762 0.00102617 0 0 0 0
763 0.00107886 0 0 0 0
764 -0.000404344 0 0 0 0
765 4.3883e-05 0 0 0 0
766 0.00103928 0 0 0 0
767 0.00161888 0 0 0 0
768 -0.000277982 0 0 0 0
769 0.000380768 0 0 0 0
770 0.00119258 0 0 0 0
771 0.000221505 0 0 0 0
772 0.00184943 0 0 0 0
773 0.000452532 0 0 0 0
774 0.000402465 0 0 0 0
775 0.000416054 0 0 0 0
776 0.000916972 0 0 0 0
777 0.000788226 0 0 0 0
778 0.0007589 0 0 0 0
779 -0.0013604 0 0 0 0
780 0.000884785 0 0 0 0
781 -4.79082e-05 0 0 0 0
782 0.000794663 0 0 0 0
783 -0.00129317 0 0 0 0
784 -0.000480399 0 0 0 0
785 -0.000188575 0 0 0 0
786 0.000987067 0 0 0 0
787 0.000381007 0 0 0 0
788 0.000725522 0 0 0 0
789 -0.000577436 0 0 0 0
790 0.000494256 0 0 0 0
791 -0.00144981 0 0 0 0
792 0.000851168 0 0 0 0
793 0.00103427 0 0 0 0
794 -0.000607477 0 0 0 0
795 -0.000417695 0 0 0 0
796 -0.000394569 0 0 0 0
797 -0.000672565 0 0 0 0
798 -0.000571714 0 0 0 0
799 -0.000567899 0 0 0 0
800 0.0016029 0 0 0 0
801 0.000210776 0 0 0 0
802 5.79496e-05 0 0 0 0
803 -0.000665651 0 0 0 0
804 -0.000510917 0 0 0 0
805 -0.00120734 0 0 0 0
806 -0.00175713 0 0 0 0
807 -4.21862e-05 0 0 0 0
808 0.000851645 0 0 0 0
809 -0.000183092 0 0 0 0
810 2.36174e-05 0 0 0 0
811 0.00045587 0 0 0 0
812 -0.00080894 0 0 0 0
813 0.00089456 0 0 0 0
814 0.00150277 0 0 0 0
815 -0.000266538 0 0 0 0
816 -3.2411e-05 0 0 0 0
817 -0.000310169 0 0 0 0
818 -0.000515685 0 0 0 0
819 -0.000376687 0 0 0 0
820 -0.00093721 0 0 0 0
821 0.0010791 0 0 0 0
822 0.00025536 0 0 0 0
823 -0.000145898 0 0 0 0
824 0.000905051 0 0 0 0
825 0.00137664 0 0 0 0
826 -0.00139617 0 0 0 0
827 0.00125457 0 0 0 0
828 0.00165106 0 0 0 0
829 -0.000375972 0 0 0 0
830 -9.70224e-05 0 0 0 0
831 0.000937953 0 0 0 0
832 0.000139966 0 0 0 0
833 0.00127007 0 0 0 0
834 0.000837817 0 0 0 0
835 0.00111772 0 0 0 0
836 8.79904e-05 0 0 0 0
837 0.000245585 0 0 0 0
838 -0.000258193 0 0 0 0
839 0.00059606 0 0 0 0
840 -0.000402437 0 0 0 0
841 0.000766053 0 0 0 0
842 -0.000397668 0 0 0 0
843 -2.57353e-05 0 0 0 0
844 7.53542e-05 0 0 0 0
845 -0.000484214 0 0 0 0
846 -0.000222907 0 0 0 0
847 -1.4768e-05 0 0 0 0
848 0.000645175 0 0 0 0
849 0.0010357 0 0 0 0
850 0.000290169 0 0 0 0
851 0.000215067 0 0 0 0
852 0.000692858 0 0 0 0
853 -0.000668035 0 0 0 0
854 0.00147845 0 0 0 0
855 6.43869e-05 0 0 0 0
856 -6.12596e-05 0 0 0 0
857 -0.000179992 0 0 0 0
858 -0.00021504 0 0 0 0
859 -0.00122283 0 0 0 0
860 -0.00130056 0 0 0 0
861 2.79089e-05 0 0 0 0
862 0.00025393 0 0 0 0
863 -7.31806e-05 0 0 0 0
864 0.00064589 0 0 0 0
865 0.000149264 0 0 0 0
866 0.000908866 0 0 0 0
867 -0.00130747 0 0 0 0
868 0.000649466 0 0 0 0
869 0.000666155 0 0 0 0
870 0.00110365 0 0 0 0
871 2.9101e-05 0 0 0 0
872 -9.70224e-05 0 0 0 0
873 -0.00111722 0 0 0 0
874 -9.27309e-05 0 0 0 0
875 -0.0012195 0 0 0 0
876 -0.0001335 0 0 0 0
877 -0.000498996 0 0 0 0
878 7.34469e-05 0 0 0 0
879 -0.000319944 0 0 0 0
880 -0.000294671 0 0 0 0
881 0.000290169 0 0 0 0
882 0.000550046 0 0 0 0
883 3.9353e-05 0 0 0 0
884 0.000187888 0 0 0 0
885 -0.000791774 0 0 0 0
886 0.00039555 0 0 0 0
887 -0.000266776 0 0 0 0
888 8.67983e-05 0 0 0 0
889 -0.00053762 0 0 0 0
890 0.000188603 0 0 0 0
891 0.000621094 0 0 0 0
892 0.000829711 0 0 0 0
893 0.000137343 0 0 0 0
894 0.00087811 0 0 0 0
895 0.000124468 0 0 0 0
896 -5.91139e-05 0 0 0 0
897 -0.000202403 0 0 0 0
898 0.000546231 0 0 0 0
899 -0.000722394 0 0 0 0
900 0.000106349 0 0 0 0
901 0.000247016 0 0 0 0
902 0.000495686 0 0 0 0
903 0.000915064 0 0 0 0
904 -0.000559793 0 0 0 0
905 5.19892e-05 0 0 0 0
906 9.27588e-05 0 0 0 0
907 0.00131036 0 0 0 0
908 -0.000619159 0 0 0 0
909 -0.000118719 0 0 0 0
910 -0.000479684 0 0 0 0
911 -0.000985132 0 0 0 0
912 -0.000348792 0 0 0 0
913 -0.000143991 0 0 0 0
914 -0.00137089 0 0 0 0
915 -0.000484453 0 0 0 0
916 -0.000359044 0 0 0 0
917 0.000792279 0 0 0 0
918 0.000520005 0 0 0 0
919 1.05044e-05 0 0 0 0
920 0.000637545 0 0 0 0
921 -0.000385986 0 0 0 0
922 -0.000211463 0 0 0 0
923 0.00120903 0 0 0 0
924 -8.96315e-05 0 0 0 0
925 0.00052072 0 0 0 0
926 0.000120892 0 0 0 0
927 -0.000395761 0 0 0 0
928 0.000828995 0 0 0 0
929 -9.43998e-05 0 0 0 0
930 4.86513e-05 0 0 0 0
931 -0.000245796 0 0 0 0
932 -0.000483261 0 0 0 0
933 -0.000837312 0 0 0 0
934 0.00105859 0 0 0 0
935 -0.000339494 0 0 0 0
936 -0.000506149 0 0 0 0
937 0.000329508 0 0 0 0
938 -0.00106452 0 0 0 0
939 0.000190034 0 0 0 0
940 -0.000569091 0 0 0 0
941 0.000504508 0 0 0 0
942 -0.00108551 0 0 0 0
943 -0.000661598 0 0 0 0
944 -7.89026e-05 0 0 0 0
945 -0.000204311 0 0 0 0
946 0.000322117 0 0 0 0
947 -0.000374542 0 0 0 0
948 0.000140204 0 0 0 0
949 -0.000243173 0 0 0 0
950 -0.000217901 0 0 0 0
951 0.000989213 0 0 0 0
952 0.000207677 0 0 0 0
953 -0.000375734 0 0 0 0
954 0.000246777 0 0 0 0
955 0.000127329 0 0 0 0
956 -8.9393e-05 0 0 0 0
957 0.00062634 0 0 0 0
958 -0.000155197 0 0 0 0
959 0.00187279 0 0 0 0
960 0.00125696 0 0 0 0
961 -0.00091146 0 0 0 0
962 -0.000269876 0 0 0 0
963 -0.000494466 0 0 0 0
964 0.000114455 0 0 0 0
965 0.00059463 0 0 0 0
966 0.000694527 0 0 0 0
967 -0.000562892 0 0 0 0
968 0.00154711 0 0 0 0
969 9.07384e-06 0 0 0 0
970 0.000437035 0 0 0 0
971 0.000838532 0 0 0 0
972 -0.000166402 0 0 0 0
973 1.83722e-05 0 0 0 0
974 0.000457062 0 0 0 0
975 0.00012876 0 0 0 0
976 -0.00053762 0 0 0 0
977 0.000409617 0 0 0 0
978 0.000352158 0 0 0 0
979 0.000813737 0 0 0 0
980 -0.00109004 0 0 0 0
981 0.000669732 0 0 0 0
982 -0.000324951 0 0 0 0
983 0.00199915 0 0 0 0
984 -0.000554309 0 0 0 0
985 0.000543847 0 0 0 0
986 0.000373616 0 0 0 0
987 0.000262036 0 0 0 0
988 0.00100662 0 0 0 0
989 -0.000487314 0 0 0 0
990 0.000434889 0 0 0 0
991 0.000696196 0 0 0 0
992 9.44277e-05 0 0 0 0
993 -0.000758157 0 0 0 0
994 -0.000120149 0 0 0 0
995 -0.00164746 0 0 0 0
996 0.0012355 0 0 0 0
997 -0.00109314 0 0 0 0
998 -0.000365959 0 0 0 0
999 -0.000370965 0 0 0 0
1000 0.00116946 0 0 0 0
1001 -0.000483499 0 0 0 0
1002 -0.00134181 0 0 0 0
1003 -0.000941739 0 0 0 0
1004 0.000317587 0 0 0 0
1005 0.000660195 0 0 0 0
1006 0.000741257 0 0 0 0
1007 -0.000883089 0 0 0 0
1008 0.000525727 0 0 0 0
1009 -0.000693546 0 0 0 0
1010 -0.00122784 0 0 0 0
1011 0.00120331 0 0 0 0
1012 -0.000912414 0 0 0 0
1013 -0.000505433 0 0 0 0
1014 -0.000760065 0 0 0 0
1015 5.60423e-05 0 0 0 0
1016 -9.46382e-05 0 0 0 0
1017 0.000467076 0 0 0 0
1018 0.000345006 0 0 0 0
1019 -0.00152634 0 0 0 0
1020 6.08107e-05 0 0 0 0
1021 0.00108339 0 0 0 0
1022 0.00152828 0 0 0 0
1023 0.0018542 0 0 0 0
