# 20181120_124908_B1642-03.Fp B1642-03 611 1024 1 0.927181
0 -2.03778e-05 8.4248e-14 8.4248e-14
1 -2.61254e-07 3.9565e-13 3.9565e-13
2 -5.89389e-06 1.76596e-12 1.76596e-12
3 0.000188834 7.49114e-12 7.49114e-12
4 7.35591e-05 3.01985e-11 3.01985e-11
5 -6.70185e-05 1.15684e-10 1.15684e-10
6 6.17605e-06 4.21101e-10 4.21101e-10
7 -0.000164919 1.45648e-09 1.45648e-09
8 0.000178344 4.78642e-09 4.78642e-09
9 -2.40435e-05 1.49445e-08 1.49445e-08
10 -4.21633e-05 4.43303e-08 4.43303e-08
11 4.00613e-05 1.24925e-07 1.24925e-07
12 -5.17864e-06 3.34433e-07 3.34433e-07
13 6.56317e-05 8.50484e-07 8.50484e-07
14 6.02971e-05 2.05449e-06 2.05449e-06
15 -1.61459e-05 4.71423e-06 4.71423e-06
16 1.03782e-05 1.02747e-05 1.02747e-05
17 0.000215865 2.12701e-05 2.12701e-05
18 0.000133939 4.18213e-05 4.18213e-05
19 0.00024081 7.80986e-05 7.80986e-05
20 0.000167705 0.000138515 0.000138515
21 0.00029052 0.000233318 0.000233318
22 0.000331796 0.00037324 0.00037324
23 0.000606067 0.000567037 0.000567037
24 0.000766046 0.000818105 0.000818105
25 0.0010123 0.00112092 0.00112092
26 0.0013806 0.0014585 0.0014585
27 0.00189114 0.00180217 0.00180217
28 0.00217179 0.00211467 0.00211467
29 0.00229631 0.00235637 0.00235637
30 0.00247619 0.00249341 0.00249341
31 0.00255267 0.00250551 0.00250551
32 0.00246648 0.00239084 0.00239084
33 0.00222055 0.00216648 0.00216648
34 0.00185011 0.00186428 0.00186428
35 0.00142268 0.00152344 0.00152344
36 0.00107364 0.00118222 0.00118222
37 0.000841446 0.000871228 0.000871228
38 0.000514991 0.000609726 0.000609726
39 0.000527717 0.00040524 0.00040524
40 0.000341989 0.000255782 0.000255782
41 0.000270642 0.000153326 0.000153326
42 0.000278092 8.72884e-05 8.72884e-05
43 0.000125177 4.71958e-05 4.71958e-05
44 8.21422e-05 2.42363e-05 2.42363e-05
45 3.07332e-05 1.18211e-05 1.18211e-05
46 6.00586e-05 5.47626e-06 5.47626e-06
47 0.000106282 2.4097e-06 2.4097e-06
48 9.15597e-05 1.00718e-06 1.00718e-06
49 -6.59456e-05 3.99878e-07 3.99878e-07
50 0.000118114 1.50815e-07 1.50815e-07
51 -1.10199e-05 5.40341e-08 5.40341e-08
52 -1.62055e-05 1.83916e-08 1.83916e-08
53 0.000104852 5.94723e-09 5.94723e-09
54 0.000172354 1.82714e-09 1.82714e-09
55 0.000234313 5.3335e-10 5.3335e-10
56 -5.29475e-07 1.47929e-10 1.47929e-10
57 5.34158e-06 3.89869e-11 3.89869e-11
58 0.00014586 9.764e-12 9.764e-12
59 7.9758e-05 2.32383e-12 2.32383e-12
60 -2.109e-06 5.25619e-13 5.25619e-13
61 7.61817e-05 1.12994e-13 1.12994e-13
62 8.58079e-05 2.30875e-14 2.30875e-14
63 4.5992e-05 4.48399e-15 4.48399e-15
64 -3.61134e-05 8.27841e-16 8.27841e-16
65 -1.33743e-05 1.45295e-16 1.45295e-16
66 8.95629e-05 2.42438e-17 2.42438e-17
67 -7.17272e-05 3.84619e-18 3.84619e-18
68 1.8097e-05 5.80188e-19 5.80188e-19
69 -8.09063e-05 8.32236e-20 8.32236e-20
70 -6.74953e-05 1.13526e-20 1.13526e-20
71 -2.10931e-05 1.47281e-21 1.47281e-21
72 -7.2055e-05 1.81734e-22 1.81734e-22
73 -6.67502e-05 2.13304e-23 2.13304e-23
74 3.28193e-05 2.38158e-24 2.38158e-24
75 -3.86466e-05 2.52973e-25 2.52973e-25
76 5.90783e-06 2.5566e-26 2.5566e-26
77 9.60003e-05 2.45849e-27 2.45849e-27
78 -6.73463e-05 2.24971e-28 2.24971e-28
79 2.18223e-05 1.9592e-29 1.9592e-29
80 0.000191308 1.62393e-30 1.62393e-30
81 -5.46505e-05 1.28123e-31 1.28123e-31
82 0.000110425 9.62286e-33 9.62286e-33
83 -0.000123524 6.8808e-34 6.8808e-34
84 -5.73029e-05 4.68463e-35 4.68463e-35
85 -3.60836e-05 3.03708e-36 3.03708e-36
86 2.62957e-06 1.87512e-37 1.87512e-37
87 -7.30385e-05 1.10264e-38 1.10264e-38
88 -4.49647e-05 6.17625e-40 6.17625e-40
89 0.0001216 3.29571e-41 3.29571e-41
90 -7.47373e-05 1.67595e-42 1.67595e-42
91 -8.10553e-05 8.12753e-44 8.12753e-44
92 0.000106491 4.2039e-45 4.2039e-45
93 -3.30438e-05 0 0
94 5.24591e-05 0 0
95 -6.21309e-05 0 0
96 3.24319e-05 0 0
97 6.78073e-05 0 0
98 -4.86602e-05 0 0
99 -7.52439e-05 0 0
100 2.86799e-06 0 0
101 0.000122763 0 0
102 -5.16703e-05 0 0
103 -3.20007e-05 0 0
104 -0.000138276 0 0
105 -1.57585e-05 0 0
106 1.43717e-05 0 0
107 -5.30412e-05 0 0
108 0.000130958 0 0
109 -8.23368e-05 0 0
110 -2.59807e-05 0 0
111 -1.48315e-06 0 0
112 8.61655e-05 0 0
113 -9.76254e-05 0 0
114 -8.23368e-05 0 0
115 3.95546e-05 0 0
116 -5.05378e-05 0 0
117 -3.33089e-06 0 0
118 -1.4626e-05 0 0
119 2.61138e-05 0 0
120 0.000152684 0 0
121 0.000156618 0 0
122 -0.000152611 0 0
123 0.000129736 0 0
124 0.000100292 0 0
125 0.000126577 0 0
126 9.45399e-05 0 0
127 -4.54118e-05 0 0
128 6.2115e-05 0 0
129 4.19984e-05 0 0
130 -1.74274e-05 0 0
131 -3.50971e-06 0 0
132 0.00017748 0 0
133 9.10531e-05 0 0
134 4.36376e-05 0 0
135 -7.96844e-05 0 0
136 4.45614e-05 0 0
137 4.1164e-05 0 0
138 4.95415e-06 0 0
139 3.875e-05 0 0
140 7.09067e-05 0 0
141 1.26133e-05 0 0
142 -2.02884e-05 0 0
143 -0.00014674 0 0
144 -6.78487e-07 0 0
145 -2.0199e-05 0 0
146 -0.000116222 0 0
147 0.0001157 0 0
148 -3.18219e-05 0 0
149 5.43068e-05 0 0
150 5.68996e-05 0 0
151 -6.97007e-05 0 0
152 -2.60403e-05 0 0
153 -1.552e-05 0 0
154 1.72029e-05 0 0
155 -9.08305e-05 0 0
156 -8.12342e-05 0 0
157 -3.5428e-05 0 0
158 2.93026e-05 0 0
159 0.000125058 0 0
160 2.21234e-06 0 0
161 -7.235e-06 0 0
162 -4.95245e-05 0 0
163 -1.95732e-05 0 0
164 7.79102e-05 0 0
165 -0.000122779 0 0
166 -8.56151e-05 0 0
167 0.000130899 0 0
168 0.000138498 0 0
169 7.52876e-05 0 0
170 0.000178463 0 0
171 -5.21173e-05 0 0
172 2.58456e-05 0 0
173 5.87802e-06 0 0
174 3.36836e-05 0 0
175 0.000132329 0 0
176 0.000130452 0 0
177 -0.000134163 0 0
178 -0.000122659 0 0
179 -1.08709e-05 0 0
180 -1.84407e-05 0 0
181 5.23994e-05 0 0
182 1.55638e-05 0 0
183 0.000191666 0 0
184 5.05815e-05 0 0
185 1.94977e-05 0 0
186 5.87802e-06 0 0
187 2.41767e-05 0 0
188 0.0001126 0 0
189 1.41929e-05 0 0
190 1.21365e-05 0 0
191 4.82271e-05 0 0
192 4.05977e-05 0 0
193 6.2413e-05 0 0
194 -2.52356e-05 0 0
195 7.64201e-05 0 0
196 4.80514e-06 0 0
197 4.97172e-05 0 0
198 -7.93268e-05 0 0
199 -1.11391e-05 0 0
200 1.01994e-05 0 0
201 1.12722e-05 0 0
202 8.02379e-06 0 0
203 5.97308e-05 0 0
204 -9.57479e-05 0 0
205 0.000170893 0 0
206 -4.672e-06 0 0
207 2.24481e-05 0 0
208 8.89669e-05 0 0
209 5.97606e-05 0 0
210 -6.19192e-06 0 0
211 -2.77688e-05 0 0
212 -7.41381e-06 0 0
213 0.000127382 0 0
214 -5.08923e-06 0 0
215 0.000206656 0 0
216 -1.28676e-05 0 0
217 -4.71701e-05 0 0
218 8.89073e-05 0 0
219 -0.000102155 0 0
220 5.93763e-06 0 0
221 9.73712e-05 0 0
222 4.19984e-05 0 0
223 -0.000141733 0 0
224 -1.95434e-05 0 0
225 0.000176079 0 0
226 0.000140376 0 0
227 -7.64658e-05 0 0
228 3.75281e-05 0 0
229 -0.000165605 0 0
230 0.000207282 0 0
231 -1.56691e-05 0 0
232 1.59512e-05 0 0
233 0.000207163 0 0
234 -3.22988e-05 0 0
235 1.71135e-05 0 0
236 4.7035e-05 0 0
237 5.35915e-05 0 0
238 0.000111438 0 0
239 7.51386e-05 0 0
240 -0.00013765 0 0
241 -1.98116e-05 0 0
242 1.63386e-05 0 0
243 -5.19981e-05 0 0
244 -1.2659e-05 0 0
245 4.85549e-05 0 0
246 -4.13587e-05 0 0
247 -5.04782e-05 0 0
248 -0.000108056 0 0
249 6.02704e-06 0 0
250 5.72274e-05 0 0
251 -9.33041e-05 0 0
252 0.000122793 0 0
253 -6.22501e-05 0 0
254 3.84222e-05 0 0
255 0.000158347 0 0
256 1.93785e-05 0 0
257 4.09554e-05 0 0
258 2.18223e-05 0 0
259 -3.79314e-05 0 0
260 -4.88688e-05 0 0
261 -3.7991e-05 0 0
262 -3.80773e-06 0 0
263 0.000109709 0 0
264 5.58267e-05 0 0
265 -4.78854e-05 0 0
266 -7.16974e-05 0 0
267 3.3177e-05 0 0
268 1.96467e-05 0 0
269 1.70837e-05 0 0
270 6.21448e-05 0 0
271 0.000106252 0 0
272 -9.21716e-05 0 0
273 0.000115551 0 0
274 0.000130035 0 0
275 5.76149e-05 0 0
276 1.88718e-05 0 0
277 -6.90748e-05 0 0
278 -8.00719e-05 0 0
279 -8.35587e-05 0 0
280 -2.62191e-05 0 0
281 -4.15971e-05 0 0
282 -7.70022e-05 0 0
283 -9.43472e-05 0 0
284 -6.31113e-06 0 0
285 -5.38725e-06 0 0
286 -8.02805e-05 0 0
287 -6.65118e-05 0 0
288 -8.45124e-05 0 0
289 0.000165201 0 0
290 4.64092e-05 0 0
291 -0.00025531 0 0
292 0.000158704 0 0
293 2.65937e-06 0 0
294 0.000120766 0 0
295 2.98987e-05 0 0
296 6.08931e-05 0 0
297 9.51062e-05 0 0
298 8.67019e-05 0 0
299 2.99881e-05 0 0
300 2.28355e-05 0 0
301 4.55747e-05 0 0
302 -7.8999e-05 0 0
303 -4.84814e-05 0 0
304 -3.51002e-05 0 0
305 -1.03344e-05 0 0
306 -8.19792e-05 0 0
307 -4.06434e-05 0 0
308 0.000125505 0 0
309 0.000114627 0 0
310 -3.24149e-06 0 0
311 0.000115551 0 0
312 0.000125356 0 0
313 -0.000102632 0 0
314 5.88368e-05 0 0
315 3.64595e-07 0 0
316 -0.000133925 0 0
317 5.34723e-05 0 0
318 0.000102318 0 0
319 9.75233e-06 0 0
320 -7.89692e-05 0 0
321 3.0763e-05 0 0
322 -1.18842e-05 0 0
323 -5.14884e-06 0 0
324 -2.13315e-05 0 0
325 -7.50949e-05 0 0
326 0.000101633 0 0
327 -0.000146769 0 0
328 0.000157512 0 0
329 4.46806e-05 0 0
330 1.81864e-05 0 0
331 8.12183e-05 0 0
332 -8.04593e-05 0 0
333 3.45479e-05 0 0
334 7.04597e-05 0 0
335 0.000112809 0 0
336 4.77534e-06 0 0
337 0.000130064 0 0
338 8.17845e-05 0 0
339 -2.21362e-05 0 0
340 8.69999e-05 0 0
341 5.73466e-05 0 0
342 1.312e-05 0 0
343 4.0866e-05 0 0
344 -0.000124924 0 0
345 4.98663e-05 0 0
346 -3.50661e-07 0 0
347 -9.36021e-05 0 0
348 -1.73976e-05 0 0
349 0.000206865 0 0
350 -6.25779e-05 0 0
351 -4.91073e-05 0 0
352 7.05491e-05 0 0
353 -8.98172e-05 0 0
354 -9.798e-06 0 0
355 -4.10606e-05 0 0
356 -7.4469e-05 0 0
357 -1.43578e-05 0 0
358 6.66748e-05 0 0
359 -1.54275e-06 0 0
360 7.42775e-06 0 0
361 -6.06408e-05 0 0
362 1.92891e-05 0 0
363 7.73738e-05 0 0
364 -1.79936e-05 0 0
365 0.000121481 0 0
366 2.42363e-05 0 0
367 0.000126816 0 0
368 -2.73485e-06 0 0
369 9.54638e-05 0 0
370 8.34833e-05 0 0
371 2.32826e-05 0 0
372 -5.52465e-05 0 0
373 2.83819e-06 0 0
374 4.55449e-05 0 0
375 0.000146217 0 0
376 3.51141e-05 0 0
377 4.58131e-05 0 0
378 -0.000121288 0 0
379 -3.90043e-05 0 0
380 -2.76496e-05 0 0
381 -5.2922e-05 0 0
382 7.18902e-05 0 0
383 1.28816e-05 0 0
384 -0.000104361 0 0
385 0.000150866 0 0
386 -3.31332e-05 0 0
387 -9.27677e-05 0 0
388 0.000139005 0 0
389 -3.24776e-05 0 0
390 3.40412e-05 0 0
391 -2.0792e-06 0 0
392 5.61843e-05 0 0
393 -4.22527e-05 0 0
394 -6.20117e-05 0 0
395 -4.97331e-05 0 0
396 -6.81211e-05 0 0
397 5.19524e-05 0 0
398 2.80808e-05 0 0
399 -4.6422e-06 0 0
400 -3.03318e-05 0 0
401 1.78884e-05 0 0
402 -2.67524e-06 0 0
403 8.70924e-06 0 0
404 -1.83513e-05 0 0
405 -6.95218e-05 0 0
406 0.000100709 0 0
407 0.000148274 0 0
408 5.73466e-05 0 0
409 4.43528e-05 0 0
410 3.62168e-05 0 0
411 7.30227e-05 0 0
412 0.000187523 0 0
413 -0.000107699 0 0
414 1.92891e-05 0 0
415 -6.68396e-05 0 0
416 4.50681e-05 0 0
417 -9.04431e-05 0 0
418 4.21475e-05 0 0
419 -1.74572e-05 0 0
420 -2.64544e-06 0 0
421 -0.000120365 0 0
422 0.000104434 0 0
423 0.000111795 0 0
424 1.85738e-05 0 0
425 -4.13556e-06 0 0
426 -1.80532e-05 0 0
427 -0.000143759 0 0
428 -2.20468e-05 0 0
429 6.51846e-05 0 0
430 -0.000169628 0 0
431 2.73953e-05 0 0
432 1.33882e-05 0 0
433 0.00014726 0 0
434 4.33097e-05 0 0
435 6.77476e-05 0 0
436 0.000180996 0 0
437 2.91834e-05 0 0
438 5.16246e-05 0 0
439 1.8991e-05 0 0
440 -4.3415e-05 0 0
441 2.03918e-05 0 0
442 -0.000118606 0 0
443 -9.41684e-05 0 0
444 5.42174e-05 0 0
445 -7.89096e-05 0 0
446 -0.000219308 0 0
447 4.90616e-05 0 0
448 3.50247e-05 0 0
449 2.25971e-05 0 0
450 -3.4799e-06 0 0
451 1.49677e-05 0 0
452 3.10312e-05 0 0
453 -6.24289e-05 0 0
454 4.629e-05 0 0
455 0.000100769 0 0
456 0.000149555 0 0
457 1.16597e-05 0 0
458 9.71327e-05 0 0
459 3.43423e-06 0 0
460 4.56672e-06 0 0
461 0.000109024 0 0
462 -3.29544e-05 0 0
463 3.49384e-06 0 0
464 -2.07653e-05 0 0
465 -4.26402e-05 0 0
466 -5.51273e-05 0 0
467 2.85278e-05 0 0
468 -8.02805e-05 0 0
469 5.46346e-05 0 0
470 1.63684e-05 0 0
471 -9.46708e-07 0 0
472 -2.90205e-05 0 0
473 -1.5073e-05 0 0
474 0.000216014 0 0
475 -2.7441e-05 0 0
476 -2.14507e-05 0 0
477 1.16299e-05 0 0
478 6.36349e-05 0 0
479 4.39356e-05 0 0
480 -0.00012564 0 0
481 -4.99119e-05 0 0
482 -4.71403e-05 0 0
483 8.77152e-05 0 0
484 -8.23666e-05 0 0
485 5.49059e-06 0 0
486 -0.000130766 0 0
487 -1.30166e-05 0 0
488 -0.000108056 0 0
489 -5.28326e-05 0 0
490 4.54257e-05 0 0
491 1.15405e-05 0 0
492 0.000134475 0 0
493 -3.51896e-05 0 0
494 7.5377e-05 0 0
495 4.63198e-05 0 0
496 7.30823e-05 0 0
497 -5.9237e-06 0 0
498 -6.89258e-05 0 0
499 2.31634e-05 0 0
500 5.39194e-05 0 0
501 7.29631e-05 0 0
502 -2.74708e-05 0 0
503 1.59214e-05 0 0
504 2.24779e-05 0 0
505 -5.12232e-05 0 0
506 -7.98006e-06 0 0
507 -7.67936e-05 0 0
508 -5.13424e-05 0 0
509 -5.58724e-05 0 0
510 0.000113762 0 0
511 5.94626e-05 0 0
512 -6.26077e-05 0 0
513 -0.000225716 0 0
514 9.27549e-06 0 0
515 -7.36048e-05 0 0
516 3.14186e-05 0 0
517 0.000112392 0 0
518 -9.93838e-05 0 0
519 -1.96328e-05 0 0
520 5.70486e-05 0 0
521 6.74229e-06 0 0
522 0.000176019 0 0
523 5.46048e-05 0 0
524 -0.000119262 0 0
525 -5.22365e-05 0 0
526 0.000181652 0 0
527 2.41767e-05 0 0
528 6.32177e-05 0 0
529 6.66152e-05 0 0
530 2.8498e-05 0 0
531 -1.06027e-05 0 0
532 -3.11961e-05 0 0
533 -6.79423e-05 0 0
534 5.67208e-05 0 0
535 7.52578e-05 0 0
536 -2.97358e-05 0 0
537 3.98825e-05 0 0
538 -7.22637e-05 0 0
539 -8.9251e-05 0 0
540 -3.87659e-05 0 0
541 -3.5577e-05 0 0
542 6.5125e-05 0 0
543 5.85983e-05 0 0
544 -0.000195764 0 0
545 2.0511e-05 0 0
546 4.85251e-05 0 0
547 -0.000114583 0 0
548 7.5228e-05 0 0
549 1.58916e-05 0 0
550 -0.000152819 0 0
551 3.72897e-05 0 0
552 -7.96546e-05 0 0
553 -3.09278e-05 0 0
554 -9.28571e-05 0 0
555 0.000102169 0 0
556 5.10881e-05 0 0
557 -0.000105344 0 0
558 6.85523e-05 0 0
559 8.38142e-06 0 0
560 -2.35667e-05 0 0
561 -4.8839e-05 0 0
562 -7.30385e-05 0 0
563 0.000219382 0 0
564 -3.34908e-05 0 0
565 -2.52623e-06 0 0
566 6.92974e-05 0 0
567 -4.97002e-06 0 0
568 1.29412e-05 0 0
569 -4.90775e-05 0 0
570 -1.70102e-05 0 0
571 -3.0004e-05 0 0
572 3.30577e-05 0 0
573 0.000147618 0 0
574 -5.76307e-05 0 0
575 -6.28163e-05 0 0
576 -4.10904e-05 0 0
577 5.12074e-05 0 0
578 1.53254e-05 0 0
579 7.75228e-05 0 0
580 -4.22229e-05 0 0
581 6.3933e-05 0 0
582 -3.98685e-05 0 0
583 -4.51734e-05 0 0
584 -6.12368e-05 0 0
585 2.95709e-05 0 0
586 0.000159211 0 0
587 2.05706e-05 0 0
588 -4.41899e-05 0 0
589 -3.87361e-05 0 0
590 -0.000111484 0 0
591 9.90443e-07 0 0
592 0.000148661 0 0
593 -8.44528e-05 0 0
594 6.74198e-05 0 0
595 -3.95674e-06 0 0
596 0.000138856 0 0
597 -9.55958e-06 0 0
598 8.41687e-05 0 0
599 9.77884e-05 0 0
600 -3.20603e-05 0 0
601 0.000161863 0 0
602 -2.82456e-05 0 0
603 3.57101e-05 0 0
604 2.85874e-05 0 0
605 -5.18193e-05 0 0
606 9.90997e-05 0 0
607 9.99074e-06 0 0
608 0.000105239 0 0
609 2.12858e-05 0 0
610 1.79778e-05 0 0
611 2.03352e-06 0 0
612 -7.1161e-05 0 0
613 -7.00881e-05 0 0
614 2.35806e-05 0 0
615 0.000109173 0 0
616 -1.34339e-05 0 0
617 -0.000137054 0 0
618 -2.66363e-05 0 0
619 0.000147826 0 0
620 7.52876e-05 0 0
621 -4.91669e-05 0 0
622 5.88069e-05 0 0
623 -5.9535e-06 0 0
624 -0.000167273 0 0
625 0.000142671 0 0
626 -2.58584e-06 0 0
627 -7.95025e-06 0 0
628 8.91786e-06 0 0
629 0.000108458 0 0
630 -2.36859e-05 0 0
631 -2.72026e-05 0 0
632 0.00010807 0 0
633 6.72112e-05 0 0
634 3.66638e-05 0 0
635 4.19984e-05 0 0
636 6.55721e-05 0 0
637 0.000130303 0 0
638 3.20147e-05 0 0
639 -2.18083e-05 0 0
640 0.000137902 0 0
641 -4.22825e-05 0 0
642 -8.10851e-05 0 0
643 1.09742e-05 0 0
644 -1.85599e-05 0 0
645 -9.35127e-05 0 0
646 1.46399e-05 0 0
647 6.16382e-05 0 0
648 6.32475e-05 0 0
649 1.1153e-05 0 0
650 -5.2922e-05 0 0
651 -1.66227e-05 0 0
652 1.78288e-05 0 0
653 -5.8346e-05 0 0
654 2.86172e-05 0 0
655 -3.2865e-05 0 0
656 -5.59618e-05 0 0
657 4.37866e-05 0 0
658 3.10641e-06 0 0
659 6.65288e-06 0 0
660 0.000106282 0 0
661 -2.92291e-05 0 0
662 -8.15918e-05 0 0
663 -6.8449e-05 0 0
664 0.000140853 0 0
665 -2.68151e-05 0 0
666 4.09256e-05 0 0
667 1.91432e-06 0 0
668 5.43664e-05 0 0
669 -8.55555e-05 0 0
670 8.48244e-05 0 0
671 6.53337e-05 0 0
672 5.32339e-05 0 0
673 8.12779e-05 0 0
674 -4.7614e-06 0 0
675 -5.42333e-05 0 0
676 4.60814e-05 0 0
677 -5.97765e-05 0 0
678 -2.73516e-05 0 0
679 -2.87225e-05 0 0
680 -2.306e-05 0 0
681 7.66585e-05 0 0
682 0.000193007 0 0
683 0.000161744 0 0
684 4.54257e-05 0 0
685 -2.53846e-05 0 0
686 4.37568e-05 0 0
687 4.21475e-05 0 0
688 -7.47075e-05 0 0
689 9.90443e-07 0 0
690 3.18656e-05 0 0
691 -8.45689e-06 0 0
692 0.000124193 0 0
693 4.19388e-05 0 0
694 4.66178e-05 0 0
695 3.24021e-05 0 0
696 -9.2261e-05 0 0
697 9.69272e-06 0 0
698 -1.76956e-05 0 0
699 -6.71675e-05 0 0
700 4.19388e-05 0 0
701 -2.67853e-05 0 0
702 7.54068e-05 0 0
703 -1.4924e-05 0 0
704 -7.93566e-05 0 0
705 7.64499e-05 0 0
706 -1.36425e-05 0 0
707 7.89533e-05 0 0
708 -7.01775e-05 0 0
709 7.92811e-05 0 0
710 -0.000131302 0 0
711 9.53446e-05 0 0
712 -0.000117027 0 0
713 0.00014574 0 0
714 -0.000174158 0 0
715 0.000116117 0 0
716 -1.52816e-05 0 0
717 0.000130213 0 0
718 -9.52114e-05 0 0
719 -9.71784e-05 0 0
720 4.81973e-05 0 0
721 3.28789e-05 0 0
722 9.25134e-05 0 0
723 0.000113762 0 0
724 1.04974e-05 0 0
725 -4.75873e-05 0 0
726 6.87311e-05 0 0
727 -3.13749e-05 0 0
728 4.98066e-05 0 0
729 6.8615e-06 0 0
730 3.71705e-05 0 0
731 1.54148e-05 0 0
732 6.12507e-05 0 0
733 -1.02152e-05 0 0
734 -3.41465e-05 0 0
735 -0.000120454 0 0
736 3.8899e-05 0 0
737 0.000112004 0 0
738 1.31827e-06 0 0
739 2.17031e-05 0 0
740 2.16733e-05 0 0
741 9.63737e-08 0 0
742 6.13998e-05 0 0
743 0.00015483 0 0
744 -5.2922e-05 0 0
745 -4.47859e-05 0 0
746 -4.40409e-05 0 0
747 -1.06325e-05 0 0
748 7.96686e-05 0 0
749 6.137e-05 0 0
750 3.00775e-05 0 0
751 2.40574e-05 0 0
752 -0.000164859 0 0
753 3.22233e-05 0 0
754 -4.36534e-05 0 0
755 4.59652e-06 0 0
756 1.66665e-05 0 0
757 -4.64251e-05 0 0
758 -5.88824e-05 0 0
759 -0.000135981 0 0
760 8.17845e-05 0 0
761 0.000183321 0 0
762 5.64526e-05 0 0
763 0.000140436 0 0
764 -0.000116043 0 0
765 0.000101752 0 0
766 8.38111e-05 0 0
767 -4.52032e-05 0 0
768 0.000125624 0 0
769 -5.91208e-05 0 0
770 -2.44309e-05 0 0
771 -6.56475e-05 0 0
772 3.22531e-05 0 0
773 -1.03642e-05 0 0
774 -4.46338e-06 0 0
775 8.13673e-05 0 0
776 7.66883e-05 0 0
777 -8.39164e-05 0 0
778 -2.89013e-05 0 0
779 7.37379e-05 0 0
780 0.000106103 0 0
781 -6.77635e-05 0 0
782 0.000136502 0 0
783 4.76311e-05 0 0
784 1.22886e-06 0 0
785 1.1302e-05 0 0
786 0.000112481 0 0
787 7.53174e-05 0 0
788 -3.20859e-07 0 0
789 -6.30249e-05 0 0
790 -7.10716e-05 0 0
791 2.57264e-05 0 0
792 -0.000124746 0 0
793 -9.89963e-05 0 0
794 -1.72486e-05 0 0
795 9.48678e-05 0 0
796 -1.62949e-05 0 0
797 5.74062e-05 0 0
798 3.59784e-05 0 0
799 4.80185e-05 0 0
800 5.22237e-06 0 0
801 9.7997e-05 0 0
802 7.66585e-05 0 0
803 -0.000138633 0 0
804 3.77963e-05 0 0
805 0.000127889 0 0
806 4.52767e-05 0 0
807 -7.07139e-05 0 0
808 -6.14454e-05 0 0
809 -5.79287e-05 0 0
810 0.000149764 0 0
811 3.76175e-05 0 0
812 0.000155724 0 0
813 8.80132e-05 0 0
814 -2.67853e-05 0 0
815 5.7436e-05 0 0
816 -4.17163e-05 0 0
817 -6.07302e-05 0 0
818 1.36564e-05 0 0
819 -0.000150435 0 0
820 -0.00020092 0 0
821 7.46618e-05 0 0
822 -8.18302e-05 0 0
823 2.668e-05 0 0
824 -2.43415e-05 0 0
825 9.15628e-06 0 0
826 6.55125e-05 0 0
827 -5.82268e-05 0 0
828 -0.000152492 0 0
829 0.000158645 0 0
830 7.27246e-05 0 0
831 5.77937e-05 0 0
832 0.000127621 0 0
833 3.15974e-05 0 0
834 5.92838e-05 0 0
835 5.88368e-05 0 0
836 -5.41439e-05 0 0
837 -2.43682e-06 0 0
838 -0.000112914 0 0
839 -1.53412e-05 0 0
840 -5.17895e-05 0 0
841 9.36161e-05 0 0
842 -2.05566e-05 0 0
843 -2.15997e-05 0 0
844 -7.19358e-05 0 0
845 3.08822e-05 0 0
846 -8.85655e-05 0 0
847 -2.31196e-05 0 0
848 0.000126458 0 0
849 -7.17539e-06 0 0
850 -3.80463e-07 0 0
851 5.08497e-05 0 0
852 4.54555e-05 0 0
853 -5.86738e-05 0 0
854 -5.32796e-05 0 0
855 -7.27107e-05 0 0
856 -4.43687e-05 0 0
857 1.42227e-05 0 0
858 0.00011862 0 0
859 9.96094e-06 0 0
860 -0.000124269 0 0
861 4.3727e-05 0 0
862 5.73211e-07 0 0
863 -5.64684e-05 0 0
864 1.18981e-05 0 0
865 -4.55012e-05 0 0
866 -3.13749e-05 0 0
867 1.43717e-05 0 0
868 -2.17785e-05 0 0
869 8.11629e-07 0 0
870 4.35811e-06 0 0
871 0.000123478 0 0
872 3.88394e-05 0 0
873 -5.3965e-05 0 0
874 0.000140227 0 0
875 -7.2648e-06 0 0
876 -0.000301682 0 0
877 2.15242e-05 0 0
878 -7.92076e-05 0 0
879 -5.82268e-05 0 0
880 2.95113e-05 0 0
881 -4.46338e-06 0 0
882 4.54853e-05 0 0
883 0.000164099 0 0
884 1.77692e-05 0 0
885 0.000206716 0 0
886 -6.29355e-05 0 0
887 -2.09441e-05 0 0
888 0.000109173 0 0
889 4.83463e-05 0 0
890 -5.65547e-06 0 0
891 -6.08494e-05 0 0
892 2.77529e-05 0 0
893 2.30144e-05 0 0
894 -8.21847e-06 0 0
895 -0.00013312 0 0
896 -0.00010454 0 0
897 -0.0001482 0 0
898 5.72274e-05 0 0
899 0.000190831 0 0
900 8.02646e-05 0 0
901 0.000149317 0 0
902 -3.06894e-05 0 0
903 4.64986e-05 0 0
904 4.61708e-05 0 0
905 -1.23908e-05 0 0
906 -0.000106328 0 0
907 -0.000199043 0 0
908 2.29548e-05 0 0
909 0.000110752 0 0
910 -2.55634e-05 0 0
911 -8.6059e-06 0 0
912 1.47591e-05 0 0
913 5.02537e-05 0 0
914 0.000113226 0 0
915 -2.69641e-05 0 0
916 4.91808e-05 0 0
917 -3.4203e-06 0 0
918 -8.90722e-05 0 0
919 -3.84678e-05 0 0
920 2.46237e-05 0 0
921 -8.3976e-05 0 0
922 -7.25617e-05 0 0
923 4.84059e-05 0 0
924 -0.000123971 0 0
925 -6.6482e-05 0 0
926 -0.000107758 0 0
927 0.000187493 0 0
928 -9.90858e-05 0 0
929 -2.44905e-05 0 0
930 -0.000168883 0 0
931 -4.81834e-05 0 0
932 3.92268e-05 0 0
933 4.96576e-05 0 0
934 7.52876e-05 0 0
935 -3.20901e-05 0 0
936 4.53363e-05 0 0
937 1.03186e-05 0 0
938 0.000158406 0 0
939 -1.44472e-05 0 0
940 4.11938e-05 0 0
941 -5.96275e-05 0 0
942 -4.43358e-06 0 0
943 -8.24402e-08 0 0
944 6.78967e-05 0 0
945 -1.15532e-06 0 0
946 7.08173e-05 0 0
947 -1.45068e-05 0 0
948 -5.64088e-05 0 0
949 -8.15887e-06 0 0
950 1.72923e-05 0 0
951 -3.92725e-05 0 0
952 -9.92348e-05 0 0
953 7.51715e-06 0 0
954 -5.16703e-05 0 0
955 6.01779e-05 0 0
956 -6.54954e-06 0 0
957 -9.55393e-05 0 0
958 1.96169e-05 0 0
959 -2.16891e-05 0 0
960 -2.80966e-05 0 0
961 4.6737e-05 0 0
962 -9.67879e-06 0 0
963 0.000105835 0 0
964 9.78778e-05 0 0
965 2.56072e-05 0 0
966 2.62628e-05 0 0
967 2.86172e-05 0 0
968 3.35048e-05 0 0
969 -4.36236e-05 0 0
970 0.000102974 0 0
971 1.17789e-05 0 0
972 9.08743e-05 0 0
973 -3.51002e-05 0 0
974 0.000217862 0 0
975 4.90616e-05 0 0
976 -4.84814e-05 0 0
977 -9.80129e-05 0 0
978 2.01831e-05 0 0
979 0.000137902 0 0
980 -0.000110142 0 0
981 8.68807e-05 0 0
982 1.58022e-05 0 0
983 -1.77254e-05 0 0
984 -8.31415e-05 0 0
985 3.17464e-05 0 0
986 5.22206e-05 0 0
987 -7.49161e-05 0 0
988 5.79725e-05 0 0
989 -5.61704e-05 0 0
990 0.000100411 0 0
991 -7.56611e-05 0 0
992 0.000114925 0 0
993 -7.10418e-05 1.4013e-45 1.4013e-45
994 -4.22229e-05 4.62428e-44 4.62428e-44
995 -2.05566e-05 9.54284e-43 9.54284e-43
996 -5.17001e-05 1.89329e-41 1.89329e-41
997 -4.67529e-05 3.58049e-40 3.58049e-40
998 -5.42035e-05 6.45065e-39 6.45065e-39
999 -2.24044e-05 1.10702e-37 1.10702e-37
1000 1.85738e-05 1.80947e-36 1.80947e-36
1001 9.18608e-06 2.81673e-35 2.81673e-35
1002 -0.000102334 4.17536e-34 4.17536e-34
1003 3.27001e-05 5.8932e-33 5.8932e-33
1004 0.000130035 7.91908e-32 7.91908e-32
1005 8.79536e-05 1.01303e-30 1.01303e-30
1006 -3.37591e-05 1.23354e-29 1.23354e-29
1007 5.52307e-05 1.42963e-28 1.42963e-28
1008 3.81837e-05 1.57686e-27 1.57686e-27
1009 6.63767e-05 1.65511e-26 1.65511e-26
1010 1.97659e-05 1.65305e-25 1.65305e-25
1011 2.27461e-05 1.57082e-24 1.57082e-24
1012 0.000104196 1.4201e-23 1.4201e-23
1013 -9.48538e-05 1.22131e-22 1.22131e-22
1014 0.000134475 9.99096e-22 9.99096e-22
1015 -0.000106119 7.7738e-21 7.7738e-21
1016 -1.27453e-06 5.75267e-20 5.75267e-20
1017 -6.49025e-05 4.04839e-19 4.04839e-19
1018 -1.35531e-05 2.7092e-18 2.7092e-18
1019 -2.94346e-06 1.72391e-17 1.72391e-17
1020 6.59328e-06 1.04297e-16 1.04297e-16
1021 -0.000125967 5.99903e-16 5.99903e-16
1022 -1.75466e-05 3.28033e-15 3.28033e-15
1023 -2.02884e-05 1.70511e-14 1.70511e-14
