# 20181113_112823_B1933+16.Fp B1933+16 611 1024 1 0.808348
0 2.86992e-06 6.63809e-06 6.63809e-06
1 -7.0861e-05 4.27839e-06 4.27839e-06
2 -4.69986e-06 2.7044e-06 2.7044e-06
3 -1.00047e-05 1.67657e-06 1.67657e-06
4 1.44332e-05 1.0194e-06 1.0194e-06
5 -9.40472e-05 6.07915e-07 6.07915e-07
6 0.000108132 3.55572e-07 3.55572e-07
7 5.1349e-06 2.03989e-07 2.03989e-07
8 -7.86692e-05 1.14786e-07 1.14786e-07
9 -1.25677e-05 6.33555e-08 6.33555e-08
10 7.94619e-05 3.43007e-08 3.43007e-08
11 2.95728e-05 1.82161e-08 1.82161e-08
12 0.000149259 9.48962e-09 9.48962e-09
13 1.28835e-05 4.8495e-09 4.8495e-09
14 0.000100502 2.43114e-09 2.43114e-09
15 -7.42585e-05 1.19564e-09 1.19564e-09
16 7.3263e-05 5.76868e-10 5.76868e-10
17 4.24474e-05 2.73057e-10 2.73057e-10
18 -4.92245e-05 1.26807e-10 1.26807e-10
19 -4.22303e-06 5.77769e-11 5.77769e-11
20 4.24474e-05 2.58288e-11 2.58288e-11
21 -3.92706e-05 1.13293e-11 1.13293e-11
22 -3.48598e-05 4.87606e-12 4.87606e-12
23 4.89648e-06 2.05926e-12 2.05926e-12
24 -0.000170282 8.53385e-13 8.53385e-13
25 -0.00015544 3.47044e-13 3.47044e-13
26 5.72294e-05 1.38499e-13 1.38499e-13
27 9.83566e-05 5.42428e-14 5.42428e-14
28 3.07649e-05 2.08492e-14 2.08492e-14
29 9.56147e-05 7.86511e-15 7.86511e-15
30 -5.2754e-07 2.91208e-15 2.91208e-15
31 -1.13756e-05 1.05828e-15 1.05828e-15
32 5.70505e-05 3.77495e-16 3.77495e-16
33 0.000116357 1.32177e-16 1.32177e-16
34 -0.000214329 4.54308e-17 4.54308e-17
35 6.63489e-05 1.53289e-17 1.53289e-17
36 0.000190744 5.07759e-18 5.07759e-18
37 -8.99345e-05 1.65123e-18 1.65123e-18
38 3.49372e-05 5.27202e-19 5.27202e-19
39 1.99765e-05 1.65267e-19 1.65267e-19
40 -8.24243e-05 5.08694e-20 5.08694e-20
41 4.69774e-05 1.53746e-20 1.53746e-20
42 -1.62036e-05 4.56298e-21 4.56298e-21
43 4.67985e-05 1.32988e-21 1.32988e-21
44 -9.86368e-05 3.80638e-22 3.80638e-22
45 -5.77275e-06 1.06997e-22 1.06997e-22
46 4.18514e-05 2.95398e-23 2.95398e-23
47 0.000132629 8.01024e-24 8.01024e-24
48 5.96732e-05 2.13356e-24 2.13356e-24
49 3.49968e-05 5.58221e-25 5.58221e-25
50 -0.000102451 1.43474e-25 1.43474e-25
51 4.20898e-05 3.62266e-26 3.62266e-26
52 -9.44772e-07 8.9865e-27 8.9865e-27
53 -5.66751e-05 2.19021e-27 2.19021e-27
54 -5.05749e-06 5.24491e-28 5.24491e-28
55 -0.000173679 1.23415e-28 1.23415e-28
56 9.3767e-05 2.85365e-29 2.85365e-29
57 -1.60042e-06 6.48426e-30 6.48426e-30
58 -3.28333e-05 1.44801e-30 1.44801e-30
59 9.633e-05 3.17801e-31 3.17801e-31
60 0.000105688 6.85552e-32 6.85552e-32
61 -0.000206998 1.45362e-32 1.45362e-32
62 3.33279e-05 3.02978e-33 3.02978e-33
63 5.53816e-05 6.20795e-34 6.20795e-34
64 -8.89808e-05 1.25051e-34 1.25051e-34
65 -9.47625e-05 2.47659e-35 2.47659e-35
66 -2.43098e-05 4.82254e-36 4.82254e-36
67 -4.60059e-05 9.23376e-37 9.23376e-37
68 -0.000169805 1.73856e-37 1.73856e-37
69 -4.81907e-06 3.21912e-38 3.21912e-38
70 -9.82586e-06 5.86203e-39 5.86203e-39
71 -0.000107399 1.0499e-39 1.0499e-39
72 -0.000118843 1.84957e-40 1.84957e-40
73 -2.71708e-05 3.20505e-41 3.20505e-41
74 1.87248e-05 5.46366e-42 5.46366e-42
75 0.000247368 9.16449e-43 9.16449e-43
76 6.63489e-05 1.5134e-43 1.5134e-43
77 -3.03895e-05 2.52234e-44 2.52234e-44
78 4.62621e-05 4.2039e-45 4.2039e-45
79 -0.000190011 0 0
80 6.98265e-06 0 0
81 5.11497e-05 0 0
82 2.79635e-05 0 0
83 -2.36541e-05 0 0
84 -0.000103405 0 0
85 9.0608e-05 0 0
86 8.04156e-05 0 0
87 -1.50711e-05 0 0
88 9.36683e-06 0 0
89 4.00036e-05 0 0
90 -0.000167361 0 0
91 3.13013e-05 0 0
92 -0.000173441 0 0
93 3.38643e-05 0 0
94 -6.70463e-05 0 0
95 -6.68675e-05 0 0
96 -5.83235e-06 0 0
97 2.49236e-05 0 0
98 8.69125e-05 0 0
99 -0.000103465 0 0
100 -8.25563e-07 0 0
101 -9.80407e-05 0 0
102 -2.127e-05 0 0
103 3.28716e-06 0 0
104 0.000185439 0 0
105 -6.46621e-05 0 0
106 2.14666e-05 0 0
107 -0.000106862 0 0
108 -5.57214e-05 0 0
109 -3.08663e-05 0 0
110 5.99712e-05 0 0
111 -0.000106087 0 0
112 0.000176558 0 0
113 4.51296e-05 0 0
114 -4.08799e-05 0 0
115 1.18106e-05 0 0
116 -6.15031e-05 0 0
117 9.84162e-05 0 0
118 0.000216612 0 0
119 -6.93709e-05 0 0
120 0.000148067 0 0
121 -8.00997e-05 0 0
122 -6.84563e-06 0 0
123 -2.60383e-05 0 0
124 1.50889e-05 0 0
125 5.19842e-05 0 0
126 4.50104e-05 0 0
127 -2.81245e-05 0 0
128 0.00013406 0 0
129 -0.000145724 0 0
130 -1.13756e-05 0 0
131 6.24746e-05 0 0
132 -5.38141e-05 0 0
133 7.34418e-05 0 0
134 -5.69731e-05 0 0
135 5.09709e-05 0 0
136 -2.19852e-05 0 0
137 -6.71655e-05 0 0
138 -6.49602e-05 0 0
139 6.73025e-05 0 0
140 1.09762e-05 0 0
141 2.11686e-05 0 0
142 2.33348e-06 0 0
143 5.8183e-05 0 0
144 -4.04421e-06 0 0
145 7.83294e-05 0 0
146 6.5872e-05 0 0
147 -4.45158e-05 0 0
148 6.49184e-05 0 0
149 -9.88752e-05 0 0
150 1.52677e-05 0 0
151 2.54005e-05 0 0
152 0.000211486 0 0
153 -2.03759e-05 0 0
154 0.000162372 0 0
155 2.18242e-05 0 0
156 -3.74619e-06 0 0
157 3.24934e-05 0 0
158 0.000103363 0 0
159 5.43087e-05 0 0
160 2.44468e-05 0 0
161 7.16537e-05 0 0
162 -1.92434e-05 0 0
163 4.90635e-05 0 0
164 -5.67347e-05 0 0
165 -6.49006e-05 0 0
166 -6.29932e-05 0 0
167 6.73025e-05 0 0
168 -3.86745e-05 0 0
169 -9.41068e-05 0 0
170 -5.64963e-05 0 0
171 7.67201e-05 0 0
172 0.000160882 0 0
173 -4.61847e-05 0 0
174 3.58518e-06 0 0
175 1.47312e-05 0 0
176 3.66658e-05 0 0
177 2.19434e-05 0 0
178 -7.00266e-05 0 0
179 0.000124285 0 0
180 2.99304e-05 0 0
181 8.69125e-05 0 0
182 1.22279e-05 0 0
183 3.01092e-05 0 0
184 -3.50982e-05 0 0
185 1.31219e-05 0 0
186 8.53237e-06 0 0
187 -0.000172845 0 0
188 -4.87868e-06 0 0
189 9.0608e-05 0 0
190 2.4268e-05 0 0
191 -8.20071e-05 0 0
192 0.000196287 0 0
193 0.000116655 0 0
194 -3.03093e-06 0 0
195 9.96083e-05 0 0
196 9.13828e-05 0 0
197 6.46203e-05 0 0
198 6.45607e-05 0 0
199 4.86463e-05 0 0
200 4.2507e-05 0 0
201 -2.23428e-05 0 0
202 2.54005e-05 0 0
203 -5.99534e-05 0 0
204 4.10765e-05 0 0
205 7.72565e-05 0 0
206 -4.74364e-05 0 0
207 -4.5529e-05 0 0
208 6.36071e-05 0 0
209 0.000133225 0 0
210 3.2255e-05 0 0
211 -5.47082e-05 0 0
212 -0.000136605 0 0
213 9.74029e-05 0 0
214 3.73214e-05 0 0
215 -6.96689e-05 0 0
216 5.62757e-05 0 0
217 -0.00011014 0 0
218 -0.000114015 0 0
219 -5.4589e-05 0 0
220 3.10834e-06 0 0
221 8.74489e-05 0 0
222 4.69178e-05 0 0
223 -8.01593e-05 0 0
224 -0.00019758 0 0
225 6.93887e-05 0 0
226 -3.80785e-05 0 0
227 -6.01322e-05 0 0
228 -3.25948e-05 0 0
229 -2.77073e-05 0 0
230 4.46528e-05 0 0
231 -2.53827e-05 0 0
232 2.23606e-05 0 0
233 -3.70652e-05 0 0
234 5.37127e-05 0 0
235 3.04669e-05 0 0
236 -4.33833e-05 0 0
237 8.98331e-05 0 0
238 -2.27601e-05 0 0
239 -4.46946e-05 0 0
240 -5.14299e-05 0 0
241 -4.0105e-05 0 0
242 7.82102e-05 0 0
243 0.000110099 0 0
244 4.16725e-05 0 0
245 -4.76748e-05 0 0
246 4.53084e-05 0 0
247 -8.47489e-05 0 0
248 -6.01322e-05 0 0
249 -0.000104478 0 0
250 -3.53367e-05 0 0
251 0.000157544 0 0
252 -4.61251e-05 0 0
253 5.14477e-05 0 0
254 4.31627e-05 0 0
255 -8.36164e-05 0 0
256 -9.13054e-05 0 0
257 7.64221e-05 0 0
258 8.65548e-05 0 0
259 6.02692e-05 0 0
260 -5.68539e-05 0 0
261 6.28322e-05 0 0
262 5.83022e-05 0 0
263 2.07513e-05 0 0
264 -1.90646e-05 0 0
265 -4.11183e-05 0 0
266 0.000119397 0 0
267 -0.00015693 0 0
268 -3.02703e-05 0 0
269 6.80178e-05 0 0
270 9.75817e-05 0 0
271 2.54601e-05 0 0
272 -1.76341e-05 0 0
273 9.42644e-06 0 0
274 3.36855e-05 0 0
275 -0.000125876 0 0
276 -1.48923e-05 0 0
277 1.78903e-05 0 0
278 -1.94222e-05 0 0
279 1.47909e-05 0 0
280 4.58449e-05 0 0
281 4.32819e-05 0 0
282 9.60525e-06 0 0
283 -0.000126293 0 0
284 7.86274e-05 0 0
285 3.33279e-05 0 0
286 -5.66751e-05 0 0
287 5.21034e-05 0 0
288 -3.8654e-06 0 0
289 -1.06007e-05 0 0
290 0.000129589 0 0
291 -4.91053e-05 0 0
292 -2.65748e-05 0 0
293 -6.7702e-05 0 0
294 -5.23631e-06 0 0
295 0.000141689 0 0
296 -5.87144e-07 0 0
297 2.73078e-05 0 0
298 0.000115582 0 0
299 -8.09733e-06 0 0
300 0.000134179 0 0
301 0.00010843 0 0
302 -0.000153235 0 0
303 6.4462e-06 0 0
304 -0.000172129 0 0
305 0.000101992 0 0
306 -2.729e-05 0 0
307 8.88999e-06 0 0
308 0.000129113 0 0
309 -8.93385e-05 0 0
310 3.79175e-05 0 0
311 5.19451e-06 0 0
312 2.81423e-05 0 0
313 4.26262e-05 0 0
314 4.96e-05 0 0
315 -4.63635e-05 0 0
316 9.03099e-05 0 0
317 -6.86557e-05 0 0
318 9.74625e-05 0 0
319 0.000162789 0 0
320 -4.36217e-05 0 0
321 -1.07199e-05 0 0
322 0.000136563 0 0
323 2.27183e-05 0 0
324 8.00579e-05 0 0
325 7.75545e-05 0 0
326 3.18378e-05 0 0
327 -1.96606e-05 0 0
328 -4.62443e-05 0 0
329 -0.00011324 0 0
330 0.000166544 0 0
331 -2.71112e-05 0 0
332 -6.13839e-05 0 0
333 0.000103006 0 0
334 -5.2026e-05 0 0
335 7.19517e-05 0 0
336 -2.25607e-06 0 0
337 -5.77275e-06 0 0
338 5.07921e-05 0 0
339 0.00015361 0 0
340 -4.60059e-05 0 0
341 4.14937e-05 0 0
342 4.00036e-05 0 0
343 -2.09719e-05 0 0
344 5.29974e-05 0 0
345 4.19706e-05 0 0
346 2.56985e-05 0 0
347 -3.15014e-06 0 0
348 1.73539e-05 0 0
349 -1.47134e-05 0 0
350 3.18974e-05 0 0
351 -3.14624e-05 0 0
352 6.14017e-05 0 0
353 -5.26816e-05 0 0
354 1.94996e-05 0 0
355 6.80383e-06 0 0
356 -6.2576e-05 0 0
357 -4.11779e-05 0 0
358 -2.37137e-05 0 0
359 9.27537e-05 0 0
360 -3.74619e-06 0 0
361 8.33958e-05 0 0
362 2.4864e-05 0 0
363 -9.3928e-05 0 0
364 3.02285e-05 0 0
365 0.00013102 0 0
366 -6.31124e-05 0 0
367 -1.95414e-05 0 0
368 -7.0265e-05 0 0
369 -5.67943e-05 0 0
370 -1.50115e-05 0 0
371 6.51568e-05 0 0
372 8.76873e-05 0 0
373 -4.45158e-05 0 0
374 -1.4475e-05 0 0
375 -3.59327e-05 0 0
376 0.000167915 0 0
377 6.10441e-05 0 0
378 0.000107834 0 0
379 -4.48734e-05 0 0
380 3.2255e-05 0 0
381 -0.000133744 0 0
382 0.000116536 0 0
383 -3.06875e-05 0 0
384 7.35014e-05 0 0
385 -8.67755e-05 0 0
386 -6.18607e-05 0 0
387 5.35935e-05 0 0
388 -5.77275e-06 0 0
389 7.81711e-06 0 0
390 6.62893e-05 0 0
391 6.3866e-06 0 0
392 4.29839e-05 0 0
393 -2.19256e-05 0 0
394 0.000131974 0 0
395 7.66009e-05 0 0
396 -4.48734e-05 0 0
397 -1.3581e-05 0 0
398 3.97056e-05 0 0
399 -0.000192395 0 0
400 -1.34617e-05 0 0
401 0.000136444 0 0
402 4.08381e-05 0 0
403 0.000127384 0 0
404 9.78406e-06 0 0
405 7.5826e-05 0 0
406 0.000120887 0 0
407 -6.40065e-05 0 0
408 -8.29012e-05 0 0
409 -3.36677e-05 0 0
410 0.000135967 0 0
411 0.000146398 0 0
412 6.74423e-06 0 0
413 -0.000133267 0 0
414 8.28594e-05 0 0
415 -1.02431e-05 0 0
416 -2.3833e-05 0 0
417 -9.09478e-05 0 0
418 0.000141332 0 0
419 -1.18319e-06 0 0
420 -6.15031e-05 0 0
421 -2.97934e-05 0 0
422 1.09166e-05 0 0
423 4.54276e-05 0 0
424 6.48588e-05 0 0
425 -2.29517e-07 0 0
426 0.00011141 0 0
427 -4.79728e-05 0 0
428 1.66386e-05 0 0
429 0.000106105 0 0
430 -1.96606e-05 0 0
431 -5.53042e-05 0 0
432 6.71833e-05 0 0
433 1.09762e-05 0 0
434 -3.74228e-05 0 0
435 0.000102827 0 0
436 -5.95957e-05 0 0
437 -0.000212303 0 0
438 -0.000164679 0 0
439 2.92152e-05 0 0
440 2.56985e-05 0 0
441 0.000130483 0 0
442 0.000168154 0 0
443 4.20898e-05 0 0
444 4.89648e-06 0 0
445 -6.54761e-06 0 0
446 5.22226e-05 0 0
447 -5.10723e-05 0 0
448 -0.000100306 0 0
449 1.54465e-05 0 0
450 3.44604e-05 0 0
451 -3.76016e-05 0 0
452 -5.02974e-05 0 0
453 2.55197e-05 0 0
454 5.1349e-06 0 0
455 8.3515e-05 0 0
456 -9.76626e-06 0 0
457 3.50564e-05 0 0
458 0.000142345 0 0
459 0.000142822 0 0
460 -4.55887e-05 0 0
461 -6.20395e-05 0 0
462 -6.54761e-06 0 0
463 5.37723e-05 0 0
464 -6.75232e-05 0 0
465 5.562e-05 0 0
466 -5.19663e-05 0 0
467 5.61174e-06 0 0
468 -5.18471e-05 0 0
469 7.94023e-05 0 0
470 -5.01782e-05 0 0
471 3.98844e-05 0 0
472 -0.000116101 0 0
473 5.0494e-05 0 0
474 6.52164e-05 0 0
475 9.90122e-05 0 0
476 6.32699e-06 0 0
477 -6.16819e-05 0 0
478 4.89648e-06 0 0
479 5.15073e-05 0 0
480 -0.000110379 0 0
481 -7.3424e-05 0 0
482 1.1155e-05 0 0
483 -4.20124e-05 0 0
484 -0.000103346 0 0
485 4.14341e-05 0 0
486 2.6831e-05 0 0
487 -7.253e-05 0 0
488 0.000111172 0 0
489 0.000119695 0 0
490 9.56147e-05 0 0
491 0.000155875 0 0
492 -6.24959e-06 0 0
493 0.000100383 0 0
494 -7.65958e-07 0 0
495 5.43683e-05 0 0
496 1.52677e-05 0 0
497 4.41759e-05 0 0
498 6.39051e-05 0 0
499 4.4772e-05 0 0
500 5.77658e-05 0 0
501 7.00444e-05 0 0
502 -1.95805e-06 0 0
503 5.88983e-05 0 0
504 -8.21654e-06 0 0
505 5.97328e-05 0 0
506 -2.13296e-05 0 0
507 -9.88547e-06 0 0
508 1.37981e-06 0 0
509 3.33279e-05 0 0
510 -0.000124982 0 0
511 -0.000100246 0 0
512 3.09437e-05 0 0
513 -3.89129e-05 0 0
514 -1.51307e-05 0 0
515 -0.000104895 0 0
516 -6.59138e-05 0 0
517 4.17322e-05 0 0
518 -7.65958e-07 0 0
519 0.000165114 0 0
520 -3.67076e-05 0 0
521 5.68121e-05 0 0
522 -7.20531e-05 0 0
523 9.02972e-07 0 0
524 5.95539e-05 0 0
525 -5.16683e-05 0 0
526 0.000105867 0 0
527 4.2507e-05 0 0
528 1.9142e-05 0 0
529 -6.78603e-06 0 0
530 -0.000113359 0 0
531 2.76059e-05 0 0
532 -5.57214e-05 0 0
533 -4.75947e-06 0 0
534 -1.45346e-05 0 0
535 -1.88858e-05 0 0
536 -6.70463e-05 0 0
537 8.42899e-05 0 0
538 2.66522e-05 0 0
539 3.92884e-05 0 0
540 -0.000166944 0 0
541 1.59829e-05 0 0
542 8.9496e-06 0 0
543 -4.36813e-05 0 0
544 1.07377e-05 0 0
545 -6.29932e-05 0 0
546 0.00012643 0 0
547 6.92099e-05 0 0
548 -2.83033e-05 0 0
549 0.000103006 0 0
550 -3.03299e-05 0 0
551 -1.20908e-05 0 0
552 6.47395e-05 0 0
553 -5.86421e-05 0 0
554 -5.22644e-05 0 0
555 -2.6694e-05 0 0
556 -6.32912e-05 0 0
557 5.77062e-05 0 0
558 1.49101e-05 0 0
559 4.48316e-05 0 0
560 4.24083e-06 0 0
561 4.74542e-05 0 0
562 -4.57675e-05 0 0
563 0.000139365 0 0
564 6.27726e-05 0 0
565 9.16808e-05 0 0
566 5.52624e-05 0 0
567 -3.4085e-05 0 0
568 4.72158e-05 0 0
569 -8.5345e-05 0 0
570 0.000189254 0 0
571 -1.97202e-05 0 0
572 -0.00021582 0 0
573 -1.97202e-05 0 0
574 6.3866e-06 0 0
575 -0.000177911 0 0
576 0.000182757 0 0
577 -2.22832e-05 0 0
578 -3.12239e-05 0 0
579 -6.8298e-05 0 0
580 -0.000103942 0 0
581 -4.87868e-06 0 0
582 2.50429e-05 0 0
583 -0.000201812 0 0
584 8.77078e-06 0 0
585 5.53816e-05 0 0
586 0.000103065 0 0
587 4.09573e-05 0 0
588 8.05348e-05 0 0
589 0.000163266 0 0
590 2.31355e-05 0 0
591 -3.48002e-05 0 0
592 5.43292e-06 0 0
593 3.94281e-06 0 0
594 -3.12835e-05 0 0
595 -5.87613e-05 0 0
596 0.000160107 0 0
597 2.02149e-05 0 0
598 -0.000154963 0 0
599 2.09506e-06 0 0
600 0.000110695 0 0
601 -4.26084e-05 0 0
602 5.44875e-05 0 0
603 8.02964e-05 0 0
604 0.000110397 0 0
605 -2.4727e-05 0 0
606 8.46475e-05 0 0
607 -5.59599e-05 0 0
608 -3.06875e-05 0 0
609 6.20779e-06 0 0
610 -3.42042e-05 0 0
611 -4.86881e-05 0 0
612 4.78118e-05 0 0
613 -6.39469e-05 0 0
614 3.02285e-05 0 0
615 -2.45482e-05 0 0
616 -3.29525e-05 0 0
617 -0.000130525 0 0
618 -6.84563e-06 0 0
619 -1.1614e-05 0 0
620 -2.18064e-05 0 0
621 -3.4383e-05 0 0
622 -8.85636e-05 0 0
623 2.75072e-06 0 0
624 0.000149021 0 0
625 0.000210354 0 0
626 -2.74092e-05 0 0
627 -4.81517e-05 0 0
628 -0.000100604 0 0
629 7.61836e-05 0 0
630 -0.000171831 0 0
631 2.86992e-06 0 0
632 2.65926e-05 0 0
633 -0.000115922 0 0
634 4.05401e-05 0 0
635 -2.28197e-05 0 0
636 4.59641e-05 0 0
637 -8.19475e-05 0 0
638 2.02149e-05 0 0
639 7.44551e-05 0 0
640 1.944e-05 0 0
641 6.69449e-05 0 0
642 4.64409e-05 0 0
643 -7.92057e-05 0 0
644 9.47803e-05 0 0
645 -2.54423e-05 0 0
646 8.8343e-05 0 0
647 -4.1774e-05 0 0
648 7.28458e-05 0 0
649 -9.26763e-05 0 0
650 -6.37681e-05 0 0
651 -7.90865e-05 0 0
652 -2.29389e-05 0 0
653 2.98708e-05 0 0
654 7.07596e-05 0 0
655 8.42303e-05 0 0
656 -2.97338e-05 0 0
657 -0.000118843 0 0
658 5.87195e-05 0 0
659 -6.54761e-06 0 0
660 -1.54082e-06 0 0
661 4.56065e-05 0 0
662 4.18123e-06 0 0
663 9.68664e-05 0 0
664 0.000157961 0 0
665 9.78406e-06 0 0
666 1.16318e-05 0 0
667 2.80827e-05 0 0
668 1.83075e-05 0 0
669 -9.47029e-05 0 0
670 7.24158e-07 0 0
671 -0.000145248 0 0
672 -1.70976e-05 0 0
673 -2.7588e-05 0 0
674 4.38183e-05 0 0
675 9.24557e-05 0 0
676 -0.000188699 0 0
677 -5.17279e-05 0 0
678 8.73893e-05 0 0
679 -1.69188e-05 0 0
680 -7.65958e-07 0 0
681 9.0608e-05 0 0
682 -0.000110021 0 0
683 0.000183949 0 0
684 -3.86149e-05 0 0
685 -3.53367e-05 0 0
686 -1.69188e-05 0 0
687 9.51975e-05 0 0
688 6.91503e-05 0 0
689 7.07596e-05 0 0
690 7.48723e-05 0 0
691 0.000199446 0 0
692 -2.78265e-05 0 0
693 3.80963e-05 0 0
694 1.65194e-05 0 0
695 0.000125775 0 0
696 -8.61198e-05 0 0
697 -0.00011479 0 0
698 -0.00010573 0 0
699 -8.45496e-06 0 0
700 -4.93828e-06 0 0
701 2.60561e-05 0 0
702 -1.49519e-05 0 0
703 0.000120828 0 0
704 3.58909e-05 0 0
705 -4.73768e-05 0 0
706 0.000106522 0 0
707 -5.30392e-05 0 0
708 1.44928e-05 0 0
709 -7.87288e-05 0 0
710 2.00361e-05 0 0
711 -1.13756e-05 0 0
712 -7.46161e-05 0 0
713 -3.49194e-05 0 0
714 -6.77616e-05 0 0
715 5.28782e-05 0 0
716 9.84367e-06 0 0
717 5.37723e-05 0 0
718 8.54224e-05 0 0
719 5.87195e-05 0 0
720 -2.27601e-05 0 0
721 4.54276e-05 0 0
722 1.25259e-05 0 0
723 4.53886e-06 0 0
724 -9.34903e-06 0 0
725 -3.50777e-06 0 0
726 -3.50386e-05 0 0
727 -2.57403e-05 0 0
728 -6.41853e-05 0 0
729 -2.73496e-05 0 0
730 -3.88533e-05 0 0
731 -2.14488e-05 0 0
732 -8.15693e-06 0 0
733 4.84675e-05 0 0
734 0.000243673 0 0
735 4.79906e-05 0 0
736 -1.66003e-06 0 0
737 -2.88397e-05 0 0
738 0.000134417 0 0
739 8.90199e-09 0 0
740 0.000152478 0 0
741 3.8236e-06 0 0
742 -2.4429e-05 0 0
743 -9.73851e-05 0 0
744 2.01553e-05 0 0
745 -1.42161e-06 0 0
746 -8.5643e-05 0 0
747 -8.12322e-05 0 0
748 -6.41257e-05 0 0
749 3.94281e-06 0 0
750 -6.89537e-05 0 0
751 0.000145146 0 0
752 5.1349e-06 0 0
753 -0.00012075 0 0
754 1.04993e-05 0 0
755 3.16795e-06 0 0
756 7.73757e-05 0 0
757 -4.92245e-05 0 0
758 3.13609e-05 0 0
759 4.93615e-05 0 0
760 0.000139305 0 0
761 0.000212917 0 0
762 -7.90865e-05 0 0
763 -5.2754e-07 0 0
764 3.95268e-05 0 0
765 3.06925e-07 0 0
766 4.57257e-05 0 0
767 0.000104853 0 0
768 9.96679e-05 0 0
769 1.83671e-05 0 0
770 -2.62171e-05 0 0
771 -6.7404e-05 0 0
772 1.41948e-05 0 0
773 -8.32588e-05 0 0
774 -8.69338e-06 0 0
775 -4.42177e-05 0 0
776 -0.000118545 0 0
777 0.000168332 0 0
778 -2.41906e-05 0 0
779 4.1911e-05 0 0
780 2.03546e-06 0 0
781 1.1751e-05 0 0
782 -0.000118843 0 0
783 7.52896e-05 0 0
784 9.08464e-05 0 0
785 -3.84957e-05 0 0
786 -5.48274e-05 0 0
787 -2.83629e-05 0 0
788 1.02218e-06 0 0
789 -0.000122598 0 0
790 6.90907e-05 0 0
791 1.32411e-05 0 0
792 -0.000125757 0 0
793 -4.16342e-06 0 0
794 -2.60979e-05 0 0
795 8.17269e-05 0 0
796 0.000113556 0 0
797 6.87331e-05 0 0
798 -2.96742e-05 0 0
799 -4.2966e-05 0 0
800 -3.36677e-05 0 0
801 3.72022e-05 0 0
802 7.42167e-05 0 0
803 7.79718e-05 0 0
804 2.32547e-05 0 0
805 -7.90865e-05 0 0
806 -7.14366e-06 0 0
807 -0.000188461 0 0
808 -8.67755e-05 0 0
809 -3.925e-06 0 0
810 -9.46433e-05 0 0
811 -2.29517e-07 0 0
812 3.07649e-05 0 0
813 7.94619e-05 0 0
814 4.72754e-05 0 0
815 0.000101277 0 0
816 0.00012798 0 0
817 2.98112e-05 0 0
818 -0.00011169 0 0
819 -1.62632e-05 0 0
820 -6.20991e-05 0 0
821 0.000118801 0 0
822 -3.59327e-05 0 0
823 0.000125477 0 0
824 8.48859e-05 0 0
825 0.000149378 0 0
826 2.73674e-05 0 0
827 7.86274e-05 0 0
828 -6.35297e-05 0 0
829 -3.46214e-05 0 0
830 -7.06226e-05 0 0
831 0.000141451 0 0
832 5.90175e-05 0 0
833 -1.03027e-05 0 0
834 7.49319e-05 0 0
835 2.12282e-05 0 0
836 0.000114927 0 0
837 6.20573e-05 0 0
838 -2.35349e-05 0 0
839 -9.23783e-05 0 0
840 1.86652e-05 0 0
841 -0.00011771 0 0
842 -2.80649e-05 0 0
843 2.60561e-05 0 0
844 -4.03434e-05 0 0
845 -3.925e-06 0 0
846 -7.21723e-05 0 0
847 -6.99073e-05 0 0
848 6.7541e-05 0 0
849 -0.000112346 0 0
850 6.77198e-05 0 0
851 8.95351e-05 0 0
852 0.000120053 0 0
853 0.000129589 0 0
854 -8.93179e-06 0 0
855 0.000217327 0 0
856 -8.97557e-05 0 0
857 0.000142762 0 0
858 -2.44886e-05 0 0
859 5.72294e-05 0 0
860 3.65465e-05 0 0
861 -3.71844e-05 0 0
862 1.19298e-05 0 0
863 -3.11643e-05 0 0
864 3.89903e-05 0 0
865 3.35663e-05 0 0
866 -9.8756e-05 0 0
867 -1.20908e-05 0 0
868 0.000106761 0 0
869 -2.59191e-05 0 0
870 -4.27872e-05 0 0
871 5.22226e-05 0 0
872 -1.63228e-05 0 0
873 -3.44426e-05 0 0
874 2.84999e-05 0 0
875 -5.79864e-05 0 0
876 -1.43558e-05 0 0
877 1.2606e-06 0 0
878 9.36478e-05 0 0
879 0.000147173 0 0
880 -3.37273e-05 0 0
881 -3.04491e-05 0 0
882 3.75002e-05 0 0
883 2.67714e-05 0 0
884 1.2049e-05 0 0
885 0.000124463 0 0
886 -1.85877e-05 0 0
887 -0.000126711 0 0
888 5.17457e-05 0 0
889 2.86787e-05 0 0
890 -7.97421e-05 0 0
891 5.9852e-05 0 0
892 5.3057e-05 0 0
893 0.000133762 0 0
894 -0.000143996 0 0
895 2.95728e-05 0 0
896 3.08245e-05 0 0
897 7.37994e-05 0 0
898 -2.22236e-05 0 0
899 -6.37681e-05 0 0
900 0.00012953 0 0
901 0.000107714 0 0
902 4.47124e-05 2.8026e-45 2.8026e-45
903 3.36855e-05 1.96182e-44 1.96182e-44
904 -1.23889e-05 1.1911e-43 1.1911e-43
905 5.67525e-05 7.21669e-43 7.21669e-43
906 8.98927e-05 4.3118e-42 4.3118e-42
907 -7.5391e-05 2.53523e-41 2.53523e-41
908 6.85066e-08 1.46619e-40 1.46619e-40
909 7.34027e-06 8.34107e-40 8.34107e-40
910 1.8844e-05 4.66742e-39 4.66742e-39
911 0.000141332 2.56878e-38 2.56878e-38
912 4.63813e-05 1.39042e-37 1.39042e-37
913 -3.83765e-05 7.40118e-37 7.40118e-37
914 4.87655e-05 3.87409e-36 3.87409e-36
915 1.14139e-06 1.99399e-35 1.99399e-35
916 -9.85176e-05 1.0091e-34 1.0091e-34
917 4.80502e-05 5.02087e-34 5.02087e-34
918 0.000139424 2.456e-33 2.456e-33
919 0.000171611 1.18102e-32 1.18102e-32
920 -6.60927e-05 5.58264e-32 5.58264e-32
921 -4.75947e-06 2.59388e-31 2.59388e-31
922 0.000133702 1.18458e-30 1.18458e-30
923 8.23434e-06 5.31689e-30 5.31689e-30
924 0.000146756 2.34533e-29 2.34533e-29
925 3.75002e-05 1.01667e-28 1.01667e-28
926 6.08056e-05 4.33075e-28 4.33075e-28
927 5.74678e-05 1.8127e-27 1.8127e-27
928 -7.49737e-05 7.45503e-27 7.45503e-27
929 0.000129113 3.01236e-26 3.01236e-26
930 -8.25563e-07 1.19585e-25 1.19585e-25
931 0.00012041 4.66379e-25 4.66379e-25
932 0.000120649 1.78677e-24 1.78677e-24
933 3.36855e-05 6.72423e-24 6.72423e-24
934 -6.32912e-05 2.48566e-23 2.48566e-23
935 -8.68351e-05 9.0249e-23 9.0249e-23
936 9.06881e-06 3.2183e-22 3.2183e-22
937 -2.94954e-05 1.12712e-21 1.12712e-21
938 -2.65748e-05 3.87663e-21 3.87663e-21
939 0.000107059 1.30936e-20 1.30936e-20
940 6.92304e-06 4.34275e-20 4.34275e-20
941 7.20709e-05 1.41433e-19 1.41433e-19
942 7.70181e-05 4.52271e-19 4.52271e-19
943 7.13557e-05 1.42e-18 1.42e-18
944 1.87716e-07 4.37726e-18 4.37726e-18
945 0.000133225 1.32471e-17 1.32471e-17
946 -9.64705e-06 3.93575e-17 3.93575e-17
947 2.03341e-05 1.1479e-16 1.1479e-16
948 4.13149e-05 3.28648e-16 3.28648e-16
949 8.64952e-05 9.2362e-16 9.2362e-16
950 -8.68947e-05 2.54785e-15 2.54785e-15
951 2.05725e-05 6.8985e-15 6.8985e-15
952 -1.23293e-05 1.83325e-14 1.83325e-14
953 -2.37528e-06 4.78141e-14 4.78141e-14
954 -2.93762e-05 1.2239e-13 1.2239e-13
955 -8.33575e-06 3.07448e-13 3.07448e-13
956 -3.98461e-06 7.57915e-13 7.57915e-13
957 -7.79931e-06 1.83349e-12 1.83349e-12
958 -1.46538e-05 4.3524e-12 4.3524e-12
959 0.000113317 1.01382e-11 1.01382e-11
960 8.13692e-05 2.31716e-11 2.31716e-11
961 -9.67294e-05 5.19642e-11 5.19642e-11
962 -2.80649e-05 1.14338e-10 1.14338e-10
963 -1.37002e-05 2.46834e-10 2.46834e-10
964 1.03205e-05 5.22796e-10 5.22796e-10
965 -0.000114313 1.08633e-09 1.08633e-09
966 -0.000122419 2.21451e-09 2.21451e-09
967 -8.69338e-06 4.42867e-09 4.42867e-09
968 -2.50847e-05 8.68829e-09 8.68829e-09
969 0.000103781 1.67206e-08 1.67206e-08
970 7.40975e-05 3.15655e-08 3.15655e-08
971 -8.8802e-05 5.84531e-08 5.84531e-08
972 -3.36677e-05 1.06176e-07 1.06176e-07
973 4.62025e-05 1.89174e-07 1.89174e-07
974 -6.69271e-05 3.30598e-07 3.30598e-07
975 5.37332e-06 5.66676e-07 5.66676e-07
976 -4.21316e-05 9.527e-07 9.527e-07
977 -1.51903e-05 1.57093e-06 1.57093e-06
978 -4.9463e-05 2.54054e-06 2.54054e-06
979 2.4864e-05 4.02957e-06 4.02957e-06
980 0.000129351 6.26826e-06 6.26826e-06
981 4.29839e-05 9.56273e-06 9.56273e-06
982 3.79175e-05 1.43073e-05 1.43073e-05
983 2.11089e-05 2.09927e-05 2.09927e-05
984 1.31815e-05 3.02069e-05 3.02069e-05
985 4.85271e-05 4.26252e-05 4.26252e-05
986 9.19789e-05 5.89851e-05 5.89851e-05
987 9.65088e-05 8.00442e-05 8.00442e-05
988 8.97735e-05 0.000106518 0.000106518
989 0.000209162 0.000139001 0.000139001
990 0.000212917 0.000177873 0.000177873
991 0.000289628 0.0002232 0.0002232
992 0.000397214 0.000274643 0.000274643
993 0.000287184 0.000331381 0.000331381
994 0.000478932 0.000392076 0.000392076
995 0.000414559 0.000454876 0.000454876
996 0.000535974 0.000517479 0.000517479
997 0.000617453 0.000577256 0.000577256
998 0.000556359 0.00063142 0.00063142
999 0.000528702 0.000677235 0.000677235
1000 0.000562915 0.00071225 0.00071225
1001 0.000683138 0.000734506 0.000734506
1002 0.000681111 0.000742725 0.000742725
1003 0.000744173 0.000736428 0.000736428
1004 0.000866243 0.000715983 0.000715983
1005 0.000867316 0.000682566 0.000682566
1006 0.00057579 0.000638055 0.000638055
1007 0.00069482 0.000584848 0.000584848
1008 0.000539312 0.000525657 0.000525657
1009 0.000493059 0.000463272 0.000463272
1010 0.000461945 0.000400357 0.000400357
1011 0.000310728 0.000339265 0.000339265
1012 0.000200042 0.000281911 0.000281911
1013 0.000321755 0.000229705 0.000229705
1014 0.000121543 0.000183535 0.000183535
1015 3.97652e-05 0.0001438 0.0001438
1016 5.67134e-06 0.000110483 0.000110483
1017 2.7427e-05 8.32401e-05 8.32401e-05
1018 -9.75639e-05 6.15e-05 6.15e-05
1019 -0.000183931 4.45582e-05 4.45582e-05
1020 -3.33697e-05 3.1659e-05 3.1659e-05
1021 0.000198135 2.2059e-05 2.2059e-05
1022 6.64553e-07 1.50731e-05 1.50731e-05
1023 3.30299e-05 1.01007e-05 1.01007e-05
