# 20181113_135414_B2020+28.Fp B2020+28 611 1024 2 1.10085
0 0.000103899 0 0 0
1 1.02304e-05 0 0 0
2 6.92986e-05 0 0 0
3 5.80333e-05 0 0 0
4 -1.37307e-05 0 0 0
5 -2.7708e-05 0 0 0
6 0.000162788 0 0 0
7 4.24765e-05 0 0 0
8 -3.20889e-05 0 0 0
9 -6.35602e-05 0 0 0
10 0.000143775 0 0 0
11 -1.14061e-05 0 0 0
12 5.66624e-05 0 0 0
13 -3.85262e-05 0 0 0
14 -8.54351e-05 0 0 0
15 6.11766e-06 0 0 0
16 -3.13141e-05 0 0 0
17 -1.19426e-05 0 0 0
18 -9.61797e-06 0 0 0
19 -3.55162e-05 0 0 0
20 -8.08157e-05 0 0 0
21 -3.09266e-05 0 0 0
22 2.96615e-05 0 0 0
23 -0.000106267 0 0 0
24 1.32702e-05 0 0 0
25 0.000100323 0 0 0
26 0.000106313 0 0 0
27 7.51994e-05 0 0 0
28 -0.000180773 0 0 0
29 -3.2685e-05 0 0 0
30 -5.14236e-08 0 0 0
31 6.77857e-08 0 0 0
32 -6.11462e-05 0 0 0
33 2.95861e-06 0 0 0
34 4.86754e-05 0 0 0
35 9.87731e-05 0 0 0
36 -0.000132582 0 0 0
37 1.38663e-05 0 0 0
38 -3.38175e-05 0 0 0
39 -8.21568e-05 0 0 0
40 -5.60202e-05 0 0 0
41 -5.58116e-05 0 0 0
42 0.000129022 0 0 0
43 5.79439e-05 0 0 0
44 4.71257e-05 0 0 0
45 2.01546e-05 0 0 0
46 4.03149e-06 0 0 0
47 3.55624e-05 0 0 0
48 5.04933e-05 0 0 0
49 9.17099e-05 0 0 0
50 -1.39691e-05 0 0 0
51 -3.52778e-05 0 0 0
52 4.88244e-05 0 0 0
53 -2.70225e-05 0 0 0
54 3.24033e-05 0 0 0
55 -5.65864e-05 0 0 0
56 0.000130423 0 0 0
57 -1.52208e-05 0 0 0
58 6.18778e-05 0 0 0
59 -0.000120542 0 0 0
60 4.55461e-05 0 0 0
61 1.47007e-05 1.4013e-45 0 1.4013e-45
62 9.04284e-05 5.60519e-45 0 5.60519e-45
63 -9.41672e-05 2.10195e-44 0 2.10195e-44
64 -5.14236e-08 7.9874e-44 0 7.9874e-44
65 -3.18505e-05 2.97075e-43 0 2.97075e-43
66 0.000104346 1.09722e-42 0 1.09722e-42
67 -6.57059e-05 4.02173e-42 0 4.02173e-42
68 3.94665e-05 1.46127e-41 0 1.46127e-41
69 4.86158e-05 5.26776e-41 0 5.26776e-41
70 1.35086e-05 1.88379e-40 0 1.88379e-40
71 6.3403e-07 6.68225e-40 0 6.68225e-40
72 3.1241e-05 2.35111e-39 0 2.35111e-39
73 -9.52856e-06 8.20477e-39 0 8.20477e-39
74 1.21377e-05 2.83974e-38 0 2.83974e-38
75 1.76652e-06 9.74749e-38 0 9.74749e-38
76 3.65809e-07 3.31807e-37 0 3.31807e-37
77 -6.37986e-05 1.12006e-36 0 1.12006e-36
78 -1.36273e-06 3.74916e-36 0 3.74916e-36
79 -5.04173e-05 1.24436e-35 0 1.24436e-35
80 8.68521e-05 4.09508e-35 0 4.09508e-35
81 2.09294e-05 1.33616e-34 0 1.33616e-34
82 -4.46217e-06 4.32233e-34 0 4.32233e-34
83 -7.24413e-05 1.38618e-33 0 1.38618e-33
84 3.01822e-06 4.40701e-33 0 4.40701e-33
85 4.32952e-06 1.38891e-32 0 1.38891e-32
86 -2.79166e-05 4.339e-32 0 4.339e-32
87 2.23599e-05 1.34361e-31 0 1.34361e-31
88 3.65809e-07 4.12387e-31 0 4.12387e-31
89 3.83042e-05 1.25449e-30 0 1.25449e-30
90 8.14579e-05 3.78219e-30 0 3.78219e-30
91 -7.71062e-06 1.13009e-29 0 1.13009e-29
92 -5.3636e-05 3.34626e-29 0 3.34626e-29
93 -4.46357e-05 9.81895e-29 0 9.81895e-29
94 -1.33731e-05 2.85504e-28 0 2.85504e-28
95 3.0794e-05 8.22586e-28 0 8.22586e-28
96 7.77028e-05 2.34832e-27 0 2.34832e-27
97 0.000150719 6.64238e-27 0 6.64238e-27
98 -4.07474e-06 1.86149e-26 0 1.86149e-26
99 -2.27012e-05 5.16838e-26 0 5.16838e-26
100 -4.67219e-05 1.42163e-25 0 1.42163e-25
101 5.15066e-05 3.87383e-25 0 3.87383e-25
102 1.3002e-05 1.04568e-24 0 1.04568e-24
103 5.84207e-05 2.79608e-24 0 2.79608e-24
104 5.06721e-05 7.40582e-24 0 7.40582e-24
105 8.48554e-05 1.94291e-23 0 1.94291e-23
106 4.10162e-05 5.04865e-23 0 5.04865e-23
107 -7.1428e-05 1.29934e-22 0 1.29934e-22
108 -3.14333e-05 3.31194e-22 0 3.31194e-22
109 -5.41128e-05 8.3606e-22 0 8.3606e-22
110 2.5817e-05 2.09012e-21 0 2.09012e-21
111 -1.11677e-05 5.17454e-21 0 5.17454e-21
112 2.84992e-05 1.26859e-20 0 1.26859e-20
113 -1.7903e-05 3.0797e-20 0 3.0797e-20
114 -2.82742e-05 7.40313e-20 0 7.40313e-20
115 -1.25982e-05 1.7621e-19 0 1.7621e-19
116 0.000101962 4.15276e-19 0 4.15276e-19
117 -0.000127099 9.68997e-19 0 9.68997e-19
118 0.000163683 2.23858e-18 0 2.23858e-18
119 9.23358e-05 5.12006e-18 0 5.12006e-18
120 2.90952e-05 1.15935e-17 0 1.15935e-17
121 4.60528e-05 2.59883e-17 0 2.59883e-17
122 -3.50849e-06 5.76704e-17 0 5.76704e-17
123 2.39692e-05 1.26685e-16 0 1.26685e-16
124 -9.59553e-05 2.75476e-16 0 2.75476e-16
125 -0.000110022 5.92945e-16 0 5.92945e-16
126 -2.4996e-05 1.2633e-15 0 1.2633e-15
127 7.78659e-06 2.66405e-15 0 2.66405e-15
128 8.08619e-05 5.56054e-15 0 5.56054e-15
129 -5.23545e-05 1.14872e-14 0 1.14872e-14
130 -2.2284e-05 2.34867e-14 0 2.34867e-14
131 9.58524e-05 4.75259e-14 0 4.75259e-14
132 1.5579e-06 9.51759e-14 0 9.51759e-14
133 2.99893e-05 1.88625e-13 0 1.88625e-13
134 -7.32319e-06 3.69947e-13 0 3.69947e-13
135 6.77331e-06 7.18015e-13 0 7.18015e-13
136 -1.33731e-05 1.37902e-12 0 1.37902e-12
137 4.44873e-06 2.62085e-12 0 2.62085e-12
138 -8.74616e-05 4.92874e-12 0 4.92874e-12
139 -4.6543e-05 9.17153e-12 0 9.17153e-12
140 8.39315e-05 1.68869e-11 0 1.68869e-11
141 -0.000171594 3.07646e-11 0 3.07646e-11
142 7.77028e-05 5.54541e-11 0 5.54541e-11
143 8.49746e-05 9.88985e-11 0 9.88985e-11
144 -0.00011637 1.74505e-10 0 1.74505e-10
145 8.80144e-05 3.04636e-10 0 3.04636e-10
146 -7.29339e-06 5.26139e-10 0 5.26139e-10
147 4.30427e-05 8.98989e-10 0 8.98989e-10
148 7.45876e-06 1.51962e-09 0 1.51962e-09
149 2.68601e-05 2.54118e-09 0 2.54118e-09
150 -3.65593e-05 4.20384e-09 0 4.20384e-09
151 -4.66325e-05 6.87953e-09 0 6.87953e-09
152 2.50719e-05 1.11369e-08 0 1.11369e-08
153 8.59125e-06 1.78344e-08 0 1.78344e-08
154 3.06152e-05 2.82507e-08 0 2.82507e-08
155 -2.41615e-05 4.4266e-08 0 4.4266e-08
156 4.55216e-07 6.86082e-08 0 6.86082e-08
157 5.62452e-05 1.05181e-07 0 1.05181e-07
158 -4.07018e-05 1.59496e-07 0 1.59496e-07
159 9.22464e-05 2.39223e-07 0 2.39223e-07
160 3.3059e-05 3.54889e-07 0 3.54889e-07
161 3.81254e-05 5.20729e-07 0 5.20729e-07
162 6.83151e-05 7.55708e-07 0 7.55708e-07
163 0.000104853 1.08471e-06 0 1.08471e-06
164 3.76783e-05 1.53987e-06 0 1.53987e-06
165 1.77704e-05 2.16202e-06 0 2.16202e-06
166 6.7272e-05 3.00218e-06 0 3.00218e-06
167 1.45517e-05 4.12295e-06 0 4.12295e-06
168 -7.80003e-06 5.59974e-06 0 5.59974e-06
169 7.9789e-05 7.52164e-06 0 7.52164e-06
170 3.9377e-05 9.99165e-06 0 9.99165e-06
171 -1.45213e-06 1.31261e-05 0 1.31261e-05
172 3.99135e-05 1.70532e-05 0 1.70532e-05
173 7.81797e-05 2.191e-05 0 2.191e-05
174 8.17261e-05 2.78381e-05 0 2.78381e-05
175 -2.91981e-05 3.49781e-05 0 3.49781e-05
176 8.10407e-05 4.34617e-05 0 4.34617e-05
177 2.60554e-05 5.34033e-05 9.80909e-45 5.34033e-05
178 1.23761e-05 6.48899e-05 7.52497e-43 6.48899e-05
179 9.30808e-05 7.79705e-05 5.09834e-41 7.79705e-05
180 6.36659e-05 9.26457e-05 3.12317e-39 9.26457e-05
181 7.2547e-05 0.000108858 1.73082e-37 0.000108858
182 0.000143238 0.000126482 8.67614e-36 0.000126482
183 6.87323e-05 0.000145322 3.93332e-34 0.000145322
184 0.000100233 0.000165106 1.61246e-32 0.000165106
185 2.37606e-05 0.000185493 5.97654e-31 0.000185493
186 0.000202008 0.000206071 2.00257e-29 0.000206071
187 0.000199535 0.000226377 6.06515e-28 0.000226377
188 0.000283011 0.000245907 1.66019e-26 0.000245907
189 0.000396617 0.000264139 4.1066e-25 0.000264139
190 0.000462391 0.000280554 9.17831e-24 0.000280554
191 0.000275441 0.000294659 1.85331e-22 0.000294659
192 0.000279792 0.000306015 3.38054e-21 0.000306015
193 0.000391044 0.000314257 5.56973e-20 0.000314257
194 0.000417896 0.000319114 8.28789e-19 0.000319114
195 0.000345536 0.000320424 1.11371e-17 0.000320424
196 0.000261822 0.000318143 1.35137e-16 0.000318143
197 0.000320026 0.000312348 1.48051e-15 0.000312348
198 0.000213303 0.00030323 1.46435e-14 0.00030323
199 0.000263491 0.000291089 1.30749e-13 0.000291089
200 0.000236162 0.000276312 1.05378e-12 0.000276312
201 0.000159808 0.000259354 7.6657e-12 0.000259354
202 0.000136384 0.000240718 5.03279e-11 0.000240718
203 0.000270494 0.000220927 2.98189e-10 0.000220926
204 0.000186362 0.0002005 1.5943e-09 0.000200498
205 0.000130572 0.000179936 7.69158e-09 0.000179928
206 0.000195422 0.000159701 3.34815e-08 0.000159667
207 0.000104525 0.000140239 1.31496e-07 0.000140107
208 0.000109651 0.000122039 4.65925e-07 0.000121574
209 0.000205942 0.000105805 1.48935e-06 0.000104316
210 0.00016854 9.28061e-05 4.29469e-06 8.85114e-05
211 0.000224569 8.54369e-05 1.11714e-05 7.42655e-05
212 0.000210085 8.78316e-05 2.62124e-05 6.16193e-05
213 4.92416e-05 0.000106035 5.54772e-05 5.05582e-05
214 0.000217982 0.000146928 0.000105906 4.10218e-05
215 0.000195273 0.000215268 0.000182353 3.29147e-05
216 0.00021086 0.000309311 0.000283194 2.61169e-05
217 0.000445225 0.00041716 0.000396666 2.04933e-05
218 0.000422188 0.000517012 0.000501109 1.59025e-05
219 0.000592866 0.000583157 0.000570953 1.22035e-05
220 0.000713088 0.000595977 0.000586716 9.2614e-06
221 0.000682273 0.00055072 0.000543769 6.95096e-06
222 0.000357636 0.000459687 0.000454528 5.15934e-06
223 0.000223675 0.000346452 0.000342665 3.78729e-06
224 0.000202604 0.000235745 0.000232995 2.74951e-06
225 0.000119277 0.000144863 0.000142889 1.97413e-06
226 0.000164934 8.04389e-05 7.90371e-05 1.40184e-06
227 0.00012038 4.04171e-05 3.94326e-05 9.84532e-07
228 8.5213e-05 1.84292e-05 1.77453e-05 6.83869e-07
229 9.67763e-05 7.67304e-06 7.20322e-06 4.69824e-07
230 1.80982e-05 2.9568e-06 2.63755e-06 3.19243e-07
231 0.000151523 1.08576e-06 8.7121e-07 2.14555e-07
232 1.84856e-05 4.02228e-07 2.59603e-07 1.42625e-07
233 2.98403e-05 1.63565e-07 6.97881e-08 9.37768e-08
234 -6.26065e-05 7.79146e-08 1.69262e-08 6.09883e-08
235 7.87459e-05 4.29374e-08 3.70398e-09 3.92334e-08
236 -0.000105075 2.56964e-08 7.31361e-10 2.4965e-08
237 3.14496e-05 1.58441e-08 1.30309e-10 1.57138e-08
238 7.12357e-05 9.80477e-09 2.09522e-11 9.78382e-09
239 1.32702e-05 6.02899e-09 3.04034e-12 6.02595e-09
240 1.40153e-05 3.67185e-09 3.98186e-13 3.67146e-09
241 5.3428e-06 2.21292e-09 4.7071e-14 2.21287e-09
242 4.17016e-05 1.31943e-09 5.02296e-15 1.31943e-09
243 2.98999e-05 7.78281e-10 4.83885e-16 7.7828e-10
244 -0.000188641 4.54168e-10 4.2086e-17 4.54168e-10
245 -1.53698e-05 2.62202e-10 3.30512e-18 2.62202e-10
246 -4.49039e-05 1.49762e-10 2.34386e-19 1.49762e-10
247 5.37418e-05 8.463e-11 1.50112e-20 8.463e-11
248 -2.41615e-05 4.73165e-11 8.68325e-22 4.73165e-11
249 2.48931e-05 2.61744e-11 4.53711e-23 2.61744e-11
250 -1.68897e-05 1.4326e-11 2.14168e-24 1.4326e-11
251 0.000170567 7.75837e-12 9.13395e-26 7.75837e-12
252 4.92416e-05 4.15738e-12 3.52e-27 4.15738e-12
253 -0.000147185 2.20437e-12 1.22591e-28 2.20437e-12
254 -2.13601e-05 1.15657e-12 3.8589e-30 1.15657e-12
255 2.44163e-05 6.00481e-13 1.09803e-31 6.00481e-13
256 8.78654e-05 3.08512e-13 2.82466e-33 3.08512e-13
257 -0.000118873 1.56856e-13 6.57023e-35 1.56856e-13
258 6.7137e-06 7.89226e-14 1.38204e-36 7.89226e-14
259 -5.94475e-05 3.92989e-14 2.62933e-38 3.92989e-14
260 -2.84828e-05 1.93665e-14 4.52506e-40 1.93665e-14
261 6.9984e-05 9.44549e-15 7.04573e-42 9.44549e-15
262 8.2799e-05 4.55945e-15 9.94922e-44 4.55945e-15
263 7.29941e-05 2.17835e-15 1.4013e-45 2.17835e-15
264 2.93635e-05 1.0301e-15 0 1.0301e-15
265 -2.41019e-05 4.82153e-16 0 4.82153e-16
266 -1.24194e-05 2.23384e-16 0 2.23384e-16
267 5.19379e-06 1.02446e-16 0 1.02446e-16
268 -4.77947e-05 4.65081e-17 0 4.65081e-17
269 0.000135937 2.09008e-17 0 2.09008e-17
270 -3.51288e-05 9.29846e-18 0 9.29846e-18
271 -4.94935e-05 4.09532e-18 0 4.09532e-18
272 -4.31456e-05 1.78569e-18 0 1.78569e-18
273 -5.22353e-05 7.70865e-19 0 7.70865e-19
274 0.000115254 3.29473e-19 0 3.29473e-19
275 -1.35519e-05 1.39426e-19 0 1.39426e-19
276 5.41292e-05 5.84203e-20 0 5.84203e-20
277 4.94502e-05 2.42379e-20 0 2.42379e-20
278 5.49637e-05 9.95752e-21 0 9.95752e-21
279 6.4411e-05 4.05086e-21 0 4.05086e-21
280 -8.45708e-05 1.63192e-21 0 1.63192e-21
281 8.28288e-05 6.51055e-22 0 6.51055e-22
282 -9.7058e-05 2.5723e-22 0 2.5723e-22
283 0.000189789 1.00653e-22 0 1.00653e-22
284 2.39096e-05 3.90071e-23 0 3.90071e-23
285 9.54492e-06 1.49724e-23 0 1.49724e-23
286 -4.93445e-05 5.6923e-24 0 5.6923e-24
287 -8.81331e-06 2.1436e-24 0 2.1436e-24
288 9.73426e-05 7.99611e-25 0 7.99611e-25
289 0.000108906 2.95466e-25 0 2.95466e-25
290 -6.80603e-05 1.08155e-25 0 1.08155e-25
291 -6.06991e-05 3.92203e-26 0 3.92203e-26
292 9.72234e-05 1.40903e-26 0 1.40903e-26
293 3.13006e-05 5.01519e-27 0 5.01519e-27
294 1.99459e-05 1.76861e-27 0 1.76861e-27
295 0.000194647 6.17977e-28 0 6.17977e-28
296 2.87674e-05 2.13955e-28 0 2.13955e-28
297 -1.35817e-05 7.34008e-29 0 7.34008e-29
298 6.90006e-05 2.49532e-29 0 2.49532e-29
299 9.95479e-05 8.40647e-30 0 8.40647e-30
300 -5.0924e-05 2.80662e-30 0 2.80662e-30
301 3.77975e-05 9.28649e-31 0 9.28649e-31
302 9.76704e-05 3.04535e-31 0 3.04535e-31
303 -3.5979e-06 9.89827e-32 0 9.89827e-32
304 -3.12106e-06 3.18886e-32 0 3.18886e-32
305 1.68465e-05 1.01832e-32 0 1.01832e-32
306 -7.36877e-07 3.22346e-33 0 3.22346e-33
307 7.63758e-06 1.01151e-33 0 1.01151e-33
308 0.000142463 3.14666e-34 0 3.14666e-34
309 1.01708e-05 9.70457e-35 0 9.70457e-35
310 0.000162252 2.96736e-35 0 2.96736e-35
311 8.65541e-05 8.99601e-36 0 8.99601e-36
312 -1.04822e-05 2.70418e-36 0 2.70418e-36
313 1.15715e-05 8.06024e-37 0 8.06024e-37
314 2.60256e-05 2.38235e-37 0 2.38235e-37
315 -5.80327e-06 6.98278e-38 0 6.98278e-38
316 -1.80222e-05 2.02973e-38 0 2.02973e-38
317 1.50286e-05 5.85129e-39 0 5.85129e-39
318 -3.74533e-05 1.67299e-39 0 1.67299e-39
319 3.85128e-05 4.74438e-40 0 4.74438e-40
320 2.02738e-05 1.33454e-40 0 1.33454e-40
321 -2.92279e-05 3.72367e-41 0 3.72367e-41
322 5.29073e-05 1.03066e-41 0 1.03066e-41
323 -1.58169e-05 2.83062e-42 0 2.83062e-42
324 4.47117e-05 7.70714e-43 0 7.70714e-43
325 0.000133284 2.08793e-43 0 2.08793e-43
326 3.76187e-05 5.60519e-44 0 5.60519e-44
327 0.000101992 1.54143e-44 0 1.54143e-44
328 -5.47089e-05 4.2039e-45 0 4.2039e-45
329 -2.2582e-05 1.4013e-45 0 1.4013e-45
330 -4.097e-05 0 0 0
331 -4.40256e-06 0 0 0
332 -6.18614e-05 0 0 0
333 6.11923e-05 0 0 0
334 4.41156e-05 0 0 0
335 4.17612e-05 0 0 0
336 2.67707e-05 0 0 0
337 -2.43105e-05 0 0 0
338 -1.51314e-05 0 0 0
339 7.75538e-05 0 0 0
340 -5.58116e-05 0 0 0
341 0.00012339 0 0 0
342 -5.58116e-05 0 0 0
343 5.74425e-07 0 0 0
344 -9.17093e-06 0 0 0
345 -3.91521e-05 0 0 0
346 9.25742e-05 0 0 0
347 -1.40831e-07 0 0 0
348 4.08374e-05 0 0 0
349 4.25414e-07 0 0 0
350 -3.69467e-05 0 0 0
351 -2.49662e-05 0 0 0
352 6.25931e-05 0 0 0
353 2.52806e-05 0 0 0
354 5.4457e-05 0 0 0
355 -9.92336e-05 0 0 0
356 -4.07912e-05 0 0 0
357 -6.95802e-05 0 0 0
358 -1.95421e-05 0 0 0
359 7.92228e-05 0 0 0
360 0.000149914 0 0 0
361 -9.15691e-07 0 0 0
362 -0.000108681 0 0 0
363 -4.86888e-05 0 0 0
364 3.94665e-05 0 0 0
365 7.2249e-05 0 0 0
366 1.69657e-05 0 0 0
367 6.9984e-05 0 0 0
368 -3.92415e-05 0 0 0
369 -7.29777e-05 0 0 0
370 -0.000129364 0 0 0
371 2.72019e-06 0 0 0
372 6.92688e-05 0 0 0
373 1.39259e-05 0 0 0
374 6.24142e-05 0 0 0
375 -4.62152e-05 0 0 0
376 7.4812e-05 0 0 0
377 7.23437e-07 0 0 0
378 1.2739e-07 0 0 0
379 0.000132122 0 0 0
380 -2.79464e-05 0 0 0
381 -0.000104777 0 0 0
382 -0.000112138 0 0 0
383 -4.15363e-05 0 0 0
384 1.74127e-05 0 0 0
385 -2.88107e-05 0 0 0
386 -2.09727e-05 0 0 0
387 -0.00012385 0 0 0
388 -7.1279e-05 0 0 0
389 7.60935e-05 0 0 0
390 8.77006e-06 0 0 0
391 0.00013388 0 0 0
392 8.4617e-05 0 0 0
393 -2.37443e-05 0 0 0
394 -5.51261e-05 0 0 0
395 6.16096e-05 0 0 0
396 -0.000111453 0 0 0
397 1.77704e-05 0 0 0
398 9.68657e-05 0 0 0
399 7.33219e-05 0 0 0
400 9.66869e-05 0 0 0
401 0.000122436 0 0 0
402 -1.99594e-05 0 0 0
403 -9.37955e-06 0 0 0
404 -0.000110231 0 0 0
405 2.53998e-05 0 0 0
406 7.56465e-05 0 0 0
407 -4.16414e-06 0 0 0
408 -5.35764e-05 0 0 0
409 2.60852e-05 0 0 0
410 2.54892e-05 0 0 0
411 3.55027e-05 0 0 0
412 -6.78517e-05 0 0 0
413 -3.15823e-05 0 0 0
414 -2.62775e-05 0 0 0
415 -2.69927e-05 0 0 0
416 -1.86937e-06 0 0 0
417 6.51859e-05 0 0 0
418 -0.000124238 0 0 0
419 -0.000127903 0 0 0
420 -8.69848e-05 0 0 0
421 -3.34002e-05 0 0 0
422 3.33272e-05 0 0 0
423 2.6264e-05 0 0 0
424 -4.37714e-05 0 0 0
425 5.58577e-05 0 0 0
426 -1.86779e-05 0 0 0
427 6.90006e-05 0 0 0
428 -1.14061e-05 0 0 0
429 -6.87616e-06 0 0 0
430 -4.64834e-05 0 0 0
431 6.16394e-05 0 0 0
432 -8.66868e-05 0 0 0
433 -1.27174e-05 0 0 0
434 1.78002e-05 0 0 0
435 -2.26118e-05 0 0 0
436 -0.000107578 0 0 0
437 -6.56761e-05 0 0 0
438 -0.000111751 0 0 0
439 6.47528e-06 0 0 0
440 0.000145742 0 0 0
441 -1.89917e-06 0 0 0
442 6.77191e-05 0 0 0
443 5.33543e-05 0 0 0
444 -3.27744e-05 0 0 0
445 -2.87213e-05 0 0 0
446 -5.57222e-05 0 0 0
447 3.70823e-05 0 0 0
448 5.62154e-05 0 0 0
449 -5.98945e-05 0 0 0
450 5.32351e-05 0 0 0
451 -1.0051e-06 0 0 0
452 1.39259e-05 0 0 0
453 -4.82716e-05 0 0 0
454 -8.88921e-05 0 0 0
455 -5.1371e-05 0 0 0
456 -2.93471e-05 0 0 0
457 0.00010527 0 0 0
458 -0.000106446 0 0 0
459 6.6527e-05 0 0 0
460 7.64809e-05 0 0 0
461 -8.09805e-06 0 0 0
462 -3.33704e-05 0 0 0
463 4.94502e-05 0 0 0
464 4.87052e-05 0 0 0
465 2.65024e-05 0 0 0
466 2.35818e-05 0 0 0
467 5.43378e-05 0 0 0
468 5.84505e-05 0 0 0
469 -8.93988e-05 0 0 0
470 9.09789e-06 0 0 0
471 3.97645e-05 0 0 0
472 1.72339e-05 0 0 0
473 -4.76457e-05 0 0 0
474 2.35222e-05 0 0 0
475 9.09351e-05 0 0 0
476 5.25199e-05 0 0 0
477 -5.72123e-05 0 0 0
478 1.92605e-05 0 0 0
479 -6.37092e-05 0 0 0
480 6.10731e-05 0 0 0
481 3.03767e-05 0 0 0
482 -2.72609e-05 0 0 0
483 0.000100978 0 0 0
484 4.61422e-05 0 0 0
485 4.81091e-05 0 0 0
486 5.97916e-05 0 0 0
487 2.66515e-05 0 0 0
488 -3.93309e-05 0 0 0
489 8.85947e-06 0 0 0
490 -3.24027e-06 0 0 0
491 9.00848e-06 0 0 0
492 5.19834e-05 0 0 0
493 -0.000120423 0 0 0
494 5.25339e-06 0 0 0
495 0.000102588 0 0 0
496 3.85724e-05 0 0 0
497 -3.63805e-05 0 0 0
498 -6.76729e-05 0 0 0
499 -7.72394e-05 0 0 0
500 -3.71851e-05 0 0 0
501 -0.000118665 0 0 0
502 8.18156e-05 0 0 0
503 1.28828e-05 0 0 0
504 -0.000107399 0 0 0
505 2.95861e-06 0 0 0
506 6.66164e-05 0 0 0
507 -3.50095e-05 0 0 0
508 6.67952e-05 0 0 0
509 4.18506e-05 0 0 0
510 4.50991e-05 0 0 0
511 4.56794e-06 0 0 0
512 -5.41584e-06 0 0 0
513 8.4915e-05 0 0 0
514 2.89164e-05 0 0 0
515 3.56518e-05 0 0 0
516 2.48931e-05 0 0 0
517 1.70253e-05 0 0 0
518 7.54817e-06 0 0 0
519 0.000161865 0 0 0
520 3.60988e-05 0 0 0
521 2.49229e-05 0 0 0
522 5.18642e-05 0 0 0
523 -1.99892e-05 0 0 0
524 0.000164755 0 0 0
525 3.02277e-05 0 0 0
526 -8.9071e-05 0 0 0
527 5.66922e-05 0 0 0
528 8.47958e-05 0 0 0
529 3.38934e-05 0 0 0
530 -4.02548e-05 0 0 0
531 -8.4988e-05 0 0 0
532 3.04066e-05 0 0 0
533 -0.000111214 0 0 0
534 -6.69278e-05 0 0 0
535 2.65322e-05 0 0 0
536 -5.4083e-05 0 0 0
537 -3.93905e-05 0 0 0
538 7.74942e-05 0 0 0
539 -5.89706e-05 0 0 0
540 -3.69169e-05 0 0 0
541 4.89576e-06 0 0 0
542 0.000111052 0 0 0
543 -0.000149629 0 0 0
544 -3.22975e-05 0 0 0
545 2.50123e-05 0 0 0
546 2.67409e-05 0 0 0
547 1.50584e-05 0 0 0
548 4.51289e-05 0 0 0
549 -3.98533e-06 0 0 0
550 5.702e-05 0 0 0
551 5.58279e-05 0 0 0
552 1.8277e-05 0 0 0
553 4.44732e-05 0 0 0
554 -1.69055e-06 0 0 0
555 8.68066e-06 0 0 0
556 7.64511e-05 0 0 0
557 -0.000124387 0 0 0
558 3.70525e-05 0 0 0
559 -0.000117443 0 0 0
560 4.88542e-05 0 0 0
561 2.82608e-05 0 0 0
562 -2.5145e-05 0 0 0
563 9.20377e-05 0 0 0
564 -1.9721e-05 0 0 0
565 7.21e-05 0 0 0
566 3.60094e-05 0 0 0
567 -7.47658e-05 0 0 0
568 4.647e-05 0 0 0
569 3.73347e-06 0 0 0
570 1.40749e-05 0 0 0
571 -1.20022e-05 0 0 0
572 0.000101992 0 0 0
573 -9.64777e-06 0 0 0
574 0.000110813 0 0 0
575 4.8586e-05 0 0 0
576 6.909e-05 0 0 0
577 -7.66679e-07 0 0 0
578 1.59226e-05 0 0 0
579 -4.48145e-05 0 0 0
580 0.000160971 0 0 0
581 5.71094e-05 0 0 0
582 4.09268e-05 0 0 0
583 4.58144e-05 0 0 0
584 6.84939e-05 0 0 0
585 -0.000101767 0 0 0
586 -2.90193e-05 0 0 0
587 -0.000131152 0 0 0
588 -4.29966e-05 0 0 0
589 -9.54785e-05 0 0 0
590 7.27995e-06 0 0 0
591 -2.58462e-06 0 0 0
592 -8.12785e-06 0 0 0
593 -4.28335e-06 0 0 0
594 -4.47847e-05 0 0 0
595 4.65892e-05 0 0 0
596 0.000134148 0 0 0
597 -6.01925e-05 0 0 0
598 3.52643e-05 0 0 0
599 -2.2284e-05 0 0 0
600 7.97294e-05 0 0 0
601 -2.19719e-06 0 0 0
602 4.33706e-05 0 0 0
603 3.99433e-05 0 0 0
604 5.9881e-05 0 0 0
605 6.46196e-05 0 0 0
606 5.41888e-05 0 0 0
607 9.18291e-05 0 0 0
608 4.50395e-05 0 0 0
609 6.98052e-05 0 0 0
610 -5.38446e-05 0 0 0
611 6.52157e-05 0 0 0
612 -1.13167e-05 0 0 0
613 -2.85722e-05 0 0 0
614 7.17126e-05 0 0 0
615 -7.99813e-05 0 0 0
616 -9.32731e-05 0 0 0
617 0.00011132 0 0 0
618 5.47252e-05 0 0 0
619 -4.64098e-06 0 0 0
620 3.14496e-05 0 0 0
621 7.30975e-06 0 0 0
622 0.000124612 0 0 0
623 -8.57489e-06 0 0 0
624 -6.4335e-05 0 0 0
625 -1.24352e-06 0 0 0
626 3.43107e-05 0 0 0
627 9.44815e-05 0 0 0
628 -3.06584e-05 0 0 0
629 0.000145771 0 0 0
630 -3.77812e-05 0 0 0
631 -1.00054e-05 0 0 0
632 5.6871e-05 0 0 0
633 0.000167199 0 0 0
634 -7.70904e-05 0 0 0
635 2.44461e-05 0 0 0
636 0.000117876 0 0 0
637 -1.02438e-05 0 0 0
638 6.88217e-05 0 0 0
639 3.34166e-05 0 0 0
640 8.48256e-05 0 0 0
641 -5.87918e-05 0 0 0
642 2.83502e-05 0 0 0
643 -8.03845e-06 0 0 0
644 4.83177e-05 0 0 0
645 3.139e-05 0 0 0
646 -8.46602e-05 0 0 0
647 8.36335e-05 0 0 0
648 6.36659e-05 0 0 0
649 -2.81252e-05 0 0 0
650 5.25199e-05 0 0 0
651 6.11327e-05 0 0 0
652 9.21272e-05 0 0 0
653 -5.16094e-05 0 0 0
654 -1.09889e-05 0 0 0
655 5.53809e-05 0 0 0
656 0.000111558 0 0 0
657 7.84777e-05 0 0 0
658 4.77655e-06 0 0 0
659 -7.56897e-05 0 0 0
660 6.45898e-05 0 0 0
661 2.08996e-05 0 0 0
662 -4.75861e-05 0 0 0
663 -5.97753e-05 0 0 0
664 -8.42588e-06 0 0 0
665 5.05231e-05 0 0 0
666 4.31023e-05 0 0 0
667 8.79987e-06 0 0 0
668 2.74859e-05 0 0 0
669 -0.000116936 0 0 0
670 -7.66679e-07 0 0 0
671 7.2249e-05 0 0 0
672 -5.03279e-05 0 0 0
673 -4.9092e-06 0 0 0
674 0.00013549 0 0 0
675 -6.87616e-06 0 0 0
676 3.55624e-05 0 0 0
677 5.43676e-05 0 0 0
678 -7.1279e-05 0 0 0
679 -1.39095e-05 0 0 0
680 8.75674e-05 0 0 0
681 -3.83632e-06 0 0 0
682 7.74346e-05 0 0 0
683 -4.94041e-05 0 0 0
684 -5.08048e-05 0 0 0
685 -3.0122e-05 0 0 0
686 -0.000142656 0 0 0
687 8.02501e-06 0 0 0
688 9.2604e-05 0 0 0
689 -4.60662e-05 0 0 0
690 -9.01736e-05 0 0 0
691 2.79628e-05 0 0 0
692 -8.14416e-05 0 0 0
693 -2.02872e-05 0 0 0
694 3.03767e-05 0 0 0
695 -8.38556e-05 0 0 0
696 -4.34138e-05 0 0 0
697 -4.10296e-05 0 0 0
698 -4.50529e-05 0 0 0
699 -7.00273e-05 0 0 0
700 -3.17909e-05 0 0 0
701 0.000132032 0 0 0
702 8.16665e-05 0 0 0
703 1.783e-05 0 0 0
704 5.77651e-05 0 0 0
705 1.52074e-05 0 0 0
706 -5.20723e-06 0 0 0
707 -9.35711e-05 0 0 0
708 3.25225e-05 0 0 0
709 -9.52856e-06 0 0 0
710 2.3105e-05 0 0 0
711 1.21377e-05 0 0 0
712 4.79303e-05 0 0 0
713 2.55488e-05 0 0 0
714 -1.88269e-05 0 0 0
715 7.23086e-05 0 0 0
716 -4.19395e-06 0 0 0
717 -1.57134e-06 0 0 0
718 7.79711e-05 0 0 0
719 0.000138678 0 0 0
720 2.33732e-05 0 0 0
721 -2.84828e-05 0 0 0
722 8.45574e-05 0 0 0
723 0.000105687 0 0 0
724 5.76757e-05 0 0 0
725 8.08917e-05 0 0 0
726 -0.000101826 0 0 0
727 -1.12571e-05 0 0 0
728 0.00011433 0 0 0
729 -5.16988e-05 0 0 0
730 2.25685e-05 0 0 0
731 -6.75537e-05 0 0 0
732 -6.99536e-06 0 0 0
733 9.44815e-05 0 0 0
734 3.28503e-05 0 0 0
735 -5.18479e-05 0 0 0
736 7.97592e-05 0 0 0
737 -4.27283e-05 0 0 0
738 -2.47874e-05 0 0 0
739 5.702e-05 0 0 0
740 -6.54833e-06 0 0 0
741 3.53835e-05 0 0 0
742 4.3311e-05 0 0 0
743 -2.39529e-05 0 0 0
744 4.59336e-05 0 0 0
745 -0.000103316 0 0 0
746 -7.40208e-05 0 0 0
747 8.94449e-05 0 0 0
748 -4.74967e-05 0 0 0
749 -0.000140718 0 0 0
750 4.00327e-05 0 0 0
751 -0.000151775 0 0 0
752 -5.12816e-05 0 0 0
753 -0.00010281 0 0 0
754 -3.29988e-06 0 0 0
755 0.000112691 0 0 0
756 1.83962e-05 0 0 0
757 -0.000154129 0 0 0
758 4.30725e-05 0 0 0
759 0.000140407 0 0 0
760 9.00848e-06 0 0 0
761 3.11516e-05 0 0 0
762 8.66435e-05 0 0 0
763 7.28749e-05 0 0 0
764 -0.000138334 0 0 0
765 5.53511e-05 0 0 0
766 0.000111856 0 0 0
767 6.18778e-05 0 0 0
768 1.69955e-05 0 0 0
769 -3.01518e-05 0 0 0
770 -2.88107e-05 0 0 0
771 2.25089e-05 0 0 0
772 5.03145e-05 0 0 0
773 -4.8198e-06 0 0 0
774 7.04013e-05 0 0 0
775 9.63433e-06 0 0 0
776 -2.42211e-05 0 0 0
777 7.00734e-05 0 0 0
778 4.65594e-05 0 0 0
779 -8.7835e-06 0 0 0
780 -2.53536e-05 0 0 0
781 0.000113704 0 0 0
782 -5.47387e-05 0 0 0
783 7.93122e-05 0 0 0
784 5.32351e-05 0 0 0
785 7.70472e-05 0 0 0
786 -8.18746e-06 0 0 0
787 4.01519e-05 0 0 0
788 4.44434e-05 0 0 0
789 1.97513e-06 0 0 0
790 -1.43565e-05 0 0 0
791 -2.49066e-05 0 0 0
792 4.07778e-05 0 0 0
793 0.000182428 0 0 0
794 0.00015498 0 0 0
795 -5.03875e-05 0 0 0
796 3.34762e-05 0 0 0
797 1.03496e-05 0 0 0
798 4.42646e-05 0 0 0
799 1.70253e-05 0 0 0
800 0.000113168 0 0 0
801 -2.28502e-05 0 0 0
802 7.74048e-05 0 0 0
803 5.05231e-05 0 0 0
804 -8.1829e-05 0 0 0
805 -2.86915e-05 0 0 0
806 1.16907e-05 0 0 0
807 0.000129648 0 0 0
808 0.000111439 0 0 0
809 0.000178315 0 0 0
810 8.32303e-06 0 0 0
811 0.000208386 0 0 0
812 2.32838e-05 0 0 0
813 0.000156351 0 0 0
814 8.24712e-05 0 0 0
815 -6.1907e-06 0 0 0
816 -5.6497e-05 0 0 0
817 1.13629e-05 0 0 0
818 1.09158e-05 0 0 0
819 1.2739e-07 0 0 0
820 1.12735e-05 0 0 0
821 0.000136354 0 0 0
822 3.64406e-06 0 0 0
823 9.32e-05 0 0 0
824 8.65541e-05 0 0 0
825 0.000108012 0 0 0
826 3.97943e-05 0 0 0
827 -4.68656e-07 0 0 0
828 4.55759e-05 0 0 0
829 -2.07938e-05 0 0 0
830 0.000147112 0 0 0
831 2.61448e-05 0 0 0
832 0.000144073 0 0 0
833 0.000128367 0 0 0
834 5.4606e-05 0 0 0
835 8.11441e-06 0 0 0
836 5.4308e-05 0 0 0
837 -1.5787e-05 0 0 0
838 -1.5042e-05 0 0 0
839 -3.32512e-05 0 0 0
840 -3.96289e-05 0 0 0
841 0.000181892 0 0 0
842 5.32947e-05 0 0 0
843 6.51561e-05 0 0 0
844 -3.5844e-05 0 0 0
845 9.18887e-05 0 0 0
846 0.000104674 0 0 0
847 1.18993e-05 0 0 0
848 8.29778e-05 0 0 0
849 -0.000121854 0 0 0
850 0.000156768 0 0 0
851 0.000134417 0 0 0
852 2.6413e-05 0 0 0
853 -4.46953e-05 0 0 0
854 -1.11677e-05 0 0 0
855 0.000115284 0 0 0
856 0.000180819 0 0 0
857 7.32325e-05 0 0 0
858 -8.70742e-05 0 0 0
859 -4.14468e-05 0 0 0
860 4.35932e-06 0 0 0
861 4.54567e-05 0 0 0
862 -7.19644e-05 0 0 0
863 1.07668e-05 0 0 0
864 -7.62121e-06 0 0 0
865 0.000107118 0 0 0
866 -8.53755e-05 0 0 0
867 6.83449e-05 0 0 0
868 1.97373e-05 0 0 0
869 -1.91249e-05 0 0 0
870 -3.92415e-05 0 0 0
871 -3.11054e-05 0 0 0
872 -2.65159e-05 0 0 0
873 5.67816e-05 0 0 0
874 -1.00948e-05 0 0 0
875 5.18046e-05 0 0 0
876 9.20079e-05 0 0 0
877 1.34788e-05 0 0 0
878 -3.37877e-05 0 0 0
879 -0.000112853 0 0 0
880 8.50184e-06 0 0 0
881 -1.63831e-05 0 0 0
882 5.69306e-05 0 0 0
883 9.60453e-06 0 0 0
884 -0.00017508 0 0 0
885 -4.25495e-05 0 0 0
886 -9.13657e-05 0 0 0
887 7.20702e-05 0 0 0
888 6.05805e-06 0 0 0
889 -0.000103614 0 0 0
890 -1.29558e-05 0 0 0
891 1.57438e-05 0 0 0
892 -0.000153921 0 0 0
893 0.000106969 0 0 0
894 -0.00012686 0 0 0
895 1.34929e-06 0 0 0
896 5.52021e-05 0 0 0
897 -6.50503e-05 0 0 0
898 -9.61797e-06 0 0 0
899 2.27176e-05 0 0 0
900 -7.50937e-05 0 0 0
901 -8.78491e-05 0 0 0
902 -2.97205e-06 0 0 0
903 9.92499e-05 0 0 0
904 6.155e-05 0 0 0
905 -2.43561e-06 0 0 0
906 -1.95421e-05 0 0 0
907 -1.89163e-05 0 0 0
908 -2.52046e-05 0 0 0
909 -2.89895e-05 0 0 0
910 -0.000102154 0 0 0
911 9.44815e-05 0 0 0
912 6.06559e-05 0 0 0
913 4.14334e-05 0 0 0
914 -5.62446e-06 0 0 0
915 0.000159719 0 0 0
916 3.3953e-05 0 0 0
917 -6.39774e-05 0 0 0
918 -5.88514e-05 0 0 0
919 0.000136831 0 0 0
920 -2.11515e-05 0 0 0
921 1.22569e-05 0 0 0
922 -3.79898e-05 0 0 0
923 -3.6575e-06 0 0 0
924 7.9058e-06 0 0 0
925 3.00191e-05 0 0 0
926 -5.48877e-05 0 0 0
927 6.59449e-06 0 0 0
928 -1.88865e-05 0 0 0
929 -5.8911e-05 0 0 0
930 -5.14236e-08 0 0 0
931 4.29235e-05 0 0 0
932 7.19054e-06 0 0 0
933 2.91847e-05 0 0 0
934 6.40832e-05 0 0 0
935 -1.89461e-05 0 0 0
936 -9.23054e-06 0 0 0
937 6.90006e-05 0 0 0
938 0.000130781 0 0 0
939 2.28964e-05 0 0 0
940 -5.01193e-05 0 0 0
941 1.44921e-05 0 0 0
942 -0.000108591 0 0 0
943 -8.46602e-05 0 0 0
944 5.99407e-05 0 0 0
945 5.55299e-05 0 0 0
946 3.3059e-05 0 0 0
947 -3.11352e-05 0 0 0
948 -1.43863e-05 0 0 0
949 2.22109e-05 0 0 0
950 0.000126757 0 0 0
951 5.10894e-05 0 0 0
952 8.7776e-05 0 0 0
953 4.79899e-05 0 0 0
954 9.16205e-05 0 0 0
955 8.89979e-05 0 0 0
956 3.55326e-05 0 0 0
957 -3.22975e-05 0 0 0
958 7.01032e-05 0 0 0
959 -1.42075e-05 0 0 0
960 -3.46519e-05 0 0 0
961 -3.82878e-05 0 0 0
962 -9.48228e-05 0 0 0
963 8.85947e-06 0 0 0
964 -5.57818e-05 0 0 0
965 -3.29234e-05 0 0 0
966 6.53051e-05 0 0 0
967 -5.0477e-05 0 0 0
968 -1.25684e-05 0 0 0
969 0.000143477 0 0 0
970 -5.07154e-05 0 0 0
971 5.10438e-06 0 0 0
972 6.77787e-05 0 0 0
973 -7.75077e-05 0 0 0
974 6.91198e-05 0 0 0
975 -5.08942e-05 0 0 0
976 7.81499e-05 0 0 0
977 -8.74318e-05 0 0 0
978 -7.64646e-05 0 0 0
979 2.64726e-05 0 0 0
980 -3.27446e-05 0 0 0
981 -8.55543e-05 0 0 0
982 -2.19263e-05 0 0 0
983 -3.042e-05 0 0 0
984 3.60392e-05 0 0 0
985 8.73886e-05 0 0 0
986 -6.23681e-05 0 0 0
987 4.90926e-05 0 0 0
988 -6.07149e-06 0 0 0
989 2.47739e-05 0 0 0
990 -0.000109903 0 0 0
991 5.09404e-05 0 0 0
992 2.46249e-05 0 0 0
993 0.000103214 0 0 0
994 -9.50314e-05 0 0 0
995 7.9491e-05 0 0 0
996 1.12735e-05 0 0 0
997 1.5281e-06 0 0 0
998 -0.000136308 0 0 0
999 -1.82606e-05 0 0 0
1000 2.60098e-06 0 0 0
1001 2.70985e-05 0 0 0
1002 3.63372e-05 0 0 0
1003 6.09837e-05 0 0 0
1004 4.24011e-06 0 0 0
1005 -0.00019633 0 0 0
1006 5.08211e-05 0 0 0
1007 5.19379e-06 0 0 0
1008 7.66001e-05 0 0 0
1009 8.95642e-05 0 0 0
1010 0.000101932 0 0 0
1011 -9.43916e-06 0 0 0
1012 0.000119515 0 0 0
1013 -7.66679e-07 0 0 0
1014 0.000126132 0 0 0
1015 6.76594e-05 0 0 0
1016 0.000160941 0 0 0
1017 -9.91441e-05 0 0 0
1018 -1.13763e-05 0 0 0
1019 -5.44109e-05 0 0 0
1020 8.82529e-05 0 0 0
1021 0.000119366 0 0 0
1022 -1.69791e-05 0 0 0
1023 -4.939e-06 0 0 0
