1.0000000 1.3288994
1.0990991 1.2934988
1.1981982 1.2966922
1.2972973 1.2934950
1.3963964 1.2934909
1.4954955 1.3007986
1.5945946 1.2934988
1.6936937 1.3309685
1.7927928 1.2934640
1.8918919 1.2966922
1.9909910 1.2944414
2.0900901 1.2934699
2.1891892 1.3306724
2.2882883 1.2934420
2.3873874 1.3253357
2.4864865 1.2898943
2.5855856 1.2966922
2.6846847 1.3178794
2.7837838 1.2934160
2.8828829 1.3259075
2.9819820 1.2932450
3.0810811 1.3134081
3.1801802 1.3123142
3.2792793 1.2966383
3.3783784 1.3292472
3.4774775 1.2932241
3.5765766 1.3309685
3.6756757 1.2944126
3.7747748 1.3133542
3.8738739 1.3288934
3.9729730 1.2969849
4.0720721 1.3257825
4.1711712 1.2944126
4.2702703 1.3266846
4.3693694 1.3178506
4.4684685 1.3023836
4.5675676 1.3292554
4.6666667 1.2976348
4.7657658 1.3258897
4.8648649 1.3122854
4.9639640 1.3256284
5.0630631 1.3306508
5.1621622 1.2984864
5.2612613 1.3257815
5.3603604 1.3039920
5.4594595 1.3312538
5.5585586 1.3288778
5.6576577 1.3217328
5.7567568 1.3292462
5.8558559 1.3030335
5.9549550 1.3262030
6.0540541 1.3210801
6.1531532 1.3231423
6.2522523 1.3306774
6.3513514 1.3143548
6.4504505 1.3260780
6.5495495 1.3221757
6.6486486 1.3307410
6.7477477 1.3321266
6.8468468 1.3262967
6.9459459 1.3295427
7.0450450 1.3240692
7.1441441 1.3261907
7.2432432 1.3277690
7.3423423 1.3319295
7.4414414 1.3339344
7.5405405 1.3326976
7.6396396 1.3277680
7.7387387 1.3317309
7.8378378 1.3350802
7.9369369 1.3388262
8.0360360 1.3277432
8.1351351 1.3310082
8.2342342 1.3442033
8.3333333 1.3276905
8.4324324 1.3375785
8.5315315 1.3319732
8.6306306 1.3403240
8.7297297 1.3456061
8.8288288 1.3309174
8.9279279 1.3413599
9.0270270 1.3350700
9.1261261 1.3390720
9.2252252 1.3383205
9.3243243 1.3339296
9.4234234 1.3498033
9.5225225 1.3469411
9.6216216 1.3486162
9.7207207 1.3383176
9.8198198 1.3444915
9.9189189 1.3457290
10.0180180 1.3536163
10.1171171 1.3495238
10.2162162 1.3381399
10.3153153 1.3540852
10.4144144 1.3499573
10.5135135 1.3488823
10.6126126 1.3509254
10.7117117 1.3537246
10.8108108 1.3642398
10.9099099 1.3496599
11.0090090 1.3540367
11.1081081 1.3551500
11.2072072 1.3524625
11.3063063 1.3656397
11.4054054 1.3563207
11.5045045 1.3540354
11.6036036 1.3516932
11.7027027 1.3488811
11.8018018 1.3546160
11.9009009 1.3703904
12.0000000 1.3641884
12.0990991 1.3697070
12.1981982 1.3701369
12.2972973 1.3608276
12.3963964 1.3525041
12.4954955 1.3655878
12.5945946 1.3567506
12.6936937 1.3820609
12.7927928 1.3749227
12.8918919 1.3580605
12.9909910 1.3718075
13.0900901 1.3695560
13.1891892 1.3834640
13.2882883 1.3696985
13.3873874 1.3685257
13.4864865 1.3638584
13.5855856 1.3736537
13.6846847 1.3836807
13.7837838 1.3825044
13.8828829 1.3821040
13.9819820 1.3749031
14.0810811 1.3855779
14.1801802 1.3718785
14.2792793 1.3938180
14.3783784 1.3854965
14.4774775 1.3736393
14.5765766 1.3689550
14.6756757 1.3705150
14.7747748 1.3746099
14.8738739 1.3879547
14.9729730 1.3942825
15.0720721 1.3859255
15.1711712 1.3806023
15.2702703 1.3865375
15.3693694 1.3888344
15.4684685 1.3942828
15.5675676 1.3859267
15.6666667 1.3806026
15.7657658 1.3899312
15.8648649 1.3962160
15.9639640 1.3989925
16.0630631 1.3892634
16.1621622 1.4012494
16.2612613 1.4035111
16.3603604 1.3851963
16.4594595 1.3889929
16.5585586 1.4017060
16.6576577 1.4131782
16.7567568 1.3919963
16.8558559 1.3938336
16.9549550 1.3903976
17.0540541 1.3966389
17.1531532 1.4079519
17.2522523 1.4044389
17.3513514 1.4059828
17.4504505 1.4048537
17.5495495 1.3939562
17.6486486 1.4023869
17.7477477 1.4026659
17.8468468 1.4151619
17.9459459 1.4090840
18.0450450 1.4078760
18.1441441 1.3912745
18.2432432 1.4059238
18.3423423 1.4079443
18.4414414 1.4210434
18.5405405 1.4217951
18.6396396 1.4090828
18.7387387 1.4059222
18.8378378 1.4102252
18.9369369 1.4059238
19.0360360 1.4217954
19.1351351 1.4215234
19.2342342 1.4215274
19.3333333 1.4102252
19.4324324 1.4059222
19.5315315 1.4121183
19.6306306 1.4215217
19.7297297 1.4217509
19.8288288 1.4404738
19.9279279 1.4097317
20.0270270 1.4101949
20.1261261 1.4230267
20.2252252 1.4240318
20.3243243 1.4284816
20.4234234 1.4238017
20.5225225 1.4268672
20.6216216 1.4224373
20.7207207 1.4168122
20.8198198 1.4317573
20.9189189 1.4224038
21.0180180 1.4404436
21.1171171 1.4105329
21.2162162 1.4245128
21.3153153 1.4242085
21.4144144 1.4238066
21.5135135 1.4487802
21.6126126 1.4254787
21.7117117 1.4287428
21.8108108 1.4188853
21.9099099 1.4289582
22.0090090 1.4311356
22.1081081 1.4246059
22.2072072 1.4506574
22.3063063 1.4203142
22.4054054 1.4331858
22.5045045 1.4275993
22.6036036 1.4370482
22.7027027 1.4500643
22.8018018 1.4254026
22.9009009 1.4367847
23.0000000 1.4260992
23.0990991 1.4289629
23.1981982 1.4430834
23.2972973 1.4392453
23.3963964 1.4361934
23.4954955 1.4260015
23.5945946 1.4331808
23.6936937 1.4398200
23.7927928 1.4369713
23.8918919 1.4447104
23.9909910 1.4228419
24.0900901 1.4409406
24.1891892 1.4260565
24.2882883 1.4339731
24.3873874 1.4414541
24.4864865 1.4352842
24.5855856 1.4362023
24.6846847 1.4226073
24.7837838 1.4417311
24.8828829 1.4414598
24.9819820 1.4392350
25.0810811 1.4414541
25.1801802 1.4350393
25.2792793 1.4417329
25.3783784 1.4414598
25.4774775 1.4417329
25.5765766 1.4414598
25.6756757 1.4350393
25.7747748 1.4420058
25.8738739 1.4355244
25.9729730 1.4417329
26.0720721 1.4414598
26.1711712 1.4470291
26.2702703 1.4422502
26.3693694 1.4355244
26.4684685 1.4417788
26.5675676 1.4252589
26.6666667 1.4375372
26.7657658 1.4422562
26.8648649 1.4428403
26.9639640 1.4334526
27.0630631 1.4233607
27.1621622 1.4426329
27.2612613 1.4361482
27.3603604 1.4470759
27.4594595 1.4470366
27.5585586 1.4153586
27.6576577 1.4393660
27.7567568 1.4250592
27.8558559 1.4398580
27.9549550 1.4361883
28.0540541 1.4279332
28.1531532 1.4343069
28.2522523 1.4239860
28.3513514 1.4343248
28.4504505 1.4260894
28.5495495 1.4279316
28.6486486 1.4406479
28.7477477 1.4235101
28.8468468 1.4292638
28.9459459 1.4266613
29.0450450 1.4405737
29.1441441 1.4305490
29.2432432 1.4277385
29.3423423 1.4282456
29.4414414 1.4240385
29.5405405 1.4347615
29.6396396 1.4265058
29.7387387 1.4210037
29.8378378 1.4418236
29.9369369 1.4266555
30.0360360 1.4297005
30.1351351 1.4242805
30.2342342 1.4174654
30.3333333 1.4324216
30.4324324 1.4269282
30.5315315 1.4235896
30.6306306 1.4242881
30.7297297 1.4174654
30.8288288 1.4198958
30.9279279 1.4161722
31.0270270 1.4277691
31.1261261 1.4271719
31.2252252 1.4040195
31.3243243 1.4150261
31.4234234 1.4163719
31.5225225 1.4328545
31.6216216 1.4271719
31.7207207 1.4142006
31.8198198 1.4189179
31.9189189 1.4052035
32.0180180 1.4202036
32.1171171 1.4164130
32.2162162 1.4277740
32.3153153 1.4287770
32.4144144 1.4059142
32.5135135 1.4204940
32.6126126 1.4103056
32.7117117 1.4152481
32.8108108 1.4236153
32.9099099 1.3945596
33.0090090 1.4187979
33.1081081 1.4061424
33.2072072 1.4154135
33.3063063 1.4102900
33.4054054 1.3858954
33.5045045 1.4152605
33.6036036 1.3960441
33.7027027 1.4197921
33.8018018 1.4109853
33.9009009 1.3959015
34.0000000 1.4076488
34.0990991 1.3840530
34.1981982 1.4162981
34.2972973 1.4059248
34.3963964 1.3977418
34.4954955 1.4058530
34.5945946 1.3843230
34.6936937 1.4092316
34.7927928 1.3958259
34.8918919 1.4026913
34.9909910 1.4005380
35.0900901 1.3951126
35.1891892 1.4083129
35.2882883 1.3846545
35.3873874 1.4059207
35.4864865 1.3950716
35.5855856 1.4001294
35.6846847 1.4062380
35.7837838 1.3843185
35.8828829 1.4108648
35.9819820 1.3835904
36.0810811 1.3965873
36.1801802 1.3954678
36.2792793 1.3958897
36.3783784 1.4099108
36.4774775 1.3835904
36.5765766 1.3911791
36.6756757 1.3755728
36.7747748 1.3965822
36.8738739 1.4062421
36.9729730 1.3846505
37.0720721 1.3913492
37.1711712 1.3755728
37.2702703 1.3911740
37.3693694 1.3755728
37.4684685 1.4001203
37.5675676 1.4042005
37.6666667 1.3755672
37.7657658 1.3911745
37.8648649 1.3755672
37.9639640 1.3911740
38.0630631 1.3755711
38.1621622 1.3755672
38.2612613 1.3911745
38.3603604 1.3755672
38.4594595 1.3911745
38.5585586 1.3755516
38.6576577 1.3902152
38.7567568 1.3911745
38.8558559 1.3755672
38.9549550 1.3911745
39.0540541 1.3755516
39.1531532 1.3902152
39.2522523 1.3549521
39.3513514 1.3675193
39.4504505 1.3911850
39.5495495 1.3755584
39.6486486 1.3913753
39.7477477 1.3539981
39.8468468 1.3790951
39.9459459 1.3638104
40.0450450 1.3692983
40.1441441 1.3913857
40.2432432 1.3731723
40.3423423 1.3787695
40.4414414 1.3565925
40.5405405 1.3814467
40.6396396 1.3690507
40.7387387 1.3675662
40.8378378 1.3902256
40.9369369 1.3549667
41.0360360 1.3789632
41.1351351 1.3636953
41.2342342 1.3682581
41.3333333 1.3779895
41.4324324 1.3496340
41.5315315 1.3786272
41.6306306 1.3566750
41.7297297 1.3823382
41.8288288 1.3678838
41.9279279 1.3728132
42.0270270 1.3663915
42.1261261 1.3531450
42.2252252 1.3787816
42.3243243 1.3628228
42.4234234 1.3684903
42.5225225 1.3677416
42.6216216 1.3565350
42.7207207 1.3790653
42.8198198 1.3538896
42.9189189 1.3825604
43.0180180 1.3626806
43.1171171 1.3432693
43.2162162 1.3662028
43.3153153 1.3507965
43.4144144 1.3828437
43.5135135 1.3609615
43.6126126 1.3432626
43.7117117 1.3560863
43.8108108 1.3568570
43.9099099 1.3676254
44.0090090 1.3510783
44.1081081 1.3826524
44.2072072 1.3607643
44.3063063 1.3440223
44.4054054 1.3575245
44.5045045 1.3571388
44.6036036 1.3701259
44.7027027 1.3580990
44.8018018 1.3425961
44.9009009 1.3554714
45.0000000 1.3426851
45.0990991 1.3575274
45.1981982 1.3569488
45.2972973 1.3441373
45.3963964 1.3477446
45.4954955 1.3363752
45.5945946 1.3558140
45.6936937 1.3569488
45.7927928 1.3441336
45.8918919 1.3477519
45.9909910 1.3226636
46.0900901 1.3477512
46.1891892 1.3361764
46.2882883 1.3548566
46.3873874 1.3580511
46.4864865 1.3416010
46.5855856 1.3475606
46.6846847 1.3361807
46.7837838 1.3521986
46.8828829 1.3388977
46.9819820 1.3324560
47.0810811 1.3464037
47.1801802 1.3224728
47.2792793 1.3471376
47.3783784 1.3362203
47.4774775 1.3273134
47.5765766 1.3400923
47.6756757 1.3392579
47.7747748 1.3528611
47.8738739 1.3226374
47.9729730 1.3222524
48.0720721 1.3387107
48.1711712 1.3291590
48.2702703 1.3402690
48.3693694 1.3199734
48.4684685 1.3533416
48.5675676 1.3251022
48.6666667 1.3239982
48.7657658 1.3274291
48.8648649 1.3141305
48.9639640 1.3467000
49.0630631 1.3205607
49.1621622 1.3189372
49.2612613 1.3138438
49.3603604 1.3265155
49.4594595 1.3394842
49.5585586 1.3149764
49.6576577 1.3186948
49.7567568 1.3107236
49.8558559 1.3240258
49.9549550 1.3130569
50.0540541 1.3068209
50.1531532 1.3187181
50.2522523 1.3204387
50.3513514 1.3187181
50.4504505 1.3101346
50.5495495 1.3068059
50.6486486 1.3266653
50.7477477 1.3068209
50.8468468 1.3187179
50.9459459 1.3101376
51.0450450 1.3156149
51.1441441 1.3101609
51.2432432 1.3068152
51.3423423 1.3187179
51.4414414 1.2947608
51.5405405 1.3156146
51.6396396 1.3101609
51.7387387 1.3068144
51.8378378 1.2931817
51.9369369 1.3062169
52.0360360 1.3187500
52.1351351 1.3077148
52.2342342 1.3044203
52.3333333 1.2909077
52.4324324 1.3060182
52.5315315 1.2895002
52.6306306 1.2964031
52.7297297 1.3156084
52.8288288 1.3063732
52.9279279 1.3029628
53.0270270 1.2929812
53.1261261 1.2947833
53.2252252 1.3058253
53.3243243 1.2966171
53.4234234 1.2979047
53.5225225 1.2907072
53.6216216 1.2955792
53.7207207 1.2905884
53.8198198 1.2931003
53.9189189 1.3059863
54.0180180 1.2792766
54.1171171 1.2902642
54.2162162 1.2940531
54.3153153 1.2940046
54.4144144 1.2897922
54.5135135 1.2680911
54.6126126 1.2896905
54.7117117 1.2923791
54.8108108 1.2834922
54.9099099 1.2897928
55.0090090 1.2929761
55.1081081 1.3062206
55.2072072 1.2803514
55.3063063 1.2776003
55.4054054 1.2925143
55.5045045 1.2808356
55.6036036 1.2907701
55.7027027 1.2647627
55.8018018 1.2920085
55.9009009 1.2827607
56.0000000 1.2749436
56.0990991 1.2881445
56.1981982 1.2551305
56.2972973 1.2903340
56.3963964 1.2755926
56.4954955 1.2778963
56.5945946 1.2818526
56.6936937 1.2536734
56.7927928 1.2886623
56.8918919 1.2551305
56.9909910 1.2778963
57.0900901 1.2746845
57.1891892 1.2778572
57.2882883 1.2886607
57.3873874 1.2536740
57.4864865 1.2860056
57.5855856 1.2746710
57.6846847 1.2778601
57.7837838 1.2742348
57.8828829 1.2566261
57.9819820 1.2886719
58.0810811 1.2528111
58.1801802 1.2609308
58.2792793 1.2740369
58.3783784 1.2496828
58.4774775 1.2717354
58.5765766 1.2528141
58.6756757 1.2745088
58.7747748 1.2646943
58.8738739 1.2730363
58.9729730 1.2752023
59.0720721 1.2504268
59.1711712 1.2787850
59.2702703 1.2532571
59.3693694 1.2577698
59.4684685 1.2649010
59.5675676 1.2488062
59.6666667 1.2690306
59.7657658 1.2558716
59.8648649 1.2641813
59.9639640 1.2492859
60.0630631 1.2318650
60.1621622 1.2701962
60.2612613 1.2505566
60.3603604 1.2544269
60.4594595 1.2425364
60.5585586 1.2247007
60.6576577 1.2631486
60.7567568 1.2488685
60.8558559 1.2521278
60.9549550 1.2471185
61.0540541 1.2535495
61.1531532 1.2398294
61.2522523 1.2248321
61.3513514 1.2600010
61.4504505 1.2489729
61.5495495 1.2512533
61.6486486 1.2425031
61.7477477 1.2248297
61.8468468 1.2631364
61.9459459 1.2265509
62.0450450 1.2442051
62.1441441 1.2274768
62.2432432 1.2263550
62.3423423 1.2407770
62.4414414 1.2249325
62.5405405 1.2485263
62.6396396 1.2337285
62.7387387 1.2193068
62.8378378 1.2328269
62.9369369 1.2128792
63.0360360 1.2532314
63.1351351 1.2208849
63.2342342 1.2443423
63.3333333 1.2179719
63.4324324 1.2264572
63.5315315 1.2306254
63.6306306 1.2202950
63.7297297 1.2410537
63.8288288 1.2027473
63.9279279 1.2194148
64.0270270 1.2042389
64.1261261 1.2128735
64.2252252 1.2183186
64.3243243 1.2134033
64.4234234 1.2161280
64.5225225 1.2165854
64.6216216 1.2058221
64.7207207 1.2297745
64.8198198 1.2079305
64.9189189 1.2091350
65.0180180 1.1990356
65.1171171 1.2126519
65.2162162 1.2033883
65.3153153 1.2077015
65.4144144 1.2185496
65.5135135 1.2078195
65.6126126 1.2161163
65.7117117 1.1812697
65.8108108 1.2076997
65.9099099 1.2193121
66.0090090 1.2078172
66.1081081 1.2091278
66.2072072 1.1992841
66.3063063 1.2081579
66.4054054 1.1909923
66.5045045 1.2008228
66.6036036 1.1942752
66.7027027 1.1895294
66.8018018 1.1992669
66.9009009 1.1814990
67.0000000 1.2037749
67.0990991 1.1759836
67.1981982 1.1970778
67.2972973 1.2099187
67.3963964 1.1700263
67.4954955 1.1996064
67.5945946 1.1700357
67.6936937 1.2000299
67.7927928 1.1931316
67.8918919 1.1822859
67.9909910 1.1857578
68.0900901 1.1700369
68.1891892 1.2017613
68.2882883 1.1759689
68.3873874 1.1755358
68.4864865 1.1828048
68.5855856 1.1699983
68.6846847 1.1921034
68.7837838 1.1607158
68.8828829 1.1981939
68.9819820 1.1896829
69.0810811 1.1595521
69.1801802 1.1834164
69.2792793 1.1509592
69.3783784 1.1944320
69.4774775 1.1691148
69.5765766 1.1719635
69.6756757 1.1826898
69.7747748 1.1558662
69.8738739 1.1896412
69.9729730 1.1593582
70.0720721 1.1910173
70.1711712 1.1773748
70.2702703 1.1578778
70.3693694 1.1832214
70.4684685 1.1439104
70.5675676 1.1921243
70.6666667 1.1621217
70.7657658 1.1507129
70.8648649 1.1822983
70.9639640 1.1308610
71.0630631 1.1896304
71.1621622 1.1453148
71.2612613 1.1680895
71.3603604 1.1617296
71.4594595 1.1309293
71.5585586 1.1831772
71.6576577 1.1386802
71.7567568 1.1887183
71.8558559 1.1519711
71.9549550 1.1342415
72.0540541 1.1769720
72.1531532 1.1324499
72.2522523 1.1896304
72.3513514 1.1381740
72.4504505 1.1487817
72.5495495 1.1617181
72.6486486 1.1381579
72.7477477 1.1831855
72.8468468 1.1319404
72.9459459 1.1887178
73.0450450 1.1381632
73.1441441 1.1297589
73.2432432 1.1769712
73.3423423 1.1307700
73.4414414 1.1896291
73.5405405 1.1319329
73.6396396 1.1297672
73.7387387 1.1449133
73.8378378 1.1307559
73.9369369 1.1822862
74.0360360 1.1307625
74.1351351 1.1487893
74.2342342 1.1319329
74.3333333 1.1307744
74.4324324 1.1519615
74.5315315 1.1307715
74.6306306 1.1921230
74.7297297 1.1307625
74.8288288 1.1307701
74.9279279 1.1319329
75.0270270 1.1307701
75.1261261 1.1769712
75.2252252 1.1307722
75.3243243 1.1307701
75.4234234 1.1307625
75.5225225 1.1307701
75.6216216 1.1307625
75.7207207 1.1307701
75.8198198 1.1307701
75.9189189 1.1307701
76.0180180 1.1307701
76.1171171 1.1307715
76.2162162 1.1307701
76.3153153 1.1305964
76.4144144 1.1307701
76.5135135 1.1307701
76.6126126 1.1307701
76.7117117 1.1307701
76.8108108 1.1310231
76.9099099 1.1307701
77.0090090 1.0949380
77.1081081 1.1307701
77.2072072 1.1307701
77.3063063 1.1310231
77.4054054 1.1307701
77.5045045 1.0772108
77.6036036 1.1307701
77.7027027 1.1296050
77.8018018 1.1306883
77.9009009 1.1307701
78.0000000 1.1183129
78.0990991 1.1307701
78.1981982 1.0572979
78.2972973 1.1306883
78.3963964 1.1296050
78.4954955 1.1183129
78.5945946 1.1307687
78.6936937 1.0509921
78.7927928 1.1306883
78.8918919 1.0949353
78.9909910 1.1357699
79.0900901 1.1296036
79.1891892 1.0912942
79.2882883 1.1306856
79.3873874 1.0572979
79.4864865 1.1357699
79.5855856 1.1070141
79.6846847 1.1074891
79.7837838 1.1295232
79.8828829 1.0482667
79.9819820 1.1333573
80.0810811 1.0573874
80.1801802 1.1183114
80.2792793 1.1090532
80.3783784 1.0772108
80.4774775 1.1321949
80.5765766 1.0572624
80.6756757 1.1183102
80.7747748 1.0948535
80.8738739 1.0912915
80.9729730 1.1089689
81.0720721 1.0482703
81.1711712 1.1171478
81.2702703 1.0573626
81.3693694 1.0912915
81.4684685 1.0947692
81.5675676 1.0509538
81.6666667 1.1076384
81.7657658 1.0500212
81.8648649 1.1063240
81.9639640 1.0738217
82.0630631 1.0771487
82.1621622 1.1120115
82.2612613 1.0481892
82.3603604 1.1076314
82.4594595 1.0573566
82.5585586 1.0900697
82.6576577 1.0999352
82.7567568 1.0509291
82.8558559 1.0966708
82.9549550 1.0501387
83.0540541 1.0805603
83.1531532 1.0599896
83.2522523 1.0497667
83.3513514 1.0824662
83.4504505 1.0481049
83.5495495 1.0857958
83.6486486 1.0556773
83.7477477 1.0738396
83.8468468 1.0615279
83.9459459 1.0479978
84.0450450 1.0836757
84.1441441 1.0484594
84.2432432 1.0695989
84.3423423 1.0552724
84.4414414 1.0475248
84.5405405 1.0824231
84.6396396 1.0472970
84.7387387 1.0674799
84.8378378 1.0598828
84.9369369 1.0663739
85.0360360 1.0614756
85.1351351 1.0468690
85.2342342 1.0715984
85.3333333 1.0515025
85.4324324 1.0532992
85.5315315 1.0552822
85.6306306 1.0497445
85.7297297 1.0534741
85.8288288 1.0493518
85.9279279 1.0553062
86.0270270 1.0539960
86.1261261 1.0446230
86.2252252 1.0350935
86.3243243 1.0537379
86.4234234 1.0553062
86.5225225 1.0446263
86.6216216 1.0535278
86.7207207 1.0540192
86.8198198 1.0497604
86.9189189 1.0355142
87.0180180 1.0372719
87.1171171 1.0414514
87.2162162 1.0517527
87.3153153 1.0407138
87.4144144 1.0349373
87.5135135 1.0338986
87.6126126 1.0350906
87.7117117 1.0371712
87.8108108 1.0363927
87.9099099 1.0281272
88.0090090 1.0447189
88.1081081 1.0229209
88.2072072 1.0262106
88.3063063 1.0397807
88.4054054 1.0207636
88.5045045 1.0430985
88.6036036 1.0207844
88.7027027 1.0338962
88.8018018 1.0182960
88.9009009 1.0371896
89.0000000 1.0387827
89.0990991 1.0207563
89.1981982 1.0272621
89.2972973 1.0214057
89.3963964 1.0262295
89.4954955 1.0224878
89.5945946 1.0207563
89.6936937 1.0213248
89.7927928 1.0214048
89.8918919 1.0271757
89.9909910 1.0190219
90.0900901 1.0096368
90.1891892 1.0208304
90.2882883 1.0139168
90.3873874 1.0228552
90.4864865 1.0009582
90.5855856 1.0030014
90.6846847 1.0207384
90.7837838 1.0098133
90.8828829 1.0224590
90.9819820 1.0147535
91.0810811 1.0271833
91.1801802 1.0009996
91.2792793 1.0030028
91.3783784 1.0032910
91.4774775 1.0029437
91.5765766 1.0223703
91.6756757 0.9978467
91.7747748 1.0030018
91.8738739 1.0007652
91.9729730 1.0029320
92.0720721 1.0223711
92.1711712 0.9825506
92.2702703 1.0117668
92.3693694 0.9915486
92.4684685 0.9935908
92.5675676 1.0006747
92.6666667 1.0008580
92.7657658 1.0117676
92.8648649 0.9915499
92.9639640 1.0008322
93.0630631 0.9990314
93.1621622 0.9987347
93.2612613 1.0025140
93.3603604 0.9735754
93.4594595 1.0100896
93.5585586 0.9806508
93.6576577 0.9909891
93.7567568 0.9992517
93.8558559 0.9804264
93.9549550 1.0075671
94.0540541 0.9892273
94.1531532 0.9843996
94.2522523 0.9808711
94.3513514 0.9982179
94.4504505 0.9883707
94.5495495 0.9736131
94.6486486 0.9938847
94.7477477 0.9790706
94.8468468 0.9843996
94.9459459 0.9991945
95.0450450 0.9664811
95.1441441 0.9899137
95.2432432 0.9790687
95.3423423 0.9818955
95.4414414 0.9790719
95.5405405 0.9664852
95.6396396 0.9882663
95.7387387 0.9664734
95.8378378 0.9818955
95.9369369 0.9790734
96.0360360 0.9771870
96.1351351 0.9681872
96.2342342 0.9664775
96.3333333 0.9924702
96.4324324 0.9476867
96.5315315 0.9819140
96.6306306 0.9665697
96.7297297 0.9596313
96.8288288 0.9924702
96.9279279 0.9664648
97.0270270 0.9627157
97.1261261 0.9766980
97.2252252 0.9630960
97.3243243 0.9722906
97.4234234 0.9596186
97.5225225 0.9762952
97.6216216 0.9460050
97.7207207 0.9755302
97.8198198 0.9699761
97.9189189 0.9596276
98.0180180 0.9744920
98.1171171 0.9496420
98.2162162 0.9579895
98.3153153 0.9595295
98.4144144 0.9614464
98.5135135 0.9716126
98.6126126 0.9602305
98.7117117 0.9697651
98.8108108 0.9417491
98.9099099 0.9438974
99.0090090 0.9653534
99.1081081 0.9620493
99.2072072 0.9506908
99.3063063 0.9417872
99.4054054 0.9561784
99.5045045 0.9673711
99.6036036 0.9620474
99.7027027 0.9491598
99.8018018 0.9474900
99.9009009 0.9690644
100.0000000 0.9440649
