1.0000000 0.0043842
1.0990991 0.0048362
1.1981982 0.0050483
1.2972973 0.0044969
1.3963964 0.0052583
1.4954955 0.0046504
1.5945946 0.0048361
1.6936937 0.0045202
1.7927928 0.0045885
1.8918919 0.0050314
1.9909910 0.0052814
2.0900901 0.0051070
2.1891892 0.0054881
2.2882883 0.0056278
2.3873874 0.0050720
2.4864865 0.0058410
2.5855856 0.0047438
2.6846847 0.0051026
2.7837838 0.0050291
2.8828829 0.0051441
2.9819820 0.0051089
3.0810811 0.0053935
3.1801802 0.0050384
3.2792793 0.0049281
3.3783784 0.0054250
3.4774775 0.0051222
3.5765766 0.0051217
3.6756757 0.0051209
3.7747748 0.0050273
3.8738739 0.0045826
3.9729730 0.0049351
4.0720721 0.0053816
4.1711712 0.0054299
4.2702703 0.0051488
4.3693694 0.0051579
4.4684685 0.0050546
4.5675676 0.0050056
4.6666667 0.0049952
4.7657658 0.0050369
4.8648649 0.0048108
4.9639640 0.0044608
5.0630631 0.0044743
5.1621622 0.0045499
5.2612613 0.0048233
5.3603604 0.0048220
5.4594595 0.0046544
5.5585586 0.0046493
5.6576577 0.0047638
5.7567568 0.0044468
5.8558559 0.0048466
5.9549550 0.0049023
6.0540541 0.0052271
6.1531532 0.0050669
6.2522523 0.0052450
6.3513514 0.0051047
6.4504505 0.0051221
6.5495495 0.0046391
6.6486486 0.0046023
6.7477477 0.0050105
6.8468468 0.0045482
6.9459459 0.0048910
7.0450450 0.0049807
7.1441441 0.0048059
7.2432432 0.0048019
7.3423423 0.0046598
7.4414414 0.0047678
7.5405405 0.0040873
7.6396396 0.0045425
7.7387387 0.0044829
7.8378378 0.0048830
7.9369369 0.0047660
8.0360360 0.0046371
8.1351351 0.0046617
8.2342342 0.0048493
8.3333333 0.0053970
8.4324324 0.0053606
8.5315315 0.0058176
8.6306306 0.0057627
8.7297297 0.0048966
8.8288288 0.0044661
8.9279279 0.0040089
9.0270270 0.0041277
9.1261261 0.0047631
9.2252252 0.0043407
9.3243243 0.0048993
9.4234234 0.0044646
9.5225225 0.0048323
9.6216216 0.0047051
9.7207207 0.0051128
9.8198198 0.0048991
9.9189189 0.0047042
10.0180180 0.0053335
10.1171171 0.0050636
10.2162162 0.0047391
10.3153153 0.0048029
10.4144144 0.0051528
10.5135135 0.0048771
10.6126126 0.0044729
10.7117117 0.0044778
10.8108108 0.0056009
10.9099099 0.0056007
11.0090090 0.0047846
11.1081081 0.0045444
11.2072072 0.0050781
11.3063063 0.0051298
11.4054054 0.0043172
11.5045045 0.0046318
11.6036036 0.0043567
11.7027027 0.0044457
11.8018018 0.0049430
11.9009009 0.0052200
12.0000000 0.0042462
12.0990991 0.0049172
12.1981982 0.0048844
12.2972973 0.0051459
12.3963964 0.0045666
12.4954955 0.0049261
12.5945946 0.0047963
12.6936937 0.0049233
12.7927928 0.0049571
12.8918919 0.0049678
12.9909910 0.0042847
13.0900901 0.0044385
13.1891892 0.0046675
13.2882883 0.0054864
13.3873874 0.0053630
13.4864865 0.0066029
13.5855856 0.0061777
13.6846847 0.0056803
13.7837838 0.0051845
13.8828829 0.0046095
13.9819820 0.0045031
14.0810811 0.0052203
14.1801802 0.0048422
14.2792793 0.0048459
14.3783784 0.0048448
14.4774775 0.0054339
14.5765766 0.0057046
14.6756757 0.0053405
14.7747748 0.0050930
14.8738739 0.0049032
14.9729730 0.0049752
15.0720721 0.0044789
15.1711712 0.0049406
15.2702703 0.0050853
15.3693694 0.0050045
15.4684685 0.0057566
15.5675676 0.0047114
15.6666667 0.0050099
15.7657658 0.0047887
15.8648649 0.0052915
15.9639640 0.0045889
16.0630631 0.0049217
16.1621622 0.0049002
16.2612613 0.0054735
16.3603604 0.0053082
16.4594595 0.0049145
16.5585586 0.0046402
16.6576577 0.0046833
16.7567568 0.0045946
16.8558559 0.0045796
16.9549550 0.0042238
17.0540541 0.0045940
17.1531532 0.0051033
17.2522523 0.0048924
17.3513514 0.0048520
17.4504505 0.0051000
17.5495495 0.0047176
17.6486486 0.0057791
17.7477477 0.0047614
17.8468468 0.0052651
17.9459459 0.0052912
18.0450450 0.0051517
18.1441441 0.0047509
18.2432432 0.0047770
18.3423423 0.0050633
18.4414414 0.0053724
18.5405405 0.0053446
18.6396396 0.0054924
18.7387387 0.0056462
18.8378378 0.0059616
18.9369369 0.0069401
19.0360360 0.0067836
19.1351351 0.0051510
19.2342342 0.0047497
19.3333333 0.0057827
19.4324324 0.0049977
19.5315315 0.0054593
19.6306306 0.0051569
19.7297297 0.0052071
19.8288288 0.0048314
19.9279279 0.0048487
20.0270270 0.0048942
20.1261261 0.0045373
20.2252252 0.0051940
20.3243243 0.0051576
20.4234234 0.0050761
20.5225225 0.0051912
20.6216216 0.0056389
20.7207207 0.0058212
20.8198198 0.0049278
20.9189189 0.0044285
21.0180180 0.0050872
21.1171171 0.0051243
21.2162162 0.0051800
21.3153153 0.0055656
21.4144144 0.0056198
21.5135135 0.0060485
21.6126126 0.0060477
21.7117117 0.0060500
21.8108108 0.0065801
21.9099099 0.0064544
22.0090090 0.0056745
22.1081081 0.0055630
22.2072072 0.0051445
22.3063063 0.0048962
22.4054054 0.0054802
22.5045045 0.0052381
22.6036036 0.0052414
22.7027027 0.0059577
22.8018018 0.0054387
22.9009009 0.0053267
23.0000000 0.0056994
23.0990991 0.0052607
23.1981982 0.0057036
23.2972973 0.0052926
23.3963964 0.0048447
23.4954955 0.0056571
23.5945946 0.0060793
23.6936937 0.0060293
23.7927928 0.0052061
23.8918919 0.0049125
23.9909910 0.0049152
24.0900901 0.0056517
24.1891892 0.0058225
24.2882883 0.0048057
24.3873874 0.0058821
24.4864865 0.0051571
24.5855856 0.0054300
24.6846847 0.0057939
24.7837838 0.0051205
24.8828829 0.0056828
24.9819820 0.0056688
25.0810811 0.0056657
25.1801802 0.0056218
25.2792793 0.0048664
25.3783784 0.0052689
25.4774775 0.0048964
25.5765766 0.0055742
25.6756757 0.0049735
25.7747748 0.0054914
25.8738739 0.0047395
25.9729730 0.0046673
26.0720721 0.0049356
26.1711712 0.0051309
26.2702703 0.0058968
26.3693694 0.0060357
26.4684685 0.0048622
26.5675676 0.0048368
26.6666667 0.0047360
26.7657658 0.0054976
26.8648649 0.0052265
26.9639640 0.0053869
27.0630631 0.0050163
27.1621622 0.0049908
27.2612613 0.0050722
27.3603604 0.0048759
27.4594595 0.0051069
27.5585586 0.0053285
27.6576577 0.0050190
27.7567568 0.0056222
27.8558559 0.0053844
27.9549550 0.0055334
28.0540541 0.0053162
28.1531532 0.0056712
28.2522523 0.0060290
28.3513514 0.0068408
28.4504505 0.0063267
28.5495495 0.0066851
28.6486486 0.0064542
28.7477477 0.0065352
28.8468468 0.0056198
28.9459459 0.0059477
29.0450450 0.0057451
29.1441441 0.0050254
29.2432432 0.0053221
29.3423423 0.0056526
29.4414414 0.0046801
29.5405405 0.0051265
29.6396396 0.0053870
29.7387387 0.0050238
29.8378378 0.0051406
29.9369369 0.0052461
30.0360360 0.0051948
30.1351351 0.0058405
30.2342342 0.0057110
30.3333333 0.0052662
30.4324324 0.0047997
30.5315315 0.0050840
30.6306306 0.0050873
30.7297297 0.0056532
30.8288288 0.0056121
30.9279279 0.0058484
31.0270270 0.0058823
31.1261261 0.0056808
31.2252252 0.0058580
31.3243243 0.0058136
31.4234234 0.0054642
31.5225225 0.0055151
31.6216216 0.0054643
31.7207207 0.0050299
31.8198198 0.0057864
31.9189189 0.0057335
32.0180180 0.0047229
32.1171171 0.0051982
32.2162162 0.0050844
32.3153153 0.0050896
32.4144144 0.0050747
32.5135135 0.0054056
32.6126126 0.0048864
32.7117117 0.0052922
32.8108108 0.0052357
32.9099099 0.0055875
33.0090090 0.0064107
33.1081081 0.0063482
33.2072072 0.0053427
33.3063063 0.0063791
33.4054054 0.0057554
33.5045045 0.0063090
33.6036036 0.0057525
33.7027027 0.0053116
33.8018018 0.0057027
33.9009009 0.0055295
34.0000000 0.0052141
34.0990991 0.0050447
34.1981982 0.0050715
34.2972973 0.0050483
34.3963964 0.0055804
34.4954955 0.0058193
34.5945946 0.0067676
34.6936937 0.0059640
34.7927928 0.0059577
34.8918919 0.0055093
34.9909910 0.0050985
35.0900901 0.0051314
35.1891892 0.0055607
35.2882883 0.0057283
35.3873874 0.0053004
35.4864865 0.0053674
35.5855856 0.0052121
35.6846847 0.0052119
35.7837838 0.0052124
35.8828829 0.0059196
35.9819820 0.0056076
36.0810811 0.0056092
36.1801802 0.0054905
36.2792793 0.0052911
36.3783784 0.0054447
36.4774775 0.0057909
36.5765766 0.0055362
36.6756757 0.0062879
36.7747748 0.0058365
36.8738739 0.0063256
36.9729730 0.0059213
37.0720721 0.0059991
37.1711712 0.0062839
37.2702703 0.0066783
37.3693694 0.0061733
37.4684685 0.0067105
37.5675676 0.0070060
37.6666667 0.0074437
37.7657658 0.0077541
37.8648649 0.0069456
37.9639640 0.0067312
38.0630631 0.0066848
38.1621622 0.0077228
38.2612613 0.0079625
38.3603604 0.0067715
38.4594595 0.0057843
38.5585586 0.0060182
38.6576577 0.0070121
38.7567568 0.0070921
38.8558559 0.0061886
38.9549550 0.0066399
39.0540541 0.0066420
39.1531532 0.0065267
39.2522523 0.0064750
39.3513514 0.0063776
39.4504505 0.0069490
39.5495495 0.0067006
39.6486486 0.0068752
39.7477477 0.0069005
39.8468468 0.0068393
39.9459459 0.0072301
40.0450450 0.0066012
40.1441441 0.0070832
40.2432432 0.0065892
40.3423423 0.0059237
40.4414414 0.0065590
40.5405405 0.0065356
40.6396396 0.0066224
40.7387387 0.0064869
40.8378378 0.0061746
40.9369369 0.0070156
41.0360360 0.0074722
41.1351351 0.0075572
41.2342342 0.0062048
41.3333333 0.0062338
41.4324324 0.0056620
41.5315315 0.0066816
41.6306306 0.0069052
41.7297297 0.0077408
41.8288288 0.0077649
41.9279279 0.0077697
42.0270270 0.0078390
42.1261261 0.0080840
42.2252252 0.0071031
42.3243243 0.0071531
42.4234234 0.0067852
42.5225225 0.0065103
42.6216216 0.0070046
42.7207207 0.0088929
42.8198198 0.0076391
42.9189189 0.0071850
43.0180180 0.0071903
43.1171171 0.0071946
43.2162162 0.0069658
43.3153153 0.0071899
43.4144144 0.0078241
43.5135135 0.0078217
43.6126126 0.0065747
43.7117117 0.0060947
43.8108108 0.0061919
43.9099099 0.0066464
44.0090090 0.0070333
44.1081081 0.0062636
44.2072072 0.0065340
44.3063063 0.0065664
44.4054054 0.0065419
44.5045045 0.0062261
44.6036036 0.0065389
44.7027027 0.0065583
44.8018018 0.0068649
44.9009009 0.0068437
45.0000000 0.0062849
45.0990991 0.0067572
45.1981982 0.0069063
45.2972973 0.0072017
45.3963964 0.0070392
45.4954955 0.0068089
45.5945946 0.0071333
45.6936937 0.0074995
45.7927928 0.0085280
45.8918919 0.0083679
45.9909910 0.0079982
46.0900901 0.0084384
46.1891892 0.0082629
46.2882883 0.0081676
46.3873874 0.0081859
46.4864865 0.0079728
46.5855856 0.0070916
46.6846847 0.0070241
46.7837838 0.0068760
46.8828829 0.0077670
46.9819820 0.0078450
47.0810811 0.0070345
47.1801802 0.0072155
47.2792793 0.0076506
47.3783784 0.0080297
47.4774775 0.0076702
47.5765766 0.0089650
47.6756757 0.0085710
47.7747748 0.0090117
47.8738739 0.0093128
47.9729730 0.0087468
48.0720721 0.0078514
48.1711712 0.0076522
48.2702703 0.0081701
48.3693694 0.0077881
48.4684685 0.0080242
48.5675676 0.0084041
48.6666667 0.0086129
48.7657658 0.0089687
48.8648649 0.0096997
48.9639640 0.0091527
49.0630631 0.0089617
49.1621622 0.0088118
49.2612613 0.0088851
49.3603604 0.0095256
49.4594595 0.0106474
49.5585586 0.0108756
49.6576577 0.0095931
49.7567568 0.0088379
49.8558559 0.0087367
49.9549550 0.0094838
50.0540541 0.0094711
50.1531532 0.0094741
50.2522523 0.0096678
50.3513514 0.0096608
50.4504505 0.0093982
50.5495495 0.0096320
50.6486486 0.0099776
50.7477477 0.0101519
50.8468468 0.0109005
50.9459459 0.0117151
51.0450450 0.0116860
51.1441441 0.0109102
51.2432432 0.0107820
51.3423423 0.0115972
51.4414414 0.0117803
51.5405405 0.0121096
51.6396396 0.0125647
51.7387387 0.0120890
51.8378378 0.0123146
51.9369369 0.0120000
52.0360360 0.0120291
52.1351351 0.0121843
52.2342342 0.0132582
52.3333333 0.0127423
52.4324324 0.0137970
52.5315315 0.0136043
52.6306306 0.0136212
52.7297297 0.0140564
52.8288288 0.0139914
52.9279279 0.0143810
53.0270270 0.0146473
53.1261261 0.0152068
53.2252252 0.0150689
53.3243243 0.0156758
53.4234234 0.0156853
53.5225225 0.0154651
53.6216216 0.0164956
53.7207207 0.0168431
53.8198198 0.0168367
53.9189189 0.0165948
54.0180180 0.0172158
54.1171171 0.0171989
54.2162162 0.0173132
54.3153153 0.0176884
54.4144144 0.0178175
54.5135135 0.0185271
54.6126126 0.0184718
54.7117117 0.0179175
54.8108108 0.0179756
54.9099099 0.0180912
55.0090090 0.0183830
55.1081081 0.0180528
55.2072072 0.0182467
55.3063063 0.0181883
55.4054054 0.0188765
55.5045045 0.0191117
55.6036036 0.0182738
55.7027027 0.0181870
55.8018018 0.0178467
55.9009009 0.0180191
56.0000000 0.0176977
56.0990991 0.0173044
56.1981982 0.0173369
56.2972973 0.0175969
56.3963964 0.0177174
56.4954955 0.0165893
56.5945946 0.0167739
56.6936937 0.0169002
56.7927928 0.0170544
56.8918919 0.0165102
56.9909910 0.0158112
57.0900901 0.0158009
57.1891892 0.0158620
57.2882883 0.0162330
57.3873874 0.0170164
57.4864865 0.0170247
57.5855856 0.0157894
57.6846847 0.0150505
57.7837838 0.0148952
57.8828829 0.0148385
57.9819820 0.0155422
58.0810811 0.0158443
58.1801802 0.0166416
58.2792793 0.0151322
58.3783784 0.0153163
58.4774775 0.0149057
58.5765766 0.0143478
58.6756757 0.0141417
58.7747748 0.0145378
58.8738739 0.0130483
58.9729730 0.0135788
59.0720721 0.0128823
59.1711712 0.0135533
59.2702703 0.0129114
59.3693694 0.0128366
59.4684685 0.0125135
59.5675676 0.0126771
59.6666667 0.0137303
59.7657658 0.0133060
59.8648649 0.0123143
59.9639640 0.0120017
60.0630631 0.0120089
60.1621622 0.0125530
60.2612613 0.0124004
60.3603604 0.0119564
60.4594595 0.0110638
60.5585586 0.0106800
60.6576577 0.0115613
60.7567568 0.0113576
60.8558559 0.0113505
60.9549550 0.0113650
61.0540541 0.0110260
61.1531532 0.0109787
61.2522523 0.0110056
61.3513514 0.0102413
61.4504505 0.0099606
61.5495495 0.0105469
61.6486486 0.0100209
61.7477477 0.0106382
61.8468468 0.0105289
61.9459459 0.0103498
62.0450450 0.0100550
62.1441441 0.0094134
62.2432432 0.0091966
62.3423423 0.0094885
62.4414414 0.0093972
62.5405405 0.0096587
62.6396396 0.0096195
62.7387387 0.0097020
62.8378378 0.0104081
62.9369369 0.0102933
63.0360360 0.0099670
63.1351351 0.0101456
63.2342342 0.0098759
63.3333333 0.0101410
63.4324324 0.0092231
63.5315315 0.0091398
63.6306306 0.0099487
63.7297297 0.0094151
63.8288288 0.0090163
63.9279279 0.0086856
64.0270270 0.0079462
64.1261261 0.0080205
64.2252252 0.0077337
64.3243243 0.0079336
64.4234234 0.0075854
64.5225225 0.0075531
64.6216216 0.0074646
64.7207207 0.0077204
64.8198198 0.0074920
64.9189189 0.0076135
65.0180180 0.0074382
65.1171171 0.0072782
65.2162162 0.0078665
65.3153153 0.0079729
65.4144144 0.0077486
65.5135135 0.0078960
65.6126126 0.0076415
65.7117117 0.0077984
65.8108108 0.0079321
65.9099099 0.0065199
66.0090090 0.0066331
66.1081081 0.0069385
66.2072072 0.0070802
66.3063063 0.0070770
66.4054054 0.0071722
66.5045045 0.0067160
66.6036036 0.0067853
66.7027027 0.0067936
66.8018018 0.0067023
66.9009009 0.0068068
67.0000000 0.0063377
67.0990991 0.0064487
67.1981982 0.0068577
67.2972973 0.0068780
67.3963964 0.0068265
67.4954955 0.0069275
67.5945946 0.0069536
67.6936937 0.0071605
67.7927928 0.0065670
67.8918919 0.0066162
67.9909910 0.0070597
68.0900901 0.0066047
68.1891892 0.0067044
68.2882883 0.0066898
68.3873874 0.0078292
68.4864865 0.0079184
68.5855856 0.0076448
68.6846847 0.0077294
68.7837838 0.0081724
68.8828829 0.0086676
68.9819820 0.0082422
69.0810811 0.0087893
69.1801802 0.0075824
69.2792793 0.0074002
69.3783784 0.0070988
69.4774775 0.0070358
69.5765766 0.0065210
69.6756757 0.0069031
69.7747748 0.0067144
69.8738739 0.0069879
69.9729730 0.0065384
70.0720721 0.0071010
70.1711712 0.0073432
70.2702703 0.0065603
70.3693694 0.0060524
70.4684685 0.0059768
70.5675676 0.0057059
70.6666667 0.0063435
70.7657658 0.0057402
70.8648649 0.0062010
70.9639640 0.0065238
71.0630631 0.0069568
71.1621622 0.0069114
71.2612613 0.0061283
71.3603604 0.0054015
71.4594595 0.0054731
71.5585586 0.0053425
71.6576577 0.0073783
71.7567568 0.0076489
71.8558559 0.0071527
71.9549550 0.0071574
72.0540541 0.0063637
72.1531532 0.0067090
72.2522523 0.0063052
72.3513514 0.0058740
72.4504505 0.0062242
72.5495495 0.0062938
72.6486486 0.0063533
72.7477477 0.0065494
72.8468468 0.0069222
72.9459459 0.0062333
73.0450450 0.0056881
73.1441441 0.0053143
73.2432432 0.0056772
73.3423423 0.0055471
73.4414414 0.0056129
73.5405405 0.0062003
73.6396396 0.0063486
73.7387387 0.0056132
73.8378378 0.0056705
73.9369369 0.0059832
74.0360360 0.0056568
74.1351351 0.0054831
74.2342342 0.0056731
74.3333333 0.0051317
74.4324324 0.0054734
74.5315315 0.0060060
74.6306306 0.0055299
74.7297297 0.0050180
74.8288288 0.0054198
74.9279279 0.0052975
75.0270270 0.0055954
75.1261261 0.0052733
75.2252252 0.0051973
75.3243243 0.0057800
75.4234234 0.0063292
75.5225225 0.0063052
75.6216216 0.0059918
75.7207207 0.0058694
75.8198198 0.0056203
75.9189189 0.0057781
76.0180180 0.0061632
76.1171171 0.0058233
76.2162162 0.0066553
76.3153153 0.0064398
76.4144144 0.0051347
76.5135135 0.0058688
76.6126126 0.0059254
76.7117117 0.0056396
76.8108108 0.0056843
76.9099099 0.0056908
77.0090090 0.0060764
77.1081081 0.0053497
77.2072072 0.0052429
77.3063063 0.0057063
77.4054054 0.0059716
77.5045045 0.0060297
77.6036036 0.0059759
77.7027027 0.0055907
77.8018018 0.0059695
77.9009009 0.0063322
78.0000000 0.0055884
78.0990991 0.0060283
78.1981982 0.0056036
78.2972973 0.0052931
78.3963964 0.0053568
78.4954955 0.0055020
78.5945946 0.0058976
78.6936937 0.0060091
78.7927928 0.0057033
78.8918919 0.0058745
78.9909910 0.0058250
79.0900901 0.0061003
79.1891892 0.0068669
79.2882883 0.0065023
79.3873874 0.0055793
79.4864865 0.0063571
79.5855856 0.0059719
79.6846847 0.0057336
79.7837838 0.0053013
79.8828829 0.0050799
79.9819820 0.0064329
80.0810811 0.0065618
80.1801802 0.0066156
80.2792793 0.0064876
80.3783784 0.0049259
80.4774775 0.0049657
80.5765766 0.0051270
80.6756757 0.0054087
80.7747748 0.0061806
80.8738739 0.0064151
80.9729730 0.0063228
81.0720721 0.0053819
81.1711712 0.0051474
81.2702703 0.0052774
81.3693694 0.0054811
81.4684685 0.0056337
81.5675676 0.0054513
81.6666667 0.0049011
81.7657658 0.0045189
81.8648649 0.0051138
81.9639640 0.0050395
82.0630631 0.0052128
82.1621622 0.0045939
82.2612613 0.0050368
82.3603604 0.0056745
82.4594595 0.0065865
82.5585586 0.0065816
82.6576577 0.0065764
82.7567568 0.0050377
82.8558559 0.0046217
82.9549550 0.0049781
83.0540541 0.0059348
83.1531532 0.0071587
83.2522523 0.0069538
83.3513514 0.0068235
83.4504505 0.0058567
83.5495495 0.0061095
83.6486486 0.0063650
83.7477477 0.0059738
83.8468468 0.0057571
83.9459459 0.0058467
84.0450450 0.0053779
84.1441441 0.0059999
84.2432432 0.0055198
84.3423423 0.0053818
84.4414414 0.0062923
84.5405405 0.0061661
84.6396396 0.0064558
84.7387387 0.0063135
84.8378378 0.0065472
84.9369369 0.0059765
85.0360360 0.0066832
85.1351351 0.0053807
85.2342342 0.0052428
85.3333333 0.0059048
85.4324324 0.0063021
85.5315315 0.0051925
85.6306306 0.0056029
85.7297297 0.0052181
85.8288288 0.0047282
85.9279279 0.0047244
86.0270270 0.0056668
86.1261261 0.0058335
86.2252252 0.0064006
86.3243243 0.0066637
86.4234234 0.0063461
86.5225225 0.0057021
86.6216216 0.0057060
86.7207207 0.0052270
86.8198198 0.0058408
86.9189189 0.0056580
87.0180180 0.0049823
87.1171171 0.0047405
87.2162162 0.0051267
87.3153153 0.0053496
87.4144144 0.0044415
87.5135135 0.0043876
87.6126126 0.0049960
87.7117117 0.0045578
87.8108108 0.0048580
87.9099099 0.0047894
88.0090090 0.0047591
88.1081081 0.0053524
88.2072072 0.0052620
88.3063063 0.0047004
88.4054054 0.0055728
88.5045045 0.0056228
88.6036036 0.0053584
88.7027027 0.0048402
88.8018018 0.0046429
88.9009009 0.0049993
89.0000000 0.0048205
89.0990991 0.0046390
89.1981982 0.0051353
89.2972973 0.0054690
89.3963964 0.0046181
89.4954955 0.0048540
89.5945946 0.0049640
89.6936937 0.0048366
89.7927928 0.0049516
89.8918919 0.0053849
89.9909910 0.0053840
90.0900901 0.0054397
90.1891892 0.0059106
90.2882883 0.0055335
90.3873874 0.0049631
90.4864865 0.0046582
90.5855856 0.0044563
90.6846847 0.0052214
90.7837838 0.0047386
90.8828829 0.0048970
90.9819820 0.0046960
91.0810811 0.0051805
91.1801802 0.0053260
91.2792793 0.0053144
91.3783784 0.0054174
91.4774775 0.0053591
91.5765766 0.0057742
91.6756757 0.0050390
91.7747748 0.0050661
91.8738739 0.0054018
91.9729730 0.0047879
92.0720721 0.0049123
92.1711712 0.0047469
92.2702703 0.0056908
92.3693694 0.0051015
92.4684685 0.0048738
92.5675676 0.0052618
92.6666667 0.0047121
92.7657658 0.0046382
92.8648649 0.0050380
92.9639640 0.0050165
93.0630631 0.0046921
93.1621622 0.0048503
93.2612613 0.0048649
93.3603604 0.0049701
93.4594595 0.0048807
93.5585586 0.0046820
93.6576577 0.0046796
93.7567568 0.0045686
93.8558559 0.0048924
93.9549550 0.0051493
94.0540541 0.0044767
94.1531532 0.0047451
94.2522523 0.0048922
94.3513514 0.0042455
94.4504505 0.0044778
94.5495495 0.0047640
94.6486486 0.0048031
94.7477477 0.0049188
94.8468468 0.0051196
94.9459459 0.0047153
95.0450450 0.0053150
95.1441441 0.0046535
95.2432432 0.0049826
95.3423423 0.0048667
95.4414414 0.0049572
95.5405405 0.0049632
95.6396396 0.0044563
95.7387387 0.0050555
95.8378378 0.0044636
95.9369369 0.0046598
96.0360360 0.0044251
96.1351351 0.0048688
96.2342342 0.0043930
96.3333333 0.0041909
96.4324324 0.0045832
96.5315315 0.0048511
96.6306306 0.0049578
96.7297297 0.0047718
96.8288288 0.0052125
96.9279279 0.0051845
97.0270270 0.0051818
97.1261261 0.0048744
97.2252252 0.0047023
97.3243243 0.0047213
97.4234234 0.0054248
97.5225225 0.0050526
97.6216216 0.0058607
97.7207207 0.0058079
97.8198198 0.0048076
97.9189189 0.0053087
98.0180180 0.0050969
98.1171171 0.0047750
98.2162162 0.0050936
98.3153153 0.0050426
98.4144144 0.0042629
98.5135135 0.0049331
98.6126126 0.0046331
98.7117117 0.0045887
98.8108108 0.0055913
98.9099099 0.0055896
99.0090090 0.0058179
99.1081081 0.0056201
99.2072072 0.0060402
99.3063063 0.0060786
99.4054054 0.0056300
99.5045045 0.0052584
99.6036036 0.0061006
99.7027027 0.0057360
99.8018018 0.0065206
99.9009009 0.0066891
100.0000000 0.0063217
