1.0000000 0.0050695
1.0990991 0.0064753
1.1981982 0.0059176
1.2972973 0.0066584
1.3963964 0.0059363
1.4954955 0.0061972
1.5945946 0.0056525
1.6936937 0.0050332
1.7927928 0.0046567
1.8918919 0.0045351
1.9909910 0.0055801
2.0900901 0.0050669
2.1891892 0.0050184
2.2882883 0.0044862
2.3873874 0.0052896
2.4864865 0.0056588
2.5855856 0.0057156
2.6846847 0.0054810
2.7837838 0.0051536
2.8828829 0.0050462
2.9819820 0.0060694
3.0810811 0.0050490
3.1801802 0.0047167
3.2792793 0.0049317
3.3783784 0.0052242
3.4774775 0.0049325
3.5765766 0.0049317
3.6756757 0.0049301
3.7747748 0.0049490
3.8738739 0.0056596
3.9729730 0.0054223
4.0720721 0.0054765
4.1711712 0.0048689
4.2702703 0.0049659
4.3693694 0.0046426
4.4684685 0.0048915
4.5675676 0.0044755
4.6666667 0.0047585
4.7657658 0.0048665
4.8648649 0.0049296
4.9639640 0.0049382
5.0630631 0.0052718
5.1621622 0.0047945
5.2612613 0.0045083
5.3603604 0.0045129
5.4594595 0.0049406
5.5585586 0.0051258
5.6576577 0.0057012
5.7567568 0.0054351
5.8558559 0.0048180
5.9549550 0.0048233
6.0540541 0.0049997
6.1531532 0.0052226
6.2522523 0.0051250
6.3513514 0.0052178
6.4504505 0.0050290
6.5495495 0.0053248
6.6486486 0.0049914
6.7477477 0.0050710
6.8468468 0.0049945
6.9459459 0.0049404
7.0450450 0.0061455
7.1441441 0.0058449
7.2432432 0.0058540
7.3423423 0.0061840
7.4414414 0.0058555
7.5405405 0.0050202
7.6396396 0.0045779
7.7387387 0.0045487
7.8378378 0.0054505
7.9369369 0.0050899
8.0360360 0.0055412
8.1351351 0.0057282
8.2342342 0.0051310
8.3333333 0.0055057
8.4324324 0.0053563
8.5315315 0.0050607
8.6306306 0.0051024
8.7297297 0.0052965
8.8288288 0.0062743
8.9279279 0.0065560
9.0270270 0.0059352
9.1261261 0.0051726
9.2252252 0.0054053
9.3243243 0.0052386
9.4234234 0.0059853
9.5225225 0.0059242
9.6216216 0.0061014
9.7207207 0.0051962
9.8198198 0.0053189
9.9189189 0.0051634
10.0180180 0.0049949
10.1171171 0.0047266
10.2162162 0.0048525
10.3153153 0.0044540
10.4144144 0.0045565
10.5135135 0.0051375
10.6126126 0.0050650
10.7117117 0.0050631
10.8108108 0.0047584
10.9099099 0.0047594
11.0090090 0.0051707
11.1081081 0.0050456
11.2072072 0.0047705
11.3063063 0.0050369
11.4054054 0.0047410
11.5045045 0.0049214
11.6036036 0.0051439
11.7027027 0.0047810
11.8018018 0.0053177
11.9009009 0.0050311
12.0000000 0.0047439
12.0990991 0.0051709
12.1981982 0.0048553
12.2972973 0.0052211
12.3963964 0.0051426
12.4954955 0.0055037
12.5945946 0.0053810
12.6936937 0.0056925
12.7927928 0.0053891
12.8918919 0.0052130
12.9909910 0.0050813
13.0900901 0.0048878
13.1891892 0.0051182
13.2882883 0.0053391
13.3873874 0.0052170
13.4864865 0.0056185
13.5855856 0.0056673
13.6846847 0.0053827
13.7837838 0.0052778
13.8828829 0.0055036
13.9819820 0.0056040
14.0810811 0.0055117
14.1801802 0.0050054
14.2792793 0.0050081
14.3783784 0.0050096
14.4774775 0.0056186
14.5765766 0.0052527
14.6756757 0.0049858
14.7747748 0.0051389
14.8738739 0.0054214
14.9729730 0.0053536
15.0720721 0.0049616
15.1711712 0.0042625
15.2702703 0.0043899
15.3693694 0.0043668
15.4684685 0.0048221
15.5675676 0.0052719
15.6666667 0.0052365
15.7657658 0.0051177
15.8648649 0.0051202
15.9639640 0.0046650
16.0630631 0.0050288
16.1621622 0.0056122
16.2612613 0.0053657
16.3603604 0.0046552
16.4594595 0.0045492
16.5585586 0.0044374
16.6576577 0.0050607
16.7567568 0.0059265
16.8558559 0.0054957
16.9549550 0.0050670
17.0540541 0.0058126
17.1531532 0.0048227
17.2522523 0.0053795
17.3513514 0.0054149
17.4504505 0.0055397
17.5495495 0.0056953
17.6486486 0.0053113
17.7477477 0.0050015
17.8468468 0.0050639
17.9459459 0.0050000
18.0450450 0.0052123
18.1441441 0.0051559
18.2432432 0.0050143
18.3423423 0.0046596
18.4414414 0.0047252
18.5405405 0.0047418
18.6396396 0.0045688
18.7387387 0.0058511
18.8378378 0.0052808
18.9369369 0.0052220
19.0360360 0.0045458
19.1351351 0.0048333
19.2342342 0.0053734
19.3333333 0.0050997
19.4324324 0.0053798
19.5315315 0.0050151
19.6306306 0.0051454
19.7297297 0.0053274
19.8288288 0.0052261
19.9279279 0.0058431
20.0270270 0.0052707
20.1261261 0.0043701
20.2252252 0.0048109
20.3243243 0.0050153
20.4234234 0.0058781
20.5225225 0.0045743
20.6216216 0.0045490
20.7207207 0.0044139
20.8198198 0.0046417
20.9189189 0.0046977
21.0180180 0.0048174
21.1171171 0.0052460
21.2162162 0.0051450
21.3153153 0.0046796
21.4144144 0.0059777
21.5135135 0.0052168
21.6126126 0.0052202
21.7117117 0.0052195
21.8108108 0.0048926
21.9099099 0.0045803
22.0090090 0.0047736
22.1081081 0.0048004
22.2072072 0.0047137
22.3063063 0.0046981
22.4054054 0.0053667
22.5045045 0.0053529
22.6036036 0.0048077
22.7027027 0.0056209
22.8018018 0.0054308
22.9009009 0.0055164
23.0000000 0.0056456
23.0990991 0.0059898
23.1981982 0.0055460
23.2972973 0.0055929
23.3963964 0.0062343
23.4954955 0.0053028
23.5945946 0.0049857
23.6936937 0.0051415
23.7927928 0.0049846
23.8918919 0.0050504
23.9909910 0.0054539
24.0900901 0.0055341
24.1891892 0.0054600
24.2882883 0.0050363
24.3873874 0.0055725
24.4864865 0.0057710
24.5855856 0.0053195
24.6846847 0.0053600
24.7837838 0.0049548
24.8828829 0.0051223
24.9819820 0.0050940
25.0810811 0.0050913
25.1801802 0.0047305
25.2792793 0.0048537
25.3783784 0.0048036
25.4774775 0.0048275
25.5765766 0.0052979
25.6756757 0.0054525
25.7747748 0.0054436
25.8738739 0.0052793
25.9729730 0.0053766
26.0720721 0.0048486
26.1711712 0.0053251
26.2702703 0.0053927
26.3693694 0.0053982
26.4684685 0.0047413
26.5675676 0.0047071
26.6666667 0.0051507
26.7657658 0.0047965
26.8648649 0.0051160
26.9639640 0.0049893
27.0630631 0.0047139
27.1621622 0.0049804
27.2612613 0.0045301
27.3603604 0.0048021
27.4594595 0.0048717
27.5585586 0.0052777
27.6576577 0.0052217
27.7567568 0.0052950
27.8558559 0.0057853
27.9549550 0.0062594
28.0540541 0.0055894
28.1531532 0.0051172
28.2522523 0.0056182
28.3513514 0.0045981
28.4504505 0.0050077
28.5495495 0.0047856
28.6486486 0.0048315
28.7477477 0.0045429
28.8468468 0.0048287
28.9459459 0.0054474
29.0450450 0.0060143
29.1441441 0.0067243
29.2432432 0.0068720
29.3423423 0.0065685
29.4414414 0.0058501
29.5405405 0.0054680
29.6396396 0.0059933
29.7387387 0.0061734
29.8378378 0.0057208
29.9369369 0.0046080
30.0360360 0.0046746
30.1351351 0.0047947
30.2342342 0.0049618
30.3333333 0.0047227
30.4324324 0.0051250
30.5315315 0.0058200
30.6306306 0.0058194
30.7297297 0.0049448
30.8288288 0.0050946
30.9279279 0.0051171
31.0270270 0.0055757
31.1261261 0.0055080
31.2252252 0.0054990
31.3243243 0.0052636
31.4234234 0.0054977
31.5225225 0.0053522
31.6216216 0.0056258
31.7207207 0.0054938
31.8198198 0.0059683
31.9189189 0.0065084
32.0180180 0.0063469
32.1171171 0.0064680
32.2162162 0.0058995
32.3153153 0.0058993
32.4144144 0.0058932
32.5135135 0.0058238
32.6126126 0.0050403
32.7117117 0.0057623
32.8108108 0.0058097
32.9099099 0.0057251
33.0090090 0.0051087
33.1081081 0.0051504
33.2072072 0.0053884
33.3063063 0.0059251
33.4054054 0.0058353
33.5045045 0.0052192
33.6036036 0.0049042
33.7027027 0.0053334
33.8018018 0.0056376
33.9009009 0.0062815
34.0000000 0.0053341
34.0990991 0.0057812
34.1981982 0.0061998
34.2972973 0.0065877
34.3963964 0.0065186
34.4954955 0.0059726
34.5945946 0.0055740
34.6936937 0.0047135
34.7927928 0.0048996
34.8918919 0.0053506
34.9909910 0.0056261
35.0900901 0.0063144
35.1891892 0.0058408
35.2882883 0.0059602
35.3873874 0.0057566
35.4864865 0.0053502
35.5855856 0.0055022
35.6846847 0.0055075
35.7837838 0.0055186
35.8828829 0.0055021
35.9819820 0.0054570
36.0810811 0.0054674
36.1801802 0.0057903
36.2792793 0.0060068
36.3783784 0.0060000
36.4774775 0.0058626
36.5765766 0.0057537
36.6756757 0.0063533
36.7747748 0.0064743
36.8738739 0.0068864
36.9729730 0.0060402
37.0720721 0.0057374
37.1711712 0.0058246
37.2702703 0.0055350
37.3693694 0.0060184
37.4684685 0.0066377
37.5675676 0.0067335
37.6666667 0.0068420
37.7657658 0.0061949
37.8648649 0.0065693
37.9639640 0.0061213
38.0630631 0.0061114
38.1621622 0.0063775
38.2612613 0.0061784
38.3603604 0.0062490
38.4594595 0.0069006
38.5585586 0.0067409
38.6576577 0.0074241
38.7567568 0.0072949
38.8558559 0.0064358
38.9549550 0.0067296
39.0540541 0.0066351
39.1531532 0.0067526
39.2522523 0.0059560
39.3513514 0.0061743
39.4504505 0.0057465
39.5495495 0.0063469
39.6486486 0.0065983
39.7477477 0.0069530
39.8468468 0.0065392
39.9459459 0.0062003
40.0450450 0.0058244
40.1441441 0.0055587
40.2432432 0.0067792
40.3423423 0.0070773
40.4414414 0.0070444
40.5405405 0.0070765
40.6396396 0.0068907
40.7387387 0.0076170
40.8378378 0.0070583
40.9369369 0.0075486
41.0360360 0.0071823
41.1351351 0.0062562
41.2342342 0.0059629
41.3333333 0.0063309
41.4324324 0.0063794
41.5315315 0.0065037
41.6306306 0.0061002
41.7297297 0.0063389
41.8288288 0.0063688
41.9279279 0.0064105
42.0270270 0.0063598
42.1261261 0.0067297
42.2252252 0.0060195
42.3243243 0.0062321
42.4234234 0.0058060
42.5225225 0.0060544
42.6216216 0.0064581
42.7207207 0.0070421
42.8198198 0.0066856
42.9189189 0.0060257
43.0180180 0.0060240
43.1171171 0.0060439
43.2162162 0.0064603
43.3153153 0.0069119
43.4144144 0.0072248
43.5135135 0.0070641
43.6126126 0.0063042
43.7117117 0.0066954
43.8108108 0.0065955
43.9099099 0.0066570
44.0090090 0.0068124
44.1081081 0.0069537
44.2072072 0.0073993
44.3063063 0.0073160
44.4054054 0.0079128
44.5045045 0.0079480
44.6036036 0.0075574
44.7027027 0.0068799
44.8018018 0.0072391
44.9009009 0.0071516
45.0000000 0.0075592
45.0990991 0.0069349
45.1981982 0.0068676
45.2972973 0.0068422
45.3963964 0.0071819
45.4954955 0.0074163
45.5945946 0.0073593
45.6936937 0.0074503
45.7927928 0.0078471
45.8918919 0.0076691
45.9909910 0.0078133
46.0900901 0.0079507
46.1891892 0.0078855
46.2882883 0.0078757
46.3873874 0.0079397
46.4864865 0.0080500
46.5855856 0.0075635
46.6846847 0.0076361
46.7837838 0.0080307
46.8828829 0.0075069
46.9819820 0.0078638
47.0810811 0.0079863
47.1801802 0.0082002
47.2792793 0.0087294
47.3783784 0.0083573
47.4774775 0.0084231
47.5765766 0.0092610
47.6756757 0.0083978
47.7747748 0.0083340
47.8738739 0.0085042
47.9729730 0.0087465
48.0720721 0.0087933
48.1711712 0.0085084
48.2702703 0.0086067
48.3693694 0.0089899
48.4684685 0.0089859
48.5675676 0.0100198
48.6666667 0.0099595
48.7657658 0.0089319
48.8648649 0.0088899
48.9639640 0.0087207
49.0630631 0.0094145
49.1621622 0.0088086
49.2612613 0.0093071
49.3603604 0.0092630
49.4594595 0.0091840
49.5585586 0.0097019
49.6576577 0.0101178
49.7567568 0.0098813
49.8558559 0.0098928
49.9549550 0.0097909
50.0540541 0.0107685
50.1531532 0.0107686
50.2522523 0.0100352
50.3513514 0.0106328
50.4504505 0.0106245
50.5495495 0.0108879
50.6486486 0.0116309
50.7477477 0.0113941
50.8468468 0.0108455
50.9459459 0.0104592
51.0450450 0.0117188
51.1441441 0.0116098
51.2432432 0.0115804
51.3423423 0.0126187
51.4414414 0.0125430
51.5405405 0.0131074
51.6396396 0.0134085
51.7387387 0.0133009
51.8378378 0.0129332
51.9369369 0.0137281
52.0360360 0.0137193
52.1351351 0.0138476
52.2342342 0.0134181
52.3333333 0.0121941
52.4324324 0.0131370
52.5315315 0.0135814
52.6306306 0.0132661
52.7297297 0.0141256
52.8288288 0.0150942
52.9279279 0.0150979
53.0270270 0.0154122
53.1261261 0.0140073
53.2252252 0.0141139
53.3243243 0.0153073
53.4234234 0.0158966
53.5225225 0.0164006
53.6216216 0.0162499
53.7207207 0.0162247
53.8198198 0.0163278
53.9189189 0.0175135
54.0180180 0.0190202
54.1171171 0.0180187
54.2162162 0.0183601
54.3153153 0.0177136
54.4144144 0.0180307
54.5135135 0.0182479
54.6126126 0.0196261
54.7117117 0.0180372
54.8108108 0.0184388
54.9099099 0.0202175
55.0090090 0.0196525
55.1081081 0.0195901
55.2072072 0.0197672
55.3063063 0.0189461
55.4054054 0.0185059
55.5045045 0.0188226
55.6036036 0.0190237
55.7027027 0.0185322
55.8018018 0.0192402
55.9009009 0.0198429
56.0000000 0.0196586
56.0990991 0.0187747
56.1981982 0.0190199
56.2972973 0.0194285
56.3963964 0.0186699
56.4954955 0.0189268
56.5945946 0.0188466
56.6936937 0.0181329
56.7927928 0.0185717
56.8918919 0.0185647
56.9909910 0.0181198
57.0900901 0.0182743
57.1891892 0.0177601
57.2882883 0.0175285
57.3873874 0.0177860
57.4864865 0.0177839
57.5855856 0.0177930
57.6846847 0.0168130
57.7837838 0.0164665
57.8828829 0.0161371
57.9819820 0.0170760
58.0810811 0.0168247
58.1801802 0.0167994
58.2792793 0.0160280
58.3783784 0.0163566
58.4774775 0.0163404
58.5765766 0.0164787
58.6756757 0.0158212
58.7747748 0.0156523
58.8738739 0.0147705
58.9729730 0.0143122
59.0720721 0.0135081
59.1711712 0.0140944
59.2702703 0.0137098
59.3693694 0.0145584
59.4684685 0.0142177
59.5675676 0.0143024
59.6666667 0.0132415
59.7657658 0.0128264
59.8648649 0.0128912
59.9639640 0.0131109
60.0630631 0.0127953
60.1621622 0.0124107
60.2612613 0.0113282
60.3603604 0.0121592
60.4594595 0.0126287
60.5585586 0.0109169
60.6576577 0.0110334
60.7567568 0.0111274
60.8558559 0.0111216
60.9549550 0.0105548
61.0540541 0.0106573
61.1531532 0.0106886
61.2522523 0.0106133
61.3513514 0.0106849
61.4504505 0.0100588
61.5495495 0.0102795
61.6486486 0.0107117
61.7477477 0.0112281
61.8468468 0.0103293
61.9459459 0.0100525
62.0450450 0.0106540
62.1441441 0.0105334
62.2432432 0.0109938
62.3423423 0.0095506
62.4414414 0.0100028
62.5405405 0.0091681
62.6396396 0.0098266
62.7387387 0.0094581
62.8378378 0.0084395
62.9369369 0.0084542
63.0360360 0.0091346
63.1351351 0.0080935
63.2342342 0.0101529
63.3333333 0.0091381
63.4324324 0.0090579
63.5315315 0.0094715
63.6306306 0.0084625
63.7297297 0.0082956
63.8288288 0.0086145
63.9279279 0.0085763
64.0270270 0.0111826
64.1261261 0.0104740
64.2252252 0.0091741
64.3243243 0.0086275
64.4234234 0.0086046
64.5225225 0.0085563
64.6216216 0.0089020
64.7207207 0.0087779
64.8198198 0.0082243
64.9189189 0.0081116
65.0180180 0.0090442
65.1171171 0.0086298
65.2162162 0.0093811
65.3153153 0.0100237
65.4144144 0.0095323
65.5135135 0.0093459
65.6126126 0.0084975
65.7117117 0.0082464
65.8108108 0.0086847
65.9099099 0.0088251
66.0090090 0.0077962
66.1081081 0.0078520
66.2072072 0.0081693
66.3063063 0.0072983
66.4054054 0.0071759
66.5045045 0.0074338
66.6036036 0.0074634
66.7027027 0.0075875
66.8018018 0.0074009
66.9009009 0.0072529
67.0000000 0.0072178
67.0990991 0.0069882
67.1981982 0.0070490
67.2972973 0.0072334
67.3963964 0.0067338
67.4954955 0.0065271
67.5945946 0.0068324
67.6936937 0.0071522
67.7927928 0.0066597
67.8918919 0.0071623
67.9909910 0.0070706
68.0900901 0.0072561
68.1891892 0.0076688
68.2882883 0.0077104
68.3873874 0.0076368
68.4864865 0.0073787
68.5855856 0.0075514
68.6846847 0.0066044
68.7837838 0.0068042
68.8828829 0.0066335
68.9819820 0.0066071
69.0810811 0.0060943
69.1801802 0.0059806
69.2792793 0.0061176
69.3783784 0.0062718
69.4774775 0.0063671
69.5765766 0.0066070
69.6756757 0.0072190
69.7747748 0.0072157
69.8738739 0.0074276
69.9729730 0.0062590
70.0720721 0.0064498
70.1711712 0.0065938
70.2702703 0.0068205
70.3693694 0.0062693
70.4684685 0.0069286
70.5675676 0.0070501
70.6666667 0.0063582
70.7657658 0.0061199
70.8648649 0.0066702
70.9639640 0.0064519
71.0630631 0.0061219
71.1621622 0.0072069
71.2612613 0.0072597
71.3603604 0.0071902
71.4594595 0.0070423
71.5585586 0.0070657
71.6576577 0.0060922
71.7567568 0.0063301
71.8558559 0.0065588
71.9549550 0.0065676
72.0540541 0.0063536
72.1531532 0.0060599
72.2522523 0.0062765
72.3513514 0.0068101
72.4504505 0.0061101
72.5495495 0.0062256
72.6486486 0.0060199
72.7477477 0.0063843
72.8468468 0.0069435
72.9459459 0.0069711
73.0450450 0.0063198
73.1441441 0.0059114
73.2432432 0.0058582
73.3423423 0.0058932
73.4414414 0.0057501
73.5405405 0.0064898
73.6396396 0.0064526
73.7387387 0.0068801
73.8378378 0.0066302
73.9369369 0.0068574
74.0360360 0.0058136
74.1351351 0.0056550
74.2342342 0.0056661
74.3333333 0.0064235
74.4324324 0.0073181
74.5315315 0.0069589
74.6306306 0.0063027
74.7297297 0.0068550
74.8288288 0.0060623
74.9279279 0.0064453
75.0270270 0.0057213
75.1261261 0.0058993
75.2252252 0.0059122
75.3243243 0.0055750
75.4234234 0.0060102
75.5225225 0.0060096
75.6216216 0.0059048
75.7207207 0.0072470
75.8198198 0.0056137
75.9189189 0.0061459
76.0180180 0.0058547
76.1171171 0.0063179
76.2162162 0.0060148
76.3153153 0.0059686
76.4144144 0.0057051
76.5135135 0.0058025
76.6126126 0.0052915
76.7117117 0.0054231
76.8108108 0.0050839
76.9099099 0.0052706
77.0090090 0.0052825
77.1081081 0.0052483
77.2072072 0.0049226
77.3063063 0.0048442
77.4054054 0.0053319
77.5045045 0.0058071
77.6036036 0.0052347
77.7027027 0.0051145
77.8018018 0.0059394
77.9009009 0.0061394
78.0000000 0.0056076
78.0990991 0.0055133
78.1981982 0.0051962
78.2972973 0.0050944
78.3963964 0.0052982
78.4954955 0.0062551
78.5945946 0.0062983
78.6936937 0.0057283
78.7927928 0.0053906
78.8918919 0.0053574
78.9909910 0.0059363
79.0900901 0.0053067
79.1891892 0.0054017
79.2882883 0.0053121
79.3873874 0.0063295
79.4864865 0.0050673
79.5855856 0.0049910
79.6846847 0.0053328
79.7837838 0.0060382
79.8828829 0.0060041
79.9819820 0.0046389
80.0810811 0.0046562
80.1801802 0.0048696
80.2792793 0.0050934
80.3783784 0.0050912
80.4774775 0.0051236
80.5765766 0.0051482
80.6756757 0.0056279
80.7747748 0.0052427
80.8738739 0.0056722
80.9729730 0.0049384
81.0720721 0.0057972
81.1711712 0.0057938
81.2702703 0.0062898
81.3693694 0.0061091
81.4684685 0.0057589
81.5675676 0.0053868
81.6666667 0.0050576
81.7657658 0.0058411
81.8648649 0.0053904
81.9639640 0.0050795
82.0630631 0.0055581
82.1621622 0.0052277
82.2612613 0.0056029
82.3603604 0.0051287
82.4594595 0.0050811
82.5585586 0.0050805
82.6576577 0.0050802
82.7567568 0.0045395
82.8558559 0.0041906
82.9549550 0.0044443
83.0540541 0.0058834
83.1531532 0.0057207
83.2522523 0.0058845
83.3513514 0.0050067
83.4504505 0.0052553
83.5495495 0.0053169
83.6486486 0.0051984
83.7477477 0.0054596
83.8468468 0.0052432
83.9459459 0.0051466
84.0450450 0.0054521
84.1441441 0.0054084
84.2432432 0.0056480
84.3423423 0.0052029
84.4414414 0.0052446
84.5405405 0.0059200
84.6396396 0.0057718
84.7387387 0.0055553
84.8378378 0.0067587
84.9369369 0.0055087
85.0360360 0.0054060
85.1351351 0.0053890
85.2342342 0.0053782
85.3333333 0.0052764
85.4324324 0.0044469
85.5315315 0.0045541
85.6306306 0.0048233
85.7297297 0.0056656
85.8288288 0.0058684
85.9279279 0.0058603
86.0270270 0.0064231
86.1261261 0.0063137
86.2252252 0.0067896
86.3243243 0.0058941
86.4234234 0.0050803
86.5225225 0.0049564
86.6216216 0.0049568
86.7207207 0.0053188
86.8198198 0.0058561
86.9189189 0.0051425
87.0180180 0.0045767
87.1171171 0.0047294
87.2162162 0.0046741
87.3153153 0.0047468
87.4144144 0.0052545
87.5135135 0.0056529
87.6126126 0.0053582
87.7117117 0.0051618
87.8108108 0.0051707
87.9099099 0.0063621
88.0090090 0.0063376
88.1081081 0.0065869
88.2072072 0.0069073
88.3063063 0.0062673
88.4054054 0.0059029
88.5045045 0.0050107
88.6036036 0.0050523
88.7027027 0.0045834
88.8018018 0.0049020
88.9009009 0.0048120
89.0000000 0.0050245
89.0990991 0.0053655
89.1981982 0.0057085
89.2972973 0.0053882
89.3963964 0.0057187
89.4954955 0.0050776
89.5945946 0.0063003
89.6936937 0.0047146
89.7927928 0.0043743
89.8918919 0.0048768
89.9909910 0.0051000
90.0900901 0.0052350
90.1891892 0.0046738
90.2882883 0.0046084
90.3873874 0.0053671
90.4864865 0.0053302
90.5855856 0.0051371
90.6846847 0.0049243
90.7837838 0.0048457
90.8828829 0.0045081
90.9819820 0.0045796
91.0810811 0.0048873
91.1801802 0.0046120
91.2792793 0.0045557
91.3783784 0.0054723
91.4774775 0.0055126
91.5765766 0.0054953
91.6756757 0.0049230
91.7747748 0.0051871
91.8738739 0.0049992
91.9729730 0.0055250
92.0720721 0.0052876
92.1711712 0.0055643
92.2702703 0.0048017
92.3693694 0.0046392
92.4684685 0.0047398
92.5675676 0.0045338
92.6666667 0.0047499
92.7657658 0.0048949
92.8648649 0.0046822
92.9639640 0.0059528
93.0630631 0.0047029
93.1621622 0.0045362
93.2612613 0.0044664
93.3603604 0.0052390
93.4594595 0.0057424
93.5585586 0.0056685
93.6576577 0.0056764
93.7567568 0.0052047
93.8558559 0.0054428
93.9549550 0.0048068
94.0540541 0.0051822
94.1531532 0.0054039
94.2522523 0.0058125
94.3513514 0.0060474
94.4504505 0.0048399
94.5495495 0.0048993
94.6486486 0.0052685
94.7477477 0.0058628
94.8468468 0.0054142
94.9459459 0.0057211
95.0450450 0.0050160
95.1441441 0.0048538
95.2432432 0.0053578
95.3423423 0.0055144
95.4414414 0.0052284
95.5405405 0.0052203
95.6396396 0.0053845
95.7387387 0.0053830
95.8378378 0.0058788
95.9369369 0.0062217
96.0360360 0.0055897
96.1351351 0.0051954
96.2342342 0.0050962
96.3333333 0.0061775
96.4324324 0.0051386
96.5315315 0.0050398
96.6306306 0.0053804
96.7297297 0.0051936
96.8288288 0.0052869
96.9279279 0.0051568
97.0270270 0.0045558
97.1261261 0.0045793
97.2252252 0.0045318
97.3243243 0.0045715
97.4234234 0.0046101
97.5225225 0.0053552
97.6216216 0.0042526
97.7207207 0.0045191
97.8198198 0.0044914
97.9189189 0.0045763
98.0180180 0.0044492
98.1171171 0.0046529
98.2162162 0.0048446
98.3153153 0.0049169
98.4144144 0.0052937
98.5135135 0.0051774
98.6126126 0.0053757
98.7117117 0.0054417
98.8108108 0.0047373
98.9099099 0.0047382
99.0090090 0.0048921
99.1081081 0.0057802
99.2072072 0.0052780
99.3063063 0.0054991
99.4054054 0.0052821
99.5045045 0.0049540
99.6036036 0.0044918
99.7027027 0.0050065
99.8018018 0.0047659
99.9009009 0.0048309
100.0000000 0.0053873
