1.0000000 0.0049845
1.0990991 0.0048810
1.1981982 0.0047895
1.2972973 0.0056719
1.3963964 0.0052128
1.4954955 0.0059478
1.5945946 0.0061394
1.6936937 0.0053020
1.7927928 0.0054970
1.8918919 0.0057023
1.9909910 0.0050488
2.0900901 0.0049431
2.1891892 0.0052684
2.2882883 0.0055574
2.3873874 0.0056922
2.4864865 0.0060338
2.5855856 0.0067418
2.6846847 0.0060753
2.7837838 0.0056784
2.8828829 0.0061403
2.9819820 0.0049662
3.0810811 0.0052111
3.1801802 0.0059951
3.2792793 0.0063152
3.3783784 0.0057619
3.4774775 0.0059545
3.5765766 0.0059498
3.6756757 0.0059487
3.7747748 0.0056023
3.8738739 0.0054149
3.9729730 0.0054766
4.0720721 0.0056298
4.1711712 0.0047340
4.2702703 0.0047664
4.3693694 0.0049666
4.4684685 0.0070539
4.5675676 0.0055892
4.6666667 0.0050053
4.7657658 0.0053697
4.8648649 0.0051587
4.9639640 0.0050857
5.0630631 0.0058830
5.1621622 0.0057672
5.2612613 0.0064121
5.3603604 0.0064114
5.4594595 0.0067740
5.5585586 0.0069562
5.6576577 0.0063620
5.7567568 0.0063629
5.8558559 0.0058815
5.9549550 0.0066292
6.0540541 0.0065974
6.1531532 0.0067092
6.2522523 0.0058376
6.3513514 0.0065556
6.4504505 0.0060028
6.5495495 0.0057253
6.6486486 0.0055160
6.7477477 0.0050860
6.8468468 0.0051484
6.9459459 0.0053156
7.0450450 0.0052149
7.1441441 0.0052545
7.2432432 0.0052408
7.3423423 0.0053034
7.4414414 0.0053926
7.5405405 0.0048405
7.6396396 0.0049831
7.7387387 0.0049881
7.8378378 0.0054935
7.9369369 0.0054675
8.0360360 0.0052261
8.1351351 0.0051824
8.2342342 0.0061705
8.3333333 0.0061831
8.4324324 0.0047286
8.5315315 0.0057258
8.6306306 0.0056583
8.7297297 0.0067349
8.8288288 0.0058926
8.9279279 0.0049820
9.0270270 0.0048985
9.1261261 0.0061207
9.2252252 0.0066012
9.3243243 0.0064052
9.4234234 0.0054793
9.5225225 0.0062877
9.6216216 0.0062217
9.7207207 0.0053095
9.8198198 0.0051770
9.9189189 0.0054806
10.0180180 0.0057265
10.1171171 0.0053598
10.2162162 0.0052165
10.3153153 0.0057983
10.4144144 0.0064680
10.5135135 0.0067291
10.6126126 0.0057849
10.7117117 0.0057850
10.8108108 0.0062462
10.9099099 0.0062465
11.0090090 0.0057059
11.1081081 0.0052734
11.2072072 0.0052112
11.3063063 0.0054234
11.4054054 0.0056807
11.5045045 0.0056663
11.6036036 0.0057068
11.7027027 0.0052189
11.8018018 0.0047732
11.9009009 0.0055659
12.0000000 0.0050760
12.0990991 0.0058749
12.1981982 0.0056864
12.2972973 0.0051715
12.3963964 0.0054673
12.4954955 0.0053426
12.5945946 0.0056746
12.6936937 0.0057563
12.7927928 0.0055672
12.8918919 0.0063780
12.9909910 0.0058557
13.0900901 0.0054030
13.1891892 0.0057441
13.2882883 0.0062183
13.3873874 0.0064114
13.4864865 0.0059422
13.5855856 0.0055215
13.6846847 0.0052562
13.7837838 0.0053887
13.8828829 0.0051810
13.9819820 0.0052654
14.0810811 0.0060087
14.1801802 0.0057935
14.2792793 0.0057954
14.3783784 0.0057975
14.4774775 0.0060829
14.5765766 0.0060391
14.6756757 0.0057141
14.7747748 0.0056560
14.8738739 0.0058982
14.9729730 0.0054504
15.0720721 0.0058900
15.1711712 0.0059588
15.2702703 0.0055685
15.3693694 0.0052698
15.4684685 0.0046522
15.5675676 0.0051823
15.6666667 0.0049331
15.7657658 0.0058819
15.8648649 0.0058467
15.9639640 0.0057272
16.0630631 0.0064631
16.1621622 0.0068261
16.2612613 0.0061177
16.3603604 0.0064253
16.4594595 0.0060841
16.5585586 0.0056645
16.6576577 0.0057525
16.7567568 0.0051576
16.8558559 0.0059434
16.9549550 0.0060119
17.0540541 0.0064299
17.1531532 0.0058419
17.2522523 0.0062130
17.3513514 0.0060714
17.4504505 0.0059147
17.5495495 0.0059380
17.6486486 0.0054019
17.7477477 0.0053091
17.8468468 0.0053830
17.9459459 0.0054083
18.0450450 0.0062846
18.1441441 0.0057360
18.2432432 0.0060277
18.3423423 0.0063634
18.4414414 0.0068616
18.5405405 0.0064617
18.6396396 0.0055519
18.7387387 0.0056034
18.8378378 0.0061570
18.9369369 0.0064441
19.0360360 0.0061547
19.1351351 0.0063719
19.2342342 0.0055802
19.3333333 0.0067587
19.4324324 0.0059988
19.5315315 0.0061752
19.6306306 0.0055746
19.7297297 0.0057959
19.8288288 0.0053428
19.9279279 0.0054197
20.0270270 0.0055226
20.1261261 0.0058169
20.2252252 0.0065518
20.3243243 0.0063325
20.4234234 0.0053992
20.5225225 0.0053986
20.6216216 0.0055217
20.7207207 0.0062751
20.8198198 0.0056824
20.9189189 0.0055253
21.0180180 0.0055736
21.1171171 0.0061776
21.2162162 0.0058361
21.3153153 0.0057750
21.4144144 0.0057272
21.5135135 0.0057175
21.6126126 0.0057144
21.7117117 0.0057081
21.8108108 0.0062990
21.9099099 0.0060561
22.0090090 0.0057294
22.1081081 0.0055733
22.2072072 0.0057091
22.3063063 0.0061139
22.4054054 0.0063551
22.5045045 0.0069674
22.6036036 0.0071298
22.7027027 0.0061682
22.8018018 0.0058798
22.9009009 0.0065017
23.0000000 0.0073117
23.0990991 0.0070514
23.1981982 0.0069655
23.2972973 0.0056639
23.3963964 0.0059450
23.4954955 0.0061514
23.5945946 0.0058323
23.6936937 0.0060832
23.7927928 0.0055644
23.8918919 0.0057654
23.9909910 0.0061680
24.0900901 0.0059473
24.1891892 0.0061063
24.2882883 0.0060499
24.3873874 0.0067310
24.4864865 0.0064194
24.5855856 0.0056930
24.6846847 0.0051968
24.7837838 0.0057550
24.8828829 0.0055678
24.9819820 0.0055692
25.0810811 0.0055665
25.1801802 0.0069507
25.2792793 0.0066890
25.3783784 0.0060579
25.4774775 0.0059353
25.5765766 0.0058094
25.6756757 0.0067957
25.7747748 0.0071509
25.8738739 0.0061797
25.9729730 0.0061324
26.0720721 0.0060216
26.1711712 0.0067794
26.2702703 0.0063809
26.3693694 0.0058264
26.4684685 0.0057638
26.5675676 0.0059876
26.6666667 0.0061719
26.7657658 0.0052701
26.8648649 0.0050925
26.9639640 0.0050482
27.0630631 0.0061156
27.1621622 0.0063361
27.2612613 0.0061877
27.3603604 0.0058868
27.4594595 0.0058618
27.5585586 0.0061065
27.6576577 0.0059612
27.7567568 0.0056445
27.8558559 0.0053879
27.9549550 0.0057961
28.0540541 0.0064322
28.1531532 0.0057852
28.2522523 0.0061979
28.3513514 0.0061317
28.4504505 0.0064323
28.5495495 0.0073828
28.6486486 0.0072367
28.7477477 0.0069147
28.8468468 0.0068818
28.9459459 0.0065065
29.0450450 0.0058097
29.1441441 0.0059457
29.2432432 0.0056104
29.3423423 0.0057447
29.4414414 0.0059577
29.5405405 0.0056511
29.6396396 0.0062026
29.7387387 0.0066051
29.8378378 0.0062771
29.9369369 0.0059764
30.0360360 0.0059155
30.1351351 0.0066772
30.2342342 0.0058317
30.3333333 0.0059164
30.4324324 0.0070524
30.5315315 0.0061852
30.6306306 0.0061888
30.7297297 0.0068819
30.8288288 0.0063994
30.9279279 0.0066237
31.0270270 0.0067428
31.1261261 0.0063308
31.2252252 0.0067829
31.3243243 0.0063276
31.4234234 0.0061236
31.5225225 0.0062226
31.6216216 0.0063406
31.7207207 0.0059734
31.8198198 0.0061258
31.9189189 0.0063256
32.0180180 0.0059664
32.1171171 0.0058636
32.2162162 0.0059664
32.3153153 0.0059591
32.4144144 0.0059749
32.5135135 0.0058632
32.6126126 0.0059500
32.7117117 0.0063493
32.8108108 0.0055554
32.9099099 0.0054626
33.0090090 0.0056391
33.1081081 0.0062860
33.2072072 0.0069266
33.3063063 0.0057442
33.4054054 0.0059216
33.5045045 0.0060010
33.6036036 0.0062968
33.7027027 0.0064861
33.8018018 0.0061414
33.9009009 0.0062452
34.0000000 0.0058665
34.0990991 0.0067287
34.1981982 0.0063441
34.2972973 0.0063755
34.3963964 0.0068419
34.4954955 0.0070110
34.5945946 0.0061381
34.6936937 0.0068459
34.7927928 0.0066141
34.8918919 0.0070558
34.9909910 0.0071260
35.0900901 0.0074717
35.1891892 0.0068450
35.2882883 0.0076017
35.3873874 0.0074552
35.4864865 0.0068412
35.5855856 0.0067705
35.6846847 0.0067769
35.7837838 0.0067693
35.8828829 0.0064860
35.9819820 0.0068573
36.0810811 0.0068634
36.1801802 0.0076037
36.2792793 0.0083407
36.3783784 0.0080963
36.4774775 0.0077124
36.5765766 0.0068470
36.6756757 0.0067307
36.7747748 0.0066886
36.8738739 0.0061631
36.9729730 0.0069750
37.0720721 0.0063908
37.1711712 0.0066232
37.2702703 0.0070518
37.3693694 0.0060504
37.4684685 0.0062980
37.5675676 0.0063246
37.6666667 0.0062882
37.7657658 0.0069538
37.8648649 0.0067336
37.9639640 0.0064435
38.0630631 0.0075745
38.1621622 0.0081406
38.2612613 0.0081599
38.3603604 0.0076861
38.4594595 0.0067577
38.5585586 0.0070095
38.6576577 0.0066104
38.7567568 0.0067351
38.8558559 0.0081189
38.9549550 0.0071909
39.0540541 0.0076883
39.1531532 0.0075979
39.2522523 0.0072350
39.3513514 0.0071698
39.4504505 0.0085617
39.5495495 0.0080436
39.6486486 0.0086172
39.7477477 0.0088088
39.8468468 0.0087671
39.9459459 0.0097034
40.0450450 0.0098091
40.1441441 0.0090448
40.2432432 0.0074063
40.3423423 0.0084726
40.4414414 0.0093239
40.5405405 0.0082487
40.6396396 0.0086092
40.7387387 0.0084589
40.8378378 0.0088525
40.9369369 0.0098129
41.0360360 0.0096869
41.1351351 0.0076255
41.2342342 0.0077830
41.3333333 0.0081704
41.4324324 0.0083716
41.5315315 0.0077857
41.6306306 0.0076978
41.7297297 0.0089896
41.8288288 0.0087849
41.9279279 0.0079923
42.0270270 0.0077353
42.1261261 0.0085798
42.2252252 0.0092505
42.3243243 0.0097017
42.4234234 0.0104084
42.5225225 0.0099783
42.6216216 0.0083034
42.7207207 0.0091474
42.8198198 0.0088695
42.9189189 0.0084003
43.0180180 0.0083794
43.1171171 0.0083785
43.2162162 0.0079501
43.3153153 0.0079264
43.4144144 0.0077571
43.5135135 0.0080417
43.6126126 0.0071072
43.7117117 0.0068070
43.8108108 0.0073473
43.9099099 0.0071136
44.0090090 0.0076038
44.1081081 0.0070819
44.2072072 0.0083587
44.3063063 0.0084353
44.4054054 0.0094890
44.5045045 0.0090186
44.6036036 0.0091929
44.7027027 0.0085679
44.8018018 0.0080404
44.9009009 0.0077930
45.0000000 0.0068857
45.0990991 0.0071003
45.1981982 0.0070903
45.2972973 0.0077314
45.3963964 0.0085643
45.4954955 0.0074903
45.5945946 0.0080792
45.6936937 0.0095618
45.7927928 0.0091455
45.8918919 0.0089436
45.9909910 0.0092650
46.0900901 0.0085521
46.1891892 0.0081596
46.2882883 0.0081007
46.3873874 0.0083246
46.4864865 0.0086013
46.5855856 0.0081704
46.6846847 0.0082028
46.7837838 0.0083000
46.8828829 0.0081523
46.9819820 0.0088958
47.0810811 0.0084202
47.1801802 0.0085517
47.2792793 0.0088409
47.3783784 0.0087248
47.4774775 0.0091614
47.5765766 0.0094317
47.6756757 0.0102846
47.7747748 0.0102259
47.8738739 0.0100135
47.9729730 0.0102395
48.0720721 0.0085231
48.1711712 0.0081581
48.2702703 0.0084117
48.3693694 0.0087853
48.4684685 0.0084885
48.5675676 0.0093979
48.6666667 0.0093641
48.7657658 0.0092844
48.8648649 0.0090885
48.9639640 0.0098345
49.0630631 0.0099741
49.1621622 0.0106131
49.2612613 0.0102426
49.3603604 0.0096914
49.4594595 0.0105233
49.5585586 0.0123836
49.6576577 0.0119996
49.7567568 0.0114465
49.8558559 0.0110722
49.9549550 0.0115055
50.0540541 0.0109923
50.1531532 0.0109877
50.2522523 0.0104987
50.3513514 0.0110861
50.4504505 0.0121766
50.5495495 0.0118207
50.6486486 0.0122834
50.7477477 0.0127714
50.8468468 0.0120738
50.9459459 0.0117279
51.0450450 0.0111689
51.1441441 0.0118074
51.2432432 0.0123581
51.3423423 0.0121620
51.4414414 0.0119497
51.5405405 0.0122857
51.6396396 0.0129496
51.7387387 0.0133438
51.8378378 0.0130400
51.9369369 0.0135774
52.0360360 0.0136896
52.1351351 0.0137070
52.2342342 0.0142343
52.3333333 0.0149041
52.4324324 0.0149530
52.5315315 0.0156348
52.6306306 0.0162169
52.7297297 0.0160936
52.8288288 0.0152291
52.9279279 0.0152463
53.0270270 0.0154251
53.1261261 0.0159176
53.2252252 0.0159668
53.3243243 0.0161919
53.4234234 0.0161716
53.5225225 0.0164098
53.6216216 0.0162408
53.7207207 0.0162856
53.8198198 0.0163334
53.9189189 0.0173054
54.0180180 0.0186971
54.1171171 0.0184397
54.2162162 0.0185246
54.3153153 0.0179266
54.4144144 0.0183081
54.5135135 0.0185065
54.6126126 0.0183103
54.7117117 0.0194912
54.8108108 0.0200066
54.9099099 0.0217277
55.0090090 0.0213483
55.1081081 0.0211550
55.2072072 0.0201598
55.3063063 0.0204579
55.4054054 0.0208147
55.5045045 0.0206439
55.6036036 0.0206551
55.7027027 0.0206582
55.8018018 0.0201648
55.9009009 0.0211402
56.0000000 0.0200289
56.0990991 0.0197136
56.1981982 0.0203722
56.2972973 0.0202963
56.3963964 0.0205942
56.4954955 0.0215373
56.5945946 0.0205664
56.6936937 0.0205416
56.7927928 0.0199836
56.8918919 0.0199362
56.9909910 0.0192577
57.0900901 0.0191810
57.1891892 0.0192466
57.2882883 0.0181034
57.3873874 0.0178211
57.4864865 0.0178153
57.5855856 0.0174175
57.6846847 0.0177076
57.7837838 0.0184686
57.8828829 0.0182998
57.9819820 0.0185044
58.0810811 0.0172618
58.1801802 0.0170895
58.2792793 0.0175893
58.3783784 0.0177800
58.4774775 0.0171790
58.5765766 0.0168522
58.6756757 0.0167640
58.7747748 0.0169786
58.8738739 0.0166571
58.9729730 0.0161584
59.0720721 0.0148843
59.1711712 0.0153639
59.2702703 0.0157419
59.3693694 0.0152258
59.4684685 0.0144640
59.5675676 0.0142417
59.6666667 0.0135370
59.7657658 0.0134993
59.8648649 0.0133316
59.9639640 0.0130478
60.0630631 0.0133829
60.1621622 0.0132018
60.2612613 0.0133573
60.3603604 0.0136242
60.4594595 0.0135285
60.5585586 0.0129602
60.6576577 0.0134787
60.7567568 0.0126324
60.8558559 0.0126368
60.9549550 0.0116340
61.0540541 0.0119547
61.1531532 0.0120029
61.2522523 0.0119654
61.3513514 0.0110709
61.4504505 0.0105297
61.5495495 0.0109533
61.6486486 0.0105789
61.7477477 0.0113475
61.8468468 0.0106576
61.9459459 0.0121303
62.0450450 0.0118118
62.1441441 0.0110964
62.2432432 0.0109557
62.3423423 0.0101309
62.4414414 0.0104141
62.5405405 0.0100099
62.6396396 0.0105781
62.7387387 0.0108697
62.8378378 0.0096132
62.9369369 0.0094244
63.0360360 0.0100581
63.1351351 0.0108822
63.2342342 0.0114383
63.3333333 0.0114784
63.4324324 0.0103456
63.5315315 0.0100491
63.6306306 0.0100176
63.7297297 0.0095531
63.8288288 0.0102290
63.9279279 0.0091552
64.0270270 0.0106832
64.1261261 0.0100157
64.2252252 0.0094719
64.3243243 0.0093937
64.4234234 0.0092693
64.5225225 0.0093691
64.6216216 0.0089504
64.7207207 0.0094200
64.8198198 0.0088067
64.9189189 0.0085367
65.0180180 0.0083643
65.1171171 0.0086552
65.2162162 0.0079657
65.3153153 0.0082402
65.4144144 0.0084019
65.5135135 0.0092230
65.6126126 0.0088116
65.7117117 0.0081348
65.8108108 0.0083094
65.9099099 0.0089837
66.0090090 0.0089466
66.1081081 0.0087784
66.2072072 0.0090293
66.3063063 0.0080240
66.4054054 0.0079664
66.5045045 0.0086747
66.6036036 0.0082040
66.7027027 0.0086712
66.8018018 0.0091213
66.9009009 0.0080122
67.0000000 0.0082173
67.0990991 0.0072054
67.1981982 0.0073282
67.2972973 0.0071482
67.3963964 0.0072857
67.4954955 0.0073559
67.5945946 0.0069938
67.6936937 0.0075686
67.7927928 0.0080398
67.8918919 0.0075092
67.9909910 0.0076595
68.0900901 0.0071629
68.1891892 0.0068878
68.2882883 0.0068793
68.3873874 0.0069893
68.4864865 0.0078806
68.5855856 0.0073011
68.6846847 0.0072485
68.7837838 0.0071731
68.8828829 0.0076657
68.9819820 0.0089220
69.0810811 0.0080860
69.1801802 0.0081480
69.2792793 0.0076665
69.3783784 0.0072193
69.4774775 0.0070931
69.5765766 0.0071811
69.6756757 0.0071152
69.7747748 0.0068507
69.8738739 0.0071096
69.9729730 0.0072749
70.0720721 0.0067276
70.1711712 0.0077156
70.2702703 0.0073964
70.3693694 0.0072303
70.4684685 0.0069099
70.5675676 0.0071054
70.6666667 0.0075967
70.7657658 0.0069011
70.8648649 0.0068075
70.9639640 0.0069242
71.0630631 0.0068298
71.1621622 0.0070429
71.2612613 0.0069828
71.3603604 0.0073280
71.4594595 0.0077803
71.5585586 0.0077657
71.6576577 0.0079387
71.7567568 0.0083172
71.8558559 0.0075135
71.9549550 0.0075032
72.0540541 0.0067111
72.1531532 0.0065591
72.2522523 0.0069418
72.3513514 0.0069015
72.4504505 0.0069577
72.5495495 0.0069932
72.6486486 0.0065658
72.7477477 0.0070812
72.8468468 0.0068042
72.9459459 0.0066319
73.0450450 0.0065787
73.1441441 0.0072700
73.2432432 0.0079358
73.3423423 0.0081556
73.4414414 0.0073245
73.5405405 0.0071492
73.6396396 0.0072721
73.7387387 0.0077175
73.8378378 0.0081345
73.9369369 0.0077899
74.0360360 0.0073194
74.1351351 0.0074738
74.2342342 0.0074732
74.3333333 0.0075253
74.4324324 0.0076180
74.5315315 0.0080194
74.6306306 0.0073927
74.7297297 0.0072815
74.8288288 0.0071479
74.9279279 0.0067284
75.0270270 0.0069070
75.1261261 0.0071460
75.2252252 0.0071390
75.3243243 0.0081829
75.4234234 0.0064064
75.5225225 0.0064241
75.6216216 0.0069102
75.7207207 0.0061365
75.8198198 0.0064411
75.9189189 0.0067254
76.0180180 0.0069755
76.1171171 0.0072661
76.2162162 0.0073332
76.3153153 0.0062584
76.4144144 0.0073012
76.5135135 0.0066145
76.6126126 0.0067129
76.7117117 0.0068572
76.8108108 0.0067752
76.9099099 0.0074206
77.0090090 0.0082066
77.1081081 0.0076955
77.2072072 0.0078150
77.3063063 0.0076437
77.4054054 0.0074313
77.5045045 0.0062263
77.6036036 0.0070317
77.7027027 0.0069565
77.8018018 0.0063841
77.9009009 0.0066032
78.0000000 0.0071264
78.0990991 0.0073144
78.1981982 0.0075097
78.2972973 0.0067814
78.3963964 0.0065232
78.4954955 0.0059933
78.5945946 0.0067858
78.6936937 0.0065512
78.7927928 0.0067366
78.8918919 0.0064990
78.9909910 0.0061018
79.0900901 0.0057510
79.1891892 0.0056567
79.2882883 0.0068987
79.3873874 0.0068432
79.4864865 0.0074411
79.5855856 0.0075905
79.6846847 0.0071567
79.7837838 0.0065464
79.8828829 0.0062325
79.9819820 0.0058437
80.0810811 0.0060439
80.1801802 0.0061146
80.2792793 0.0065466
80.3783784 0.0060859
80.4774775 0.0053984
80.5765766 0.0054844
80.6756757 0.0063141
80.7747748 0.0063475
80.8738739 0.0060734
80.9729730 0.0066940
81.0720721 0.0058976
81.1711712 0.0060291
81.2702703 0.0059846
81.3693694 0.0058637
81.4684685 0.0058963
81.5675676 0.0063671
81.6666667 0.0057945
81.7657658 0.0058611
81.8648649 0.0063206
81.9639640 0.0068670
82.0630631 0.0064177
82.1621622 0.0068161
82.2612613 0.0058810
82.3603604 0.0078847
82.4594595 0.0067186
82.5585586 0.0067166
82.6576577 0.0067165
82.7567568 0.0062352
82.8558559 0.0057733
82.9549550 0.0055115
83.0540541 0.0057053
83.1531532 0.0057896
83.2522523 0.0060688
83.3513514 0.0057122
83.4504505 0.0057993
83.5495495 0.0057608
83.6486486 0.0054787
83.7477477 0.0052915
83.8468468 0.0059161
83.9459459 0.0058969
84.0450450 0.0063116
84.1441441 0.0058483
84.2432432 0.0061213
84.3423423 0.0059579
84.4414414 0.0063492
84.5405405 0.0060395
84.6396396 0.0065320
84.7387387 0.0065243
84.8378378 0.0068278
84.9369369 0.0058737
85.0360360 0.0058607
85.1351351 0.0068169
85.2342342 0.0073404
85.3333333 0.0058010
85.4324324 0.0059070
85.5315315 0.0057828
85.6306306 0.0058602
85.7297297 0.0063241
85.8288288 0.0065234
85.9279279 0.0066043
86.0270270 0.0060710
86.1261261 0.0064276
86.2252252 0.0060347
86.3243243 0.0052417
86.4234234 0.0055267
86.5225225 0.0057076
86.6216216 0.0057114
86.7207207 0.0057384
86.8198198 0.0064576
86.9189189 0.0070737
87.0180180 0.0065073
87.1171171 0.0060652
87.2162162 0.0061114
87.3153153 0.0065875
87.4144144 0.0051969
87.5135135 0.0056055
87.6126126 0.0055731
87.7117117 0.0059351
87.8108108 0.0065795
87.9099099 0.0052345
88.0090090 0.0052659
88.1081081 0.0052593
88.2072072 0.0052955
88.3063063 0.0056732
88.4054054 0.0060091
88.5045045 0.0058653
88.6036036 0.0066667
88.7027027 0.0061887
88.8018018 0.0057327
88.9009009 0.0057778
89.0000000 0.0054891
89.0990991 0.0052601
89.1981982 0.0053207
89.2972973 0.0059833
89.3963964 0.0056991
89.4954955 0.0065455
89.5945946 0.0063570
89.6936937 0.0052621
89.7927928 0.0053145
89.8918919 0.0049397
89.9909910 0.0052374
90.0900901 0.0054110
90.1891892 0.0051414
90.2882883 0.0053556
90.3873874 0.0054858
90.4864865 0.0063402
90.5855856 0.0060717
90.6846847 0.0057704
90.7837838 0.0058773
90.8828829 0.0057505
90.9819820 0.0055019
91.0810811 0.0052163
91.1801802 0.0052659
91.2792793 0.0060665
91.3783784 0.0050096
91.4774775 0.0052209
91.5765766 0.0060193
91.6756757 0.0050024
91.7747748 0.0062795
91.8738739 0.0061558
91.9729730 0.0058826
92.0720721 0.0051546
92.1711712 0.0056650
92.2702703 0.0060602
92.3693694 0.0058537
92.4684685 0.0057228
92.5675676 0.0050358
92.6666667 0.0053813
92.7657658 0.0079266
92.8648649 0.0075921
92.9639640 0.0060294
93.0630631 0.0052199
93.1621622 0.0053492
93.2612613 0.0053326
93.3603604 0.0058557
93.4594595 0.0061396
93.5585586 0.0061001
93.6576577 0.0060972
93.7567568 0.0057581
93.8558559 0.0060966
93.9549550 0.0058189
94.0540541 0.0060489
94.1531532 0.0050168
94.2522523 0.0055679
94.3513514 0.0056465
94.4504505 0.0050129
94.5495495 0.0057895
94.6486486 0.0052891
94.7477477 0.0055077
94.8468468 0.0055892
94.9459459 0.0060428
95.0450450 0.0055565
95.1441441 0.0051860
95.2432432 0.0066652
95.3423423 0.0069092
95.4414414 0.0055746
95.5405405 0.0055670
95.6396396 0.0056428
95.7387387 0.0058218
95.8378378 0.0058229
95.9369369 0.0059193
96.0360360 0.0056717
96.1351351 0.0071124
96.2342342 0.0061319
96.3333333 0.0056446
96.4324324 0.0062708
96.5315315 0.0063343
96.6306306 0.0066433
96.7297297 0.0058999
96.8288288 0.0052630
96.9279279 0.0052425
97.0270270 0.0057142
97.1261261 0.0051086
97.2252252 0.0053535
97.3243243 0.0051055
97.4234234 0.0051644
97.5225225 0.0055866
97.6216216 0.0053390
97.7207207 0.0052197
97.8198198 0.0057580
97.9189189 0.0055496
98.0180180 0.0056247
98.1171171 0.0053412
98.2162162 0.0056468
98.3153153 0.0057256
98.4144144 0.0056244
98.5135135 0.0059608
98.6126126 0.0059940
98.7117117 0.0058741
98.8108108 0.0052788
98.9099099 0.0052882
99.0090090 0.0055072
99.1081081 0.0059719
99.2072072 0.0049536
99.3063063 0.0051731
99.4054054 0.0050666
99.5045045 0.0050411
99.6036036 0.0047302
99.7027027 0.0054979
99.8018018 0.0055976
99.9009009 0.0054028
100.0000000 0.0054666
