1.0000000 0.0546646
1.0990991 0.0546640
1.1981982 0.0546640
1.2972973 0.0556828
1.3963964 0.0570806
1.4954955 0.0578395
1.5945946 0.0584169
1.6936937 0.0556392
1.7927928 0.0563799
1.8918919 0.0552122
1.9909910 0.0545654
2.0900901 0.0547016
2.1891892 0.0546804
2.2882883 0.0557011
2.3873874 0.0560320
2.4864865 0.0570786
2.5855856 0.0581510
2.6846847 0.0578395
2.7837838 0.0576003
2.8828829 0.0584165
2.9819820 0.0556388
3.0810811 0.0563955
3.1801802 0.0564533
3.2792793 0.0566344
3.3783784 0.0562593
3.4774775 0.0565687
3.5765766 0.0572029
3.6756757 0.0577558
3.7747748 0.0583169
3.8738739 0.0578594
3.9729730 0.0576126
4.0720721 0.0584617
4.1711712 0.0583282
4.2702703 0.0589874
4.3693694 0.0576825
4.4684685 0.0570789
4.5675676 0.0584271
4.6666667 0.0593571
4.7657658 0.0591866
4.8648649 0.0598081
4.9639640 0.0598082
5.0630631 0.0596000
5.1621622 0.0582267
5.2612613 0.0589717
5.3603604 0.0593563
5.4594595 0.0585944
5.5585586 0.0593477
5.6576577 0.0584541
5.7567568 0.0596382
5.8558559 0.0610816
5.9549550 0.0610825
6.0540541 0.0617944
6.1531532 0.0620835
6.2522523 0.0609436
6.3513514 0.0604027
6.4504505 0.0615693
6.5495495 0.0609899
6.6486486 0.0607838
6.7477477 0.0593627
6.8468468 0.0593619
6.9459459 0.0605776
7.0450450 0.0605805
7.1441441 0.0625340
7.2432432 0.0624140
7.3423423 0.0628487
7.4414414 0.0640001
7.5405405 0.0634484
7.6396396 0.0632440
7.7387387 0.0607798
7.8378378 0.0621539
7.9369369 0.0622012
8.0360360 0.0608826
8.1351351 0.0612874
8.2342342 0.0610939
8.3333333 0.0618387
8.4324324 0.0618387
8.5315315 0.0646637
8.6306306 0.0641368
8.7297297 0.0633876
8.8288288 0.0634155
8.9279279 0.0646696
9.0270270 0.0643970
9.1261261 0.0624498
9.2252252 0.0624498
9.3243243 0.0614826
9.4234234 0.0616734
9.5225225 0.0618638
9.6216216 0.0633723
9.7207207 0.0628446
9.8198198 0.0625403
9.9189189 0.0639657
10.0180180 0.0656463
10.1171171 0.0656469
10.2162162 0.0645194
10.3153153 0.0651239
10.4144144 0.0651239
10.5135135 0.0633659
10.6126126 0.0619071
10.7117117 0.0619062
10.8108108 0.0637929
10.9099099 0.0629415
11.0090090 0.0632483
11.1081081 0.0640389
11.2072072 0.0660053
11.3063063 0.0666745
11.4054054 0.0662627
11.5045045 0.0656827
11.6036036 0.0653344
11.7027027 0.0656255
11.8018018 0.0641306
11.9009009 0.0641306
12.0000000 0.0643487
12.0990991 0.0643491
12.1981982 0.0644383
12.2972973 0.0652932
12.3963964 0.0647506
12.4954955 0.0646863
12.5945946 0.0663298
12.6936937 0.0658491
12.7927928 0.0660399
12.8918919 0.0666589
12.9909910 0.0662717
13.0900901 0.0646445
13.1891892 0.0655068
13.2882883 0.0651552
13.3873874 0.0651527
13.4864865 0.0651052
13.5855856 0.0642777
13.6846847 0.0642780
13.7837838 0.0642780
13.8828829 0.0642780
13.9819820 0.0666780
14.0810811 0.0666793
14.1801802 0.0666785
14.2792793 0.0668282
14.3783784 0.0671446
14.4774775 0.0651581
14.5765766 0.0664325
14.6756757 0.0664681
14.7747748 0.0663065
14.8738739 0.0666921
14.9729730 0.0659460
15.0720721 0.0656471
15.1711712 0.0664636
15.2702703 0.0674174
15.3693694 0.0666426
15.4684685 0.0677110
15.5675676 0.0678468
15.6666667 0.0675800
15.7657658 0.0684704
15.8648649 0.0680089
15.9639640 0.0672270
16.0630631 0.0678864
16.1621622 0.0681036
16.2612613 0.0677520
16.3603604 0.0666139
16.4594595 0.0679615
16.5585586 0.0679616
16.6576577 0.0682758
16.7567568 0.0682763
16.8558559 0.0691379
16.9549550 0.0686980
17.0540541 0.0696723
17.1531532 0.0688859
17.2522523 0.0698975
17.3513514 0.0684956
17.4504505 0.0682355
17.5495495 0.0694218
17.6486486 0.0701824
17.7477477 0.0701824
17.8468468 0.0697655
17.9459459 0.0706578
18.0450450 0.0697091
18.1441441 0.0702021
18.2432432 0.0717713
18.3423423 0.0704179
18.4414414 0.0691362
18.5405405 0.0691362
18.6396396 0.0692597
18.7387387 0.0695337
18.8378378 0.0704452
18.9369369 0.0718140
19.0360360 0.0728902
19.1351351 0.0738634
19.2342342 0.0750849
19.3333333 0.0722017
19.4324324 0.0717619
19.5315315 0.0709860
19.6306306 0.0698442
19.7297297 0.0707826
19.8288288 0.0709419
19.9279279 0.0703738
20.0270270 0.0696262
20.1261261 0.0718170
20.2252252 0.0752507
20.3243243 0.0752012
20.4234234 0.0751998
20.5225225 0.0751998
20.6216216 0.0751998
20.7207207 0.0709465
20.8198198 0.0709430
20.9189189 0.0709430
21.0180180 0.0709430
21.1171171 0.0709430
21.2162162 0.0717478
21.3153153 0.0758032
21.4144144 0.0757689
21.5135135 0.0751908
21.6126126 0.0752006
21.7117117 0.0753586
21.8108108 0.0764381
21.9099099 0.0743823
22.0090090 0.0739437
22.1081081 0.0729951
22.2072072 0.0724262
22.3063063 0.0729778
22.4054054 0.0736102
22.5045045 0.0749844
22.6036036 0.0758027
22.7027027 0.0759418
22.8018018 0.0769530
22.9009009 0.0770092
23.0000000 0.0757278
23.0990991 0.0750552
23.1981982 0.0738585
23.2972973 0.0734172
23.3963964 0.0736227
23.4954955 0.0745130
23.5945946 0.0756712
23.6936937 0.0758260
23.7927928 0.0776673
23.8918919 0.0772446
23.9909910 0.0772803
24.0900901 0.0758413
24.1891892 0.0758259
24.2882883 0.0744324
24.3873874 0.0741699
24.4864865 0.0741711
24.5855856 0.0737604
24.6846847 0.0735957
24.7837838 0.0771560
24.8828829 0.0771554
24.9819820 0.0771554
25.0810811 0.0779135
25.1801802 0.0778273
25.2792793 0.0759087
25.3783784 0.0754859
25.4774775 0.0744476
25.5765766 0.0742807
25.6756757 0.0742944
25.7747748 0.0738586
25.8738739 0.0735436
25.9729730 0.0750034
26.0720721 0.0750591
26.1711712 0.0770262
26.2702703 0.0772117
26.3693694 0.0759312
26.4684685 0.0759683
26.5675676 0.0755904
26.6666667 0.0747956
26.7657658 0.0748248
26.8648649 0.0754707
26.9639640 0.0752266
27.0630631 0.0738412
27.1621622 0.0751152
27.2612613 0.0744974
27.3603604 0.0745015
27.4594595 0.0772844
27.5585586 0.0755206
27.6576577 0.0755204
27.7567568 0.0755204
27.8558559 0.0755293
27.9549550 0.0759753
28.0540541 0.0755792
28.1531532 0.0755825
28.2522523 0.0763934
28.3513514 0.0747980
28.4504505 0.0748505
28.5495495 0.0744443
28.6486486 0.0746712
28.7477477 0.0740928
28.8468468 0.0756137
28.9459459 0.0755552
29.0450450 0.0755858
29.1441441 0.0753852
29.2432432 0.0763012
29.3423423 0.0763574
29.4414414 0.0767905
29.5405405 0.0766253
29.6396396 0.0759361
29.7387387 0.0761720
29.8378378 0.0756735
29.9369369 0.0761131
30.0360360 0.0761130
30.1351351 0.0761225
30.2342342 0.0752790
30.3333333 0.0747763
30.4324324 0.0748241
30.5315315 0.0761677
30.6306306 0.0775433
30.7297297 0.0773167
30.8288288 0.0773167
30.9279279 0.0772993
31.0270270 0.0772993
31.1261261 0.0772987
31.2252252 0.0763873
31.3243243 0.0763973
31.4234234 0.0762270
31.5225225 0.0755568
31.6216216 0.0746756
31.7207207 0.0752597
31.8198198 0.0758174
31.9189189 0.0773256
32.0180180 0.0759880
32.1171171 0.0764778
32.2162162 0.0758743
32.3153153 0.0774956
32.4144144 0.0767517
32.5135135 0.0768066
32.6126126 0.0763144
32.7117117 0.0767739
32.8108108 0.0765114
32.9099099 0.0767103
33.0090090 0.0766541
33.1081081 0.0766502
33.2072072 0.0757218
33.3063063 0.0757160
33.4054054 0.0765771
33.5045045 0.0765772
33.6036036 0.0766694
33.7027027 0.0761008
33.8018018 0.0765678
33.9009009 0.0770233
34.0000000 0.0763765
34.0990991 0.0777507
34.1981982 0.0774764
34.2972973 0.0752180
34.3963964 0.0751469
34.4954955 0.0766942
34.5945946 0.0767198
34.6936937 0.0762936
34.7927928 0.0766677
34.8918919 0.0758259
34.9909910 0.0761345
35.0900901 0.0762248
35.1891892 0.0766797
35.2882883 0.0780557
35.3873874 0.0775147
35.4864865 0.0762696
35.5855856 0.0761022
35.6846847 0.0761022
35.7837838 0.0766561
35.8828829 0.0765357
35.9819820 0.0757829
36.0810811 0.0757268
36.1801802 0.0751171
36.2792793 0.0755764
36.3783784 0.0760190
36.4774775 0.0774204
36.5765766 0.0761385
36.6756757 0.0768974
36.7747748 0.0768974
36.8738739 0.0763123
36.9729730 0.0758856
37.0720721 0.0759056
37.1711712 0.0752347
37.2702703 0.0756341
37.3693694 0.0750909
37.4684685 0.0755653
37.5675676 0.0769393
37.6666667 0.0755170
37.7657658 0.0757901
37.8648649 0.0761681
37.9639640 0.0760672
38.0630631 0.0756338
38.1621622 0.0755208
38.2612613 0.0754960
38.3603604 0.0756400
38.4594595 0.0752449
38.5585586 0.0750743
38.6576577 0.0755337
38.7567568 0.0769078
38.8558559 0.0756278
38.9549550 0.0756783
39.0540541 0.0755628
39.1531532 0.0742959
39.2522523 0.0743753
39.3513514 0.0744210
39.4504505 0.0754503
39.5495495 0.0755286
39.6486486 0.0756400
39.7477477 0.0756535
39.8468468 0.0755342
39.9459459 0.0756269
40.0450450 0.0756757
40.1441441 0.0742793
40.2432432 0.0742865
40.3423423 0.0742865
40.4414414 0.0742865
40.5405405 0.0742848
40.6396396 0.0742849
40.7387387 0.0742849
40.8378378 0.0742849
40.9369369 0.0742849
41.0360360 0.0755339
41.1351351 0.0742793
41.2342342 0.0742865
41.3333333 0.0742848
41.4324324 0.0742849
41.5315315 0.0742849
41.6306306 0.0742849
41.7297297 0.0742849
41.8288288 0.0742849
41.9279279 0.0742849
42.0270270 0.0742849
42.1261261 0.0740192
42.2252252 0.0726823
42.3243243 0.0725760
42.4234234 0.0730836
42.5225225 0.0727657
42.6216216 0.0742090
42.7207207 0.0742850
42.8198198 0.0742805
42.9189189 0.0742860
43.0180180 0.0742867
43.1171171 0.0740203
43.2162162 0.0731550
43.3153153 0.0725895
43.4144144 0.0726823
43.5135135 0.0725624
43.6126126 0.0737181
43.7117117 0.0726940
43.8108108 0.0730843
43.9099099 0.0727663
44.0090090 0.0727663
44.1081081 0.0739881
44.2072072 0.0743025
44.3063063 0.0725613
44.4054054 0.0725917
44.5045045 0.0715129
44.6036036 0.0726857
44.7027027 0.0731500
44.8018018 0.0725707
44.9009009 0.0737201
45.0000000 0.0724676
45.0990991 0.0724299
45.1981982 0.0732543
45.2972973 0.0719532
45.3963964 0.0713835
45.4954955 0.0714122
45.5945946 0.0710197
45.6936937 0.0713977
45.7927928 0.0725470
45.8918919 0.0731432
45.9909910 0.0724536
46.0900901 0.0722987
46.1891892 0.0738893
46.2882883 0.0726703
46.3873874 0.0714474
46.4864865 0.0708063
46.5855856 0.0701794
46.6846847 0.0701794
46.7837838 0.0710207
46.8828829 0.0713920
46.9819820 0.0713917
47.0810811 0.0716929
47.1801802 0.0721280
47.2792793 0.0725145
47.3783784 0.0736702
47.4774775 0.0725877
47.5765766 0.0713811
47.6756757 0.0713805
47.7747748 0.0699745
47.8738739 0.0707035
47.9729730 0.0704994
48.0720721 0.0703507
48.1711712 0.0700169
48.2702703 0.0720377
48.3693694 0.0720470
48.4684685 0.0702450
48.5675676 0.0702456
48.6666667 0.0706419
48.7657658 0.0716920
48.8648649 0.0702104
48.9639640 0.0707381
49.0630631 0.0716569
49.1621622 0.0698641
49.2612613 0.0700399
49.3603604 0.0699640
49.4594595 0.0703380
49.5585586 0.0691174
49.6576577 0.0698360
49.7567568 0.0698690
49.8558559 0.0698696
49.9549550 0.0692636
50.0540541 0.0692625
50.1531532 0.0690219
50.2522523 0.0696146
50.3513514 0.0693987
50.4504505 0.0696994
50.5495495 0.0692589
50.6486486 0.0688170
50.7477477 0.0689776
50.8468468 0.0693669
50.9459459 0.0699793
51.0450450 0.0696841
51.1441441 0.0698467
51.2432432 0.0691028
51.3423423 0.0694267
51.4414414 0.0694271
51.5405405 0.0696132
51.6396396 0.0684311
51.7387387 0.0684311
51.8378378 0.0680126
51.9369369 0.0686211
52.0360360 0.0686282
52.1351351 0.0688353
52.2342342 0.0696623
52.3333333 0.0698153
52.4324324 0.0684573
52.5315315 0.0677111
52.6306306 0.0696224
52.7297297 0.0688733
52.8288288 0.0684457
52.9279279 0.0681684
53.0270270 0.0682570
53.1261261 0.0678328
53.2252252 0.0672828
53.3243243 0.0672807
53.4234234 0.0685443
53.5225225 0.0674927
53.6216216 0.0683660
53.7207207 0.0675958
53.8198198 0.0673906
53.9189189 0.0678655
54.0180180 0.0675760
54.1171171 0.0675095
54.2162162 0.0676615
54.3153153 0.0665114
54.4144144 0.0666365
54.5135135 0.0665778
54.6126126 0.0685929
54.7117117 0.0665570
54.8108108 0.0663531
54.9099099 0.0663531
55.0090090 0.0678846
55.1081081 0.0666968
55.2072072 0.0666965
55.3063063 0.0666946
55.4054054 0.0656299
55.5045045 0.0662728
55.6036036 0.0664261
55.7027027 0.0664141
55.8018018 0.0668808
55.9009009 0.0661960
56.0000000 0.0661960
56.0990991 0.0657684
56.1981982 0.0663840
56.2972973 0.0667312
56.3963964 0.0666883
56.4954955 0.0667414
56.5945946 0.0656125
56.6936937 0.0659063
56.7927928 0.0662098
56.8918919 0.0666978
56.9909910 0.0667425
57.0900901 0.0656022
57.1891892 0.0662993
57.2882883 0.0661814
57.3873874 0.0661727
57.4864865 0.0666389
57.5855856 0.0659106
57.6846847 0.0643865
57.7837838 0.0650072
57.8828829 0.0659577
57.9819820 0.0659586
58.0810811 0.0660905
58.1801802 0.0663204
58.2792793 0.0668640
58.3783784 0.0662832
58.4774775 0.0640267
58.5765766 0.0641123
58.6756757 0.0664428
58.7747748 0.0649193
58.8738739 0.0641632
58.9729730 0.0646535
59.0720721 0.0645521
59.1711712 0.0647377
59.2702703 0.0656982
59.3693694 0.0667667
59.4684685 0.0667667
59.5675676 0.0639107
59.6666667 0.0626576
59.7657658 0.0628875
59.8648649 0.0647971
59.9639640 0.0653810
60.0630631 0.0653804
60.1621622 0.0640733
60.2612613 0.0646679
60.3603604 0.0648809
60.4594595 0.0654144
60.5585586 0.0631373
60.6576577 0.0634621
60.7567568 0.0633902
60.8558559 0.0626411
60.9549550 0.0629360
61.0540541 0.0618154
61.1531532 0.0612917
61.2522523 0.0615392
61.3513514 0.0642070
61.4504505 0.0648520
61.5495495 0.0631193
61.6486486 0.0626154
61.7477477 0.0626154
61.8468468 0.0626187
61.9459459 0.0626183
62.0450450 0.0618144
62.1441441 0.0612904
62.2432432 0.0612915
62.3423423 0.0612901
62.4414414 0.0612900
62.5405405 0.0612900
62.6396396 0.0621169
62.7387387 0.0628730
62.8378378 0.0627014
62.9369369 0.0625934
63.0360360 0.0625934
63.1351351 0.0615065
63.2342342 0.0622533
63.3333333 0.0611112
63.4324324 0.0612698
63.5315315 0.0612664
63.6306306 0.0607946
63.7297297 0.0617035
63.8288288 0.0609277
63.9279279 0.0621112
64.0270270 0.0619160
64.1261261 0.0602554
64.2252252 0.0615170
64.3243243 0.0611937
64.4234234 0.0614239
64.5225225 0.0623393
64.6216216 0.0605679
64.7207207 0.0599416
64.8198198 0.0607698
64.9189189 0.0617100
65.0180180 0.0608568
65.1171171 0.0602021
65.2162162 0.0602412
65.3153153 0.0614884
65.4144144 0.0613702
65.5135135 0.0614011
65.6126126 0.0614288
65.7117117 0.0614772
65.8108108 0.0597211
65.9099099 0.0601518
66.0090090 0.0609030
66.1081081 0.0602349
66.2072072 0.0602864
66.3063063 0.0590623
66.4054054 0.0590623
66.5045045 0.0615717
66.6036036 0.0615732
66.7027027 0.0608744
66.8018018 0.0607767
66.9009009 0.0586831
67.0000000 0.0587031
67.0990991 0.0599203
67.1981982 0.0599194
67.2972973 0.0593098
67.3963964 0.0585240
67.4954955 0.0584509
67.5945946 0.0605322
67.6936937 0.0610580
67.7927928 0.0610584
67.8918919 0.0608779
67.9909910 0.0579916
68.0900901 0.0577109
68.1891892 0.0585275
68.2882883 0.0578792
68.3873874 0.0567625
68.4864865 0.0568603
68.5855856 0.0586332
68.6846847 0.0592581
68.7837838 0.0591464
68.8828829 0.0591464
68.9819820 0.0602335
69.0810811 0.0579581
69.1801802 0.0579480
69.2792793 0.0579483
69.3783784 0.0552841
69.4774775 0.0566964
69.5765766 0.0566971
69.6756757 0.0568545
69.7747748 0.0565917
69.8738739 0.0571055
69.9729730 0.0586623
70.0720721 0.0557307
70.1711712 0.0561630
70.2702703 0.0573189
70.3693694 0.0572299
70.4684685 0.0565434
70.5675676 0.0546482
70.6666667 0.0554863
70.7657658 0.0539534
70.8648649 0.0571477
70.9639640 0.0564353
71.0630631 0.0562725
71.1621622 0.0540098
71.2612613 0.0540098
71.3603604 0.0540095
71.4594595 0.0540692
71.5585586 0.0552249
71.6576577 0.0535229
71.7567568 0.0519695
71.8558559 0.0539256
71.9549550 0.0533889
72.0540541 0.0532261
72.1531532 0.0569784
72.2522523 0.0534394
72.3513514 0.0533518
72.4504505 0.0533516
72.5495495 0.0522897
72.6486486 0.0524827
72.7477477 0.0525476
72.8468468 0.0514866
72.9459459 0.0518924
73.0450450 0.0530595
73.1441441 0.0524802
73.2432432 0.0532663
73.3423423 0.0515701
73.4414414 0.0520828
73.5405405 0.0523214
73.6396396 0.0523251
73.7387387 0.0521597
73.8378378 0.0513571
73.9369369 0.0522759
74.0360360 0.0521133
74.1351351 0.0526175
74.2342342 0.0526139
74.3333333 0.0523558
74.4324324 0.0509604
74.5315315 0.0508486
74.6306306 0.0516942
74.7297297 0.0518512
74.8288288 0.0521759
74.9279279 0.0520580
75.0270270 0.0518655
75.1261261 0.0508218
75.2252252 0.0510124
75.3243243 0.0525294
75.4234234 0.0527217
75.5225225 0.0499527
75.6216216 0.0505511
75.7207207 0.0498415
75.8198198 0.0508006
75.9189189 0.0510328
76.0180180 0.0513278
76.1171171 0.0513278
76.2162162 0.0514974
76.3153153 0.0514978
76.4144144 0.0521304
76.5135135 0.0493616
76.6126126 0.0492050
76.7117117 0.0483871
76.8108108 0.0497284
76.9099099 0.0500774
77.0090090 0.0494779
77.1081081 0.0491000
77.2072072 0.0492276
77.3063063 0.0507192
77.4054054 0.0515137
77.5045045 0.0514768
77.6036036 0.0499625
77.7027027 0.0499633
77.8018018 0.0478105
77.9009009 0.0480464
78.0000000 0.0480060
78.0990991 0.0486363
78.1981982 0.0490081
78.2972973 0.0487496
78.3963964 0.0491948
78.4954955 0.0493717
78.5945946 0.0506265
78.6936937 0.0492534
78.7927928 0.0484685
78.8918919 0.0486257
78.9909910 0.0485078
79.0900901 0.0477565
79.1891892 0.0477071
79.2882883 0.0486749
79.3873874 0.0491341
79.4864865 0.0483838
79.5855856 0.0492992
79.6846847 0.0505421
79.7837838 0.0478540
79.8828829 0.0466561
79.9819820 0.0462441
80.0810811 0.0466301
80.1801802 0.0479424
80.2792793 0.0486521
80.3783784 0.0475099
80.4774775 0.0486754
80.5765766 0.0491347
80.6756757 0.0493044
80.7747748 0.0505615
80.8738739 0.0462954
80.9729730 0.0451391
81.0720721 0.0452243
81.1711712 0.0451751
81.2702703 0.0451751
81.3693694 0.0451751
81.4684685 0.0452068
81.5675676 0.0479415
81.6666667 0.0475095
81.7657658 0.0491374
81.8648649 0.0505618
81.9639640 0.0451391
82.0630631 0.0452243
82.1621622 0.0451751
82.2612613 0.0451751
82.3603604 0.0451743
82.4594595 0.0451746
82.5585586 0.0451742
82.6576577 0.0451742
82.7567568 0.0451742
82.8558559 0.0451742
82.9549550 0.0464379
83.0540541 0.0441533
83.1531532 0.0451191
83.2522523 0.0451699
83.3513514 0.0451781
83.4504505 0.0451731
83.5495495 0.0451731
83.6486486 0.0451734
83.7477477 0.0451748
83.8468468 0.0451742
83.9459459 0.0451742
84.0450450 0.0450702
84.1441441 0.0427303
84.2432432 0.0429058
84.3423423 0.0440538
84.4414414 0.0444667
84.5405405 0.0441560
84.6396396 0.0450647
84.7387387 0.0451181
84.8378378 0.0451181
84.9369369 0.0451934
85.0360360 0.0446975
85.1351351 0.0450639
85.2342342 0.0440676
85.3333333 0.0427316
85.4324324 0.0428686
85.5315315 0.0429057
85.6306306 0.0441194
85.7297297 0.0440584
85.8288288 0.0444629
85.9279279 0.0440948
86.0270270 0.0449106
86.1261261 0.0447476
86.2252252 0.0453352
86.3243243 0.0444525
86.4234234 0.0440074
86.5225225 0.0422196
86.6216216 0.0427763
86.7207207 0.0429132
86.8198198 0.0429155
86.9189189 0.0443034
87.0180180 0.0451149
87.1171171 0.0434738
87.2162162 0.0442267
87.3153153 0.0448102
87.4144144 0.0437047
87.5135135 0.0426680
87.6126126 0.0417399
87.7117117 0.0417399
87.8108108 0.0426949
87.9099099 0.0432387
88.0090090 0.0440152
88.1081081 0.0418163
88.2072072 0.0430937
88.3063063 0.0431018
88.4054054 0.0449148
88.5045045 0.0433099
88.6036036 0.0422769
88.7027027 0.0422768
88.8018018 0.0416926
88.9009009 0.0414966
89.0000000 0.0427011
89.0990991 0.0427011
89.1981982 0.0415462
89.2972973 0.0428882
89.3963964 0.0425110
89.4954955 0.0425111
89.5945946 0.0420528
89.6936937 0.0420034
89.7927928 0.0413464
89.8918919 0.0412166
89.9909910 0.0413355
90.0900901 0.0413355
90.1891892 0.0407168
90.2882883 0.0413082
90.3873874 0.0413101
90.4864865 0.0418953
90.5855856 0.0434796
90.6846847 0.0417953
90.7837838 0.0417953
90.8828829 0.0402532
90.9819820 0.0406401
91.0810811 0.0405738
91.1801802 0.0419596
91.2792793 0.0416161
91.3783784 0.0400311
91.4774775 0.0408135
91.5765766 0.0420822
91.6756757 0.0421700
91.7747748 0.0412856
91.8738739 0.0416342
91.9729730 0.0420208
92.0720721 0.0400987
92.1711712 0.0417661
92.2702703 0.0416969
92.3693694 0.0416969
92.4684685 0.0407289
92.5675676 0.0396784
92.6666667 0.0401924
92.7657658 0.0405998
92.8648649 0.0407834
92.9639640 0.0415990
93.0630631 0.0416054
93.1621622 0.0400806
93.2612613 0.0402377
93.3603604 0.0402827
93.4594595 0.0401120
93.5585586 0.0401368
93.6576577 0.0401368
93.7567568 0.0391269
93.8558559 0.0408878
93.9549550 0.0417057
94.0540541 0.0405083
94.1531532 0.0405082
94.2522523 0.0402509
94.3513514 0.0383896
94.4504505 0.0399700
94.5495495 0.0396114
94.6486486 0.0385877
94.7477477 0.0383383
94.8468468 0.0399626
94.9459459 0.0392528
95.0450450 0.0395082
95.1441441 0.0391820
95.2432432 0.0393812
95.3423423 0.0390534
95.4414414 0.0379568
95.5405405 0.0383461
95.6396396 0.0385715
95.7387387 0.0380353
95.8378378 0.0385334
95.9369369 0.0385338
96.0360360 0.0392657
96.1351351 0.0396416
96.2342342 0.0391396
96.3333333 0.0388586
96.4324324 0.0387737
96.5315315 0.0381048
96.6306306 0.0379768
96.7297297 0.0383915
96.8288288 0.0383915
96.9279279 0.0378663
97.0270270 0.0392423
97.1261261 0.0392453
97.2252252 0.0392445
97.3243243 0.0366000
97.4234234 0.0371724
97.5225225 0.0387296
97.6216216 0.0391545
97.7207207 0.0388299
97.8198198 0.0391305
97.9189189 0.0383957
98.0180180 0.0397139
98.1171171 0.0375153
98.2162162 0.0386710
98.3153153 0.0369789
98.4144144 0.0371188
98.5135135 0.0365207
98.6126126 0.0369282
98.7117117 0.0386658
98.8108108 0.0381620
98.9099099 0.0381620
99.0090090 0.0403143
99.1081081 0.0408030
99.2072072 0.0408582
99.3063063 0.0379258
99.4054054 0.0377177
99.5045045 0.0371970
99.6036036 0.0376042
99.7027027 0.0370061
99.8018018 0.0382436
99.9009009 0.0382473
100.0000000 0.0398945
