1.0000000 0.1975319
1.0990991 0.1969056
1.1981982 0.1955438
1.2972973 0.1975938
1.3963964 0.1975938
1.4954955 0.2038193
1.5945946 0.2032397
1.6936937 0.2103588
1.7927928 0.2103542
1.8918919 0.2113370
1.9909910 0.2137451
2.0900901 0.2137611
2.1891892 0.2039510
2.2882883 0.2039510
2.3873874 0.2027737
2.4864865 0.2027763
2.5855856 0.2027763
2.6846847 0.2027759
2.7837838 0.2027759
2.8828829 0.2027952
2.9819820 0.1921183
3.0810811 0.1921465
3.1801802 0.1912246
3.2792793 0.1912284
3.3783784 0.1910278
3.4774775 0.1910438
3.5765766 0.1910438
3.6756757 0.1883887
3.7747748 0.1883887
3.8738739 0.1883887
3.9729730 0.1883887
4.0720721 0.1928221
4.1711712 0.1928252
4.2702703 0.1928252
4.3693694 0.1928247
4.4684685 0.1928247
4.5675676 0.1978698
4.6666667 0.1978733
4.7657658 0.1978604
4.8648649 0.1978604
4.9639640 0.1978604
5.0630631 0.1978538
5.1621622 0.1944913
5.2612613 0.2109087
5.3603604 0.2109087
5.4594595 0.2109611
5.5585586 0.2109621
5.6576577 0.2124534
5.7567568 0.2124534
5.8558559 0.2202707
5.9549550 0.2074335
6.0540541 0.2074249
6.1531532 0.2140226
6.2522523 0.2140226
6.3513514 0.2085085
6.4504505 0.2084967
6.5495495 0.2084967
6.6486486 0.2080748
6.7477477 0.2080748
6.8468468 0.2044336
6.9459459 0.2044176
7.0450450 0.2044176
7.1441441 0.2044201
7.2432432 0.2044201
7.3423423 0.2044201
7.4414414 0.2026526
7.5405405 0.2006054
7.6396396 0.2005201
7.7387387 0.1898542
7.8378378 0.1866112
7.9369369 0.1866112
8.0360360 0.1866050
8.1351351 0.1866050
8.2342342 0.1866132
8.3333333 0.1865569
8.4324324 0.1900538
8.5315315 0.1900538
8.6306306 0.1912769
8.7297297 0.1912831
8.8288288 0.1851185
8.9279279 0.1837117
9.0270270 0.1837117
9.1261261 0.1837117
9.2252252 0.1832898
9.3243243 0.1832916
9.4234234 0.1832916
9.5225225 0.1934535
9.6216216 0.1861188
9.7207207 0.1860344
9.8198198 0.1732008
9.9189189 0.1732008
10.0180180 0.1732041
10.1171171 0.1717191
10.2162162 0.1717191
10.3153153 0.1717359
10.4144144 0.1691550
10.5135135 0.1765681
10.6126126 0.1765681
10.7117117 0.1765595
10.8108108 0.1765595
10.9099099 0.1739079
11.0090090 0.1739057
11.1081081 0.1739051
11.2072072 0.1771295
11.3063063 0.1771295
11.4054054 0.1771295
11.5045045 0.1829054
11.6036036 0.1829054
11.7027027 0.1829082
11.8018018 0.1783357
11.9009009 0.1782656
12.0000000 0.1782656
12.0990991 0.1782656
12.1981982 0.1782656
12.2972973 0.1782656
12.3963964 0.1917609
12.4954955 0.1876462
12.5945946 0.1798948
12.6936937 0.1799006
12.7927928 0.1799006
12.8918919 0.1782892
12.9909910 0.1782334
13.0900901 0.1782355
13.1891892 0.1782355
13.2882883 0.1764681
13.3873874 0.1764681
13.4864865 0.1764632
13.5855856 0.1764664
13.6846847 0.1726814
13.7837838 0.1726814
13.8828829 0.1726814
13.9819820 0.1726890
14.0810811 0.1735240
14.1801802 0.1735240
14.2792793 0.1735276
14.3783784 0.1735235
14.4774775 0.1792196
14.5765766 0.1792196
14.6756757 0.1779553
14.7747748 0.1779519
14.8738739 0.1779519
14.9729730 0.1862718
15.0720721 0.1897728
15.1711712 0.1800706
15.2702703 0.1800706
15.3693694 0.1800550
15.4684685 0.1800609
15.5675676 0.1800609
15.6666667 0.1800609
15.7657658 0.1800609
15.8648649 0.1800631
15.9639640 0.1828916
16.0630631 0.1838747
16.1621622 0.1855315
16.2612613 0.1855274
16.3603604 0.1855274
16.4594595 0.1855274
16.5585586 0.1798849
16.6576577 0.1798849
16.7567568 0.1798894
16.8558559 0.1798894
16.9549550 0.1798943
17.0540541 0.1800755
17.1531532 0.1782717
17.2522523 0.1782763
17.3513514 0.1782763
17.4504505 0.1782763
17.5495495 0.1870536
17.6486486 0.1870464
17.7477477 0.1844921
17.8468468 0.1844921
17.9459459 0.1844900
18.0450450 0.1864618
18.1441441 0.1864623
18.2432432 0.1864221
18.3423423 0.1864221
18.4414414 0.1819234
18.5405405 0.1819262
18.6396396 0.1814352
18.7387387 0.1814478
18.8378378 0.1881154
18.9369369 0.1881136
19.0360360 0.1881136
19.1351351 0.1886304
19.2342342 0.1879544
19.3333333 0.1879544
19.4324324 0.1879496
19.5315315 0.1879496
19.6306306 0.1875277
19.7297297 0.1907284
19.8288288 0.1907284
19.9279279 0.1907180
20.0270270 0.1906617
20.1261261 0.2068184
20.2252252 0.2068152
20.3243243 0.2095308
20.4234234 0.2095339
20.5225225 0.2095339
20.6216216 0.2095346
20.7207207 0.2095321
20.8198198 0.2073663
20.9189189 0.2073649
21.0180180 0.2073649
21.1171171 0.2083904
21.2162162 0.2083904
21.3153153 0.2146406
21.4144144 0.2146406
21.5135135 0.2151737
21.6126126 0.2151737
21.7117117 0.2110245
21.8108108 0.2071183
21.9099099 0.2071183
22.0090090 0.2053509
22.1081081 0.2053509
22.2072072 0.2055123
22.3063063 0.2055123
22.4054054 0.1981973
22.5045045 0.1981968
22.6036036 0.1982048
22.7027027 0.1982240
22.8018018 0.1793808
22.9009009 0.1793747
23.0000000 0.1793766
23.0990991 0.1695232
23.1981982 0.1695232
23.2972973 0.1724710
23.3963964 0.1724710
23.4954955 0.1660926
23.5945946 0.1715201
23.6936937 0.1682416
23.7927928 0.1682416
23.8918919 0.1682416
23.9909910 0.1682416
24.0900901 0.1682554
24.1891892 0.1682472
24.2882883 0.1682472
24.3873874 0.1682505
24.4864865 0.1682521
24.5855856 0.1682286
24.6846847 0.1683076
24.7837838 0.1681037
24.8828829 0.1675312
24.9819820 0.1675312
25.0810811 0.1716089
25.1801802 0.1599428
25.2792793 0.1599428
25.3783784 0.1599484
25.4774775 0.1599347
25.5765766 0.1599347
25.6756757 0.1599347
25.7747748 0.1681917
25.8738739 0.1681917
25.9729730 0.1682360
26.0720721 0.1682360
26.1711712 0.1660256
26.2702703 0.1684938
26.3693694 0.1746444
26.4684685 0.1746444
26.5675676 0.1638790
26.6666667 0.1638802
26.7657658 0.1638312
26.8648649 0.1648111
26.9639640 0.1648111
27.0630631 0.1649373
27.1621622 0.1699036
27.2612613 0.1699036
27.3603604 0.1691089
27.4594595 0.1691089
27.5585586 0.1691082
27.6576577 0.1691082
27.7567568 0.1691089
27.8558559 0.1685436
27.9549550 0.1654067
28.0540541 0.1654105
28.1531532 0.1654210
28.2522523 0.1659653
28.3513514 0.1707435
28.4504505 0.1707039
28.5495495 0.1707039
28.6486486 0.1702034
28.7477477 0.1702034
28.8468468 0.1702034
28.9459459 0.1760756
29.0450450 0.1713883
29.1441441 0.1775221
29.2432432 0.1775221
29.3423423 0.1775174
29.4414414 0.1774581
29.5405405 0.1896380
29.6396396 0.1896340
29.7387387 0.1745989
29.8378378 0.1745989
29.9369369 0.1746015
30.0360360 0.1748159
30.1351351 0.1748052
30.2342342 0.1748052
30.3333333 0.1748183
30.4324324 0.1748351
30.5315315 0.1771066
30.6306306 0.1745298
30.7297297 0.1753247
30.8288288 0.1753247
30.9279279 0.1753247
31.0270270 0.1752813
31.1261261 0.1750953
31.2252252 0.1750915
31.3243243 0.1750742
31.4234234 0.1797944
31.5225225 0.1699410
31.6216216 0.1677178
31.7207207 0.1677105
31.8198198 0.1677105
31.9189189 0.1582298
32.0180180 0.1582298
32.1171171 0.1582298
32.2162162 0.1582298
32.3153153 0.1582311
32.4144144 0.1582527
32.5135135 0.1582527
32.6126126 0.1580683
32.7117117 0.1580683
32.8108108 0.1586267
32.9099099 0.1611679
33.0090090 0.1611679
33.1081081 0.1423214
33.2072072 0.1423830
33.3063063 0.1423540
33.4054054 0.1423540
33.5045045 0.1423540
33.6036036 0.1457968
33.7027027 0.1457789
33.8018018 0.1457755
33.9009009 0.1457755
34.0000000 0.1457755
34.0990991 0.1471300
34.1981982 0.1471300
34.2972973 0.1502854
34.3963964 0.1502959
34.4954955 0.1502959
34.5945946 0.1502979
34.6936937 0.1474779
34.7927928 0.1474606
34.8918919 0.1474606
34.9909910 0.1494207
35.0900901 0.1483755
35.1891892 0.1485899
35.2882883 0.1485436
35.3873874 0.1484699
35.4864865 0.1484699
35.5855856 0.1484699
35.6846847 0.1484699
35.7837838 0.1540095
35.8828829 0.1540039
35.9819820 0.1564492
36.0810811 0.1564492
36.1801802 0.1559487
36.2792793 0.1559286
36.3783784 0.1558670
36.4774775 0.1558650
36.5765766 0.1555150
36.6756757 0.1555150
36.7747748 0.1567295
36.8738739 0.1567295
36.9729730 0.1567310
37.0720721 0.1547554
37.1711712 0.1547259
37.2702703 0.1547259
37.3693694 0.1540496
37.4684685 0.1601985
37.5675676 0.1601985
37.6666667 0.1633947
37.7657658 0.1634136
37.8648649 0.1684263
37.9639640 0.1684181
38.0630631 0.1684181
38.1621622 0.1616369
38.2612613 0.1608077
38.3603604 0.1608124
38.4594595 0.1607991
38.5585586 0.1607966
38.6576577 0.1606107
38.7567568 0.1605976
38.8558559 0.1605976
38.9549550 0.1605905
39.0540541 0.1605915
39.1531532 0.1455564
39.2522523 0.1455339
39.3513514 0.1455339
39.4504505 0.1438994
39.5495495 0.1439207
39.6486486 0.1444966
39.7477477 0.1444911
39.8468468 0.1444911
39.9459459 0.1444911
40.0450450 0.1525959
40.1441441 0.1525939
40.2432432 0.1431212
40.3423423 0.1431571
40.4414414 0.1431571
40.5405405 0.1463261
40.6396396 0.1463083
40.7387387 0.1463058
40.8378378 0.1463015
40.9369369 0.1463015
41.0360360 0.1431683
41.1351351 0.1393396
41.2342342 0.1393480
41.3333333 0.1513833
41.4324324 0.1513833
41.5315315 0.1513851
41.6306306 0.1493907
41.7297297 0.1493924
41.8288288 0.1499409
41.9279279 0.1464253
42.0270270 0.1464356
42.1261261 0.1464356
42.2252252 0.1464534
42.3243243 0.1582310
42.4234234 0.1582280
42.5225225 0.1582280
42.6216216 0.1582350
42.7207207 0.1574915
42.8198198 0.1574915
42.9189189 0.1574873
43.0180180 0.1552409
43.1171171 0.1552509
43.2162162 0.1552559
43.3153153 0.1534083
43.4144144 0.1532439
43.5135135 0.1532439
43.6126126 0.1507879
43.7117117 0.1507810
43.8108108 0.1507337
43.9099099 0.1507337
44.0090090 0.1507476
44.1081081 0.1506547
44.2072072 0.1578207
44.3063063 0.1578171
44.4054054 0.1531369
44.5045045 0.1531369
44.6036036 0.1531384
44.7027027 0.1531384
44.8018018 0.1531401
44.9009009 0.1520433
45.0000000 0.1520478
45.0990991 0.1520478
45.1981982 0.1520516
45.2972973 0.1518168
45.3963964 0.1405931
45.4954955 0.1405931
45.5945946 0.1404671
45.6936937 0.1404671
45.7927928 0.1413218
45.8918919 0.1413218
45.9909910 0.1412921
46.0900901 0.1463663
46.1891892 0.1463625
46.2882883 0.1463764
46.3873874 0.1456206
46.4864865 0.1456174
46.5855856 0.1456159
46.6846847 0.1456159
46.7837838 0.1456159
46.8828829 0.1456159
46.9819820 0.1456159
47.0810811 0.1456159
47.1801802 0.1456159
47.2792793 0.1456159
47.3783784 0.1456159
47.4774775 0.1455920
47.5765766 0.1456000
47.6756757 0.1455920
47.7747748 0.1468805
47.8738739 0.1468805
47.9729730 0.1468812
48.0720721 0.1468809
48.1711712 0.1495659
48.2702703 0.1497215
48.3693694 0.1513270
48.4684685 0.1519255
48.5675676 0.1475849
48.6666667 0.1432050
48.7657658 0.1432050
48.8648649 0.1431967
48.9639640 0.1431903
49.0630631 0.1431903
49.1621622 0.1431903
49.2612613 0.1431903
49.3603604 0.1431903
49.4594595 0.1431903
49.5585586 0.1432181
49.6576577 0.1432257
49.7567568 0.1432257
49.8558559 0.1432397
49.9549550 0.1432397
50.0540541 0.1370786
50.1531532 0.1370704
50.2522523 0.1370634
50.3513514 0.1370634
50.4504505 0.1371135
50.5495495 0.1371135
50.6486486 0.1371135
50.7477477 0.1375083
50.8468468 0.1375083
50.9459459 0.1395207
51.0450450 0.1395207
51.1441441 0.1393874
51.2432432 0.1393874
51.3423423 0.1403759
51.4414414 0.1403778
51.5405405 0.1406748
51.6396396 0.1407015
51.7387387 0.1397702
51.8378378 0.1397702
51.9369369 0.1397822
52.0360360 0.1397822
52.1351351 0.1473836
52.2342342 0.1473836
52.3333333 0.1474123
52.4324324 0.1474123
52.5315315 0.1474143
52.6306306 0.1474165
52.7297297 0.1452460
52.8288288 0.1452116
52.9279279 0.1452116
53.0270270 0.1452425
53.1261261 0.1452425
53.2252252 0.1449793
53.3243243 0.1449964
53.4234234 0.1449974
53.5225225 0.1467283
53.6216216 0.1489759
53.7207207 0.1489727
53.8198198 0.1489727
53.9189189 0.1489273
54.0180180 0.1357376
54.1171171 0.1357185
54.2162162 0.1356744
54.3153153 0.1356744
54.4144144 0.1356789
54.5135135 0.1356492
54.6126126 0.1356492
54.7117117 0.1356497
54.8108108 0.1445638
54.9099099 0.1420140
55.0090090 0.1420140
55.1081081 0.1421942
55.2072072 0.1421862
55.3063063 0.1421862
55.4054054 0.1421960
55.5045045 0.1423578
55.6036036 0.1423578
55.7027027 0.1386661
55.8018018 0.1304916
55.9009009 0.1302024
56.0000000 0.1422568
56.0990991 0.1411541
56.1981982 0.1411541
56.2972973 0.1411541
56.3963964 0.1411647
56.4954955 0.1411647
56.5945946 0.1411039
56.6936937 0.1411039
56.7927928 0.1411072
56.8918919 0.1593461
56.9909910 0.1593461
57.0900901 0.1593381
57.1891892 0.1541285
57.2882883 0.1541299
57.3873874 0.1541199
57.4864865 0.1542957
57.5855856 0.1542987
57.6846847 0.1536232
57.7837838 0.1536232
57.8828829 0.1536250
57.9819820 0.1433949
58.0810811 0.1433869
58.1801802 0.1426726
58.2792793 0.1426726
58.3783784 0.1426727
58.4774775 0.1426727
58.5765766 0.1479092
58.6756757 0.1409350
58.7747748 0.1410456
58.8738739 0.1410504
58.9729730 0.1410509
59.0720721 0.1410509
59.1711712 0.1395468
59.2702703 0.1395468
59.3693694 0.1480456
59.4684685 0.1480456
59.5675676 0.1480424
59.6666667 0.1474244
59.7657658 0.1479149
59.8648649 0.1482280
59.9639640 0.1474803
60.0630631 0.1474786
60.1621622 0.1474786
60.2612613 0.1474786
60.3603604 0.1474786
60.4594595 0.1474766
60.5585586 0.1474766
60.6576577 0.1475251
60.7567568 0.1475283
60.8558559 0.1475282
60.9549550 0.1475282
61.0540541 0.1475282
61.1531532 0.1502795
61.2522523 0.1502481
61.3513514 0.1449172
61.4504505 0.1459348
61.5495495 0.1459348
61.6486486 0.1459348
61.7477477 0.1459447
61.8468468 0.1459447
61.9459459 0.1459540
62.0450450 0.1459513
62.1441441 0.1443573
62.2432432 0.1445479
62.3423423 0.1445479
62.4414414 0.1444766
62.5405405 0.1522347
62.6396396 0.1522526
62.7387387 0.1513467
62.8378378 0.1513467
62.9369369 0.1425486
63.0360360 0.1424812
63.1351351 0.1424681
63.2342342 0.1455831
63.3333333 0.1455831
63.4324324 0.1455831
63.5315315 0.1455831
63.6306306 0.1423858
63.7297297 0.1423167
63.8288288 0.1406126
63.9279279 0.1406126
64.0270270 0.1406302
64.1261261 0.1406302
64.2252252 0.1459817
64.3243243 0.1459790
64.4234234 0.1459790
64.5225225 0.1467292
64.6216216 0.1467232
64.7207207 0.1467232
64.8198198 0.1465952
64.9189189 0.1465952
65.0180180 0.1465977
65.1171171 0.1466404
65.2162162 0.1466318
65.3153153 0.1406818
65.4144144 0.1298529
65.5135135 0.1298543
65.6126126 0.1296757
65.7117117 0.1296757
65.8108108 0.1296757
65.9099099 0.1296791
66.0090090 0.1306522
66.1081081 0.1334160
66.2072072 0.1334160
66.3063063 0.1333272
66.4054054 0.1333272
66.5045045 0.1250834
66.6036036 0.1250834
66.7027027 0.1250867
66.8018018 0.1250358
66.9009009 0.1250358
67.0000000 0.1250358
67.0990991 0.1250358
67.1981982 0.1250359
67.2972973 0.1250358
67.3963964 0.1292825
67.4954955 0.1374166
67.5945946 0.1374024
67.6936937 0.1374024
67.7927928 0.1340368
67.8918919 0.1340348
67.9909910 0.1340348
68.0900901 0.1304867
68.1891892 0.1305018
68.2882883 0.1305018
68.3873874 0.1305015
68.4864865 0.1304945
68.5855856 0.1273985
68.6846847 0.1273985
68.7837838 0.1273944
68.8828829 0.1396843
68.9819820 0.1396843
69.0810811 0.1404194
69.1801802 0.1404533
69.2792793 0.1404533
69.3783784 0.1404561
69.4774775 0.1404561
69.5765766 0.1363717
69.6756757 0.1363910
69.7747748 0.1363840
69.8738739 0.1321687
69.9729730 0.1321646
70.0720721 0.1321646
70.1711712 0.1406599
70.2702703 0.1406643
70.3693694 0.1406643
70.4684685 0.1406643
70.5675676 0.1397926
70.6666667 0.1397926
70.7657658 0.1397926
70.8648649 0.1370756
70.9639640 0.1617356
71.0630631 0.1597305
71.1621622 0.1597305
71.2612613 0.1597300
71.3603604 0.1499816
71.4594595 0.1513046
71.5585586 0.1513626
71.6576577 0.1513626
71.7567568 0.1513626
71.8558559 0.1513626
71.9549550 0.1513626
72.0540541 0.1513626
72.1531532 0.1513626
72.2522523 0.1513626
72.3513514 0.1513626
72.4504505 0.1513566
72.5495495 0.1513549
72.6486486 0.1513549
72.7477477 0.1513549
72.8468468 0.1513549
72.9459459 0.1513549
73.0450450 0.1513553
73.1441441 0.1513536
73.2432432 0.1513536
73.3423423 0.1513621
73.4414414 0.1513508
73.5405405 0.1515126
73.6396396 0.1388013
73.7387387 0.1296807
73.8378378 0.1277345
73.9369369 0.1277345
74.0360360 0.1220015
74.1351351 0.1220186
74.2342342 0.1220186
74.3333333 0.1188944
74.4324324 0.1188944
74.5315315 0.1188944
74.6306306 0.1188953
74.7297297 0.1183187
74.8288288 0.1166670
74.9279279 0.1166677
75.0270270 0.1166464
75.1261261 0.1247968
75.2252252 0.1247968
75.3243243 0.1247968
75.4234234 0.1247732
75.5225225 0.1247732
75.6216216 0.1247732
75.7207207 0.1247732
75.8198198 0.1250355
75.9189189 0.1250355
76.0180180 0.1252638
76.1171171 0.1275103
76.2162162 0.1275818
76.3153153 0.1275819
76.4144144 0.1238821
76.5135135 0.1238783
76.6126126 0.1307724
76.7117117 0.1307592
76.8108108 0.1195431
76.9099099 0.1195470
77.0090090 0.1195470
77.1081081 0.1195470
77.2072072 0.1195470
77.3063063 0.1103612
77.4054054 0.1103804
77.5045045 0.1103804
77.6036036 0.1103842
77.7027027 0.1103842
77.8018018 0.1103775
77.9009009 0.1103226
78.0000000 0.1213120
78.0990991 0.1203739
78.1981982 0.1203819
78.2972973 0.1203819
78.3963964 0.1203819
78.4954955 0.1202923
78.5945946 0.1158575
78.6936937 0.1158559
78.7927928 0.1158752
78.8918919 0.1158729
78.9909910 0.1136981
79.0900901 0.1152250
79.1891892 0.1190492
79.2882883 0.1190655
79.3873874 0.1190608
79.4864865 0.1190608
79.5855856 0.1190608
79.6846847 0.1190641
79.7837838 0.1190641
79.8828829 0.1190607
79.9819820 0.1300033
80.0810811 0.1300329
80.1801802 0.1313446
80.2792793 0.1313424
80.3783784 0.1321790
80.4774775 0.1197999
80.5765766 0.1198236
80.6756757 0.1269686
80.7747748 0.1204978
80.8738739 0.1205188
80.9729730 0.1173149
81.0720721 0.1252250
81.1711712 0.1252219
81.2702703 0.1252102
81.3693694 0.1297042
81.4684685 0.1297042
81.5675676 0.1297081
81.6666667 0.1297081
81.7657658 0.1297081
81.8648649 0.1295544
81.9639640 0.1260381
82.0630631 0.1260398
82.1621622 0.1261093
82.2612613 0.1111647
82.3603604 0.1111619
82.4594595 0.1111498
82.5585586 0.1111498
82.6576577 0.1112819
82.7567568 0.1112819
82.8558559 0.1197274
82.9549550 0.1197274
83.0540541 0.1257041
83.1531532 0.1263675
83.2522523 0.1262698
83.3513514 0.1262659
83.4504505 0.1262659
83.5495495 0.1285135
83.6486486 0.1268885
83.7477477 0.1268885
83.8468468 0.1268885
83.9459459 0.1268885
84.0450450 0.1268778
84.1441441 0.1268810
84.2432432 0.1252964
84.3423423 0.1253050
84.4414414 0.1254075
84.5405405 0.1287007
84.6396396 0.1331946
84.7387387 0.1294675
84.8378378 0.1294675
84.9369369 0.1292407
85.0360360 0.1292407
85.1351351 0.1292407
85.2342342 0.1292496
85.3333333 0.1377153
85.4324324 0.1377097
85.5315315 0.1378094
85.6306306 0.1378073
85.7297297 0.1378073
85.8288288 0.1378073
85.9279279 0.1378062
86.0270270 0.1375779
86.1261261 0.1323540
86.2252252 0.1248426
86.3243243 0.1248426
86.4234234 0.1248583
86.5225225 0.1360453
86.6216216 0.1360417
86.7207207 0.1293264
86.8198198 0.1293264
86.9189189 0.1283920
87.0180180 0.1283920
87.1171171 0.1283567
87.2162162 0.1276817
87.3153153 0.1336865
87.4144144 0.1336869
87.5135135 0.1381136
87.6126126 0.1381136
87.7117117 0.1381136
87.8108108 0.1381094
87.9099099 0.1306871
88.0090090 0.1294840
88.1081081 0.1319903
88.2072072 0.1319903
88.3063063 0.1319919
88.4054054 0.1319919
88.5045045 0.1319919
88.6036036 0.1270917
88.7027027 0.1270830
88.8018018 0.1270930
88.9009009 0.1264820
89.0000000 0.1264820
89.0990991 0.1264954
89.1981982 0.1264954
89.2972973 0.1264954
89.3963964 0.1339582
89.4954955 0.1341698
89.5945946 0.1341816
89.6936937 0.1340153
89.7927928 0.1340153
89.8918919 0.1340116
89.9909910 0.1339611
90.0900901 0.1339611
90.1891892 0.1339450
90.2882883 0.1267615
90.3873874 0.1267615
90.4864865 0.1267615
90.5855856 0.1133853
90.6846847 0.1133781
90.7837838 0.1123048
90.8828829 0.1123048
90.9819820 0.1123048
91.0810811 0.1140570
91.1801802 0.1216478
91.2792793 0.1190743
91.3783784 0.1190743
91.4774775 0.1190768
91.5765766 0.1190762
91.6756757 0.1200498
91.7747748 0.1147789
91.8738739 0.1145615
91.9729730 0.1145583
92.0720721 0.1145583
92.1711712 0.1145583
92.2702703 0.1145231
92.3693694 0.1145268
92.4684685 0.1130022
92.5675676 0.1217309
92.6666667 0.1217257
92.7657658 0.1275016
92.8648649 0.1275443
92.9639640 0.1275283
93.0630631 0.1264924
93.1621622 0.1264903
93.2612613 0.1264832
93.3603604 0.1264838
93.4594595 0.1264848
93.5585586 0.1302302
93.6576577 0.1302302
93.7567568 0.1263392
93.8558559 0.1263445
93.9549550 0.1269439
94.0540541 0.1269439
94.1531532 0.1269439
94.2522523 0.1269439
94.3513514 0.1195974
94.4504505 0.1122589
94.5495495 0.1122706
94.6486486 0.1079133
94.7477477 0.1084986
94.8468468 0.1084120
94.9459459 0.1049998
95.0450450 0.1050186
95.1441441 0.1050186
95.2432432 0.1050186
95.3423423 0.1165046
95.4414414 0.1165046
95.5405405 0.1165046
95.6396396 0.1151299
95.7387387 0.1151173
95.8378378 0.1218159
95.9369369 0.1218182
96.0360360 0.1253297
96.1351351 0.1253297
96.2342342 0.1264807
96.3333333 0.1264807
96.4324324 0.1264807
96.5315315 0.1264807
96.6306306 0.1264816
96.7297297 0.1264822
96.8288288 0.1264801
96.9279279 0.1264861
97.0270270 0.1264861
97.1261261 0.1265228
97.2252252 0.1265825
97.3243243 0.1265773
97.4234234 0.1263239
97.5225225 0.1263239
97.6216216 0.1275049
97.7207207 0.1275049
97.8198198 0.1275049
97.9189189 0.1291264
98.0180180 0.1291264
98.1171171 0.1291186
98.2162162 0.1322877
98.3153153 0.1322877
98.4144144 0.1322957
98.5135135 0.1299966
98.6126126 0.1303525
98.7117117 0.1303525
98.8108108 0.1312895
98.9099099 0.1226774
99.0090090 0.1226774
99.1081081 0.1226774
99.2072072 0.1243632
99.3063063 0.1243632
99.4054054 0.1243632
99.5045045 0.1243632
99.6036036 0.1274687
99.7027027 0.1274674
99.8018018 0.1274606
99.9009009 0.1274542
100.0000000 0.1277007
