100.0000000 0.0192600
100.1001001 0.0190306
100.2002002 0.0180454
100.3003003 0.0190005
100.4004004 0.0188104
100.5005005 0.0195263
100.6006006 0.0200490
100.7007007 0.0189372
100.8008008 0.0193579
100.9009009 0.0185892
101.0010010 0.0187465
101.1011011 0.0197076
101.2012012 0.0189095
101.3013013 0.0194199
101.4014014 0.0189469
101.5015015 0.0184976
101.6016016 0.0189273
101.7017017 0.0199335
101.8018018 0.0189217
101.9019019 0.0182448
102.0020020 0.0185920
102.1021021 0.0184961
102.2022022 0.0199313
102.3023023 0.0195796
102.4024024 0.0182791
102.5025025 0.0185743
102.6026026 0.0186339
102.7027027 0.0185317
102.8028028 0.0195793
102.9029029 0.0179387
103.0030030 0.0187277
103.1031031 0.0195521
103.2032032 0.0185115
103.3033033 0.0186400
103.4034034 0.0189821
103.5035035 0.0192376
103.6036036 0.0193290
103.7037037 0.0193203
103.8038038 0.0183374
103.9039039 0.0190700
104.0040040 0.0183568
104.1041041 0.0191996
104.2042042 0.0195651
104.3043043 0.0188667
104.4044044 0.0186743
104.5045045 0.0187430
104.6046046 0.0202200
104.7047047 0.0192255
104.8048048 0.0189514
104.9049049 0.0184757
105.0050050 0.0185235
105.1051051 0.0187319
105.2052052 0.0202331
105.3053053 0.0187239
105.4054054 0.0184316
105.5055055 0.0193282
105.6056056 0.0185491
105.7057057 0.0202534
105.8058058 0.0187240
105.9059059 0.0187833
106.0060060 0.0185219
106.1061061 0.0185995
106.2062062 0.0193977
106.3063063 0.0204228
106.4064064 0.0188001
106.5065065 0.0179948
106.6066066 0.0184681
106.7067067 0.0193980
106.8068068 0.0195588
106.9069069 0.0195630
107.0070070 0.0179949
107.1071071 0.0187383
107.2072072 0.0198781
107.3073073 0.0199751
107.4074074 0.0198397
107.5075075 0.0188159
107.6076076 0.0180113
107.7077077 0.0185959
107.8078078 0.0197806
107.9079079 0.0191349
108.0080080 0.0189666
108.1081081 0.0178970
108.2082082 0.0186727
108.3083083 0.0189443
108.4084084 0.0205201
108.5085085 0.0181290
108.6086086 0.0184543
108.7087087 0.0180307
108.8088088 0.0191567
108.9089089 0.0197712
109.0090090 0.0190595
109.1091091 0.0181321
109.2092092 0.0185068
109.3093093 0.0186808
109.4094094 0.0187736
109.5095095 0.0194919
109.6096096 0.0189466
109.7097097 0.0183146
109.8098098 0.0195675
109.9099099 0.0187471
110.0100100 0.0192727
110.1101101 0.0187333
110.2102102 0.0188701
110.3103103 0.0183893
110.4104104 0.0193289
110.5105105 0.0196656
110.6106106 0.0187039
110.7107107 0.0190482
110.8108108 0.0188703
110.9109109 0.0195594
111.0110110 0.0202354
111.1111111 0.0190524
111.2112112 0.0189610
111.3113113 0.0193483
111.4114114 0.0195661
111.5115115 0.0191651
111.6116116 0.0195204
111.7117117 0.0191283
111.8118118 0.0191285
111.9119119 0.0198383
112.0120120 0.0189655
112.1121121 0.0191328
112.2122122 0.0195509
112.3123123 0.0188162
112.4124124 0.0200215
112.5125125 0.0194753
112.6126126 0.0192900
112.7127127 0.0201192
112.8128128 0.0191277
112.9129129 0.0185333
113.0130130 0.0196590
113.1131131 0.0192377
113.2132132 0.0192880
113.3133133 0.0195509
113.4134134 0.0190988
113.5135135 0.0194383
113.6136136 0.0194383
113.7137137 0.0194497
113.8138138 0.0192873
113.9139139 0.0191267
114.0140140 0.0194383
114.1141141 0.0194383
114.2142142 0.0194383
114.3143143 0.0194497
114.4144144 0.0191384
114.5145145 0.0194376
114.6146146 0.0194372
114.7147147 0.0194383
114.8148148 0.0194387
114.9149149 0.0194423
115.0150150 0.0186754
115.1151151 0.0194378
115.2152152 0.0194378
115.3153153 0.0194379
115.4154154 0.0195263
115.5155155 0.0214585
115.6156156 0.0194378
115.7157157 0.0194377
115.8158158 0.0194405
115.9159159 0.0199108
116.0160160 0.0214577
116.1161161 0.0205152
116.2162162 0.0194373
116.3163163 0.0194417
116.4164164 0.0199108
116.5165165 0.0203164
116.6166166 0.0199158
116.7167167 0.0213565
116.8168168 0.0194184
116.9169169 0.0195394
117.0170170 0.0203168
117.1171171 0.0203308
117.2172172 0.0205087
117.3173173 0.0207626
117.4174174 0.0195412
117.5175175 0.0203174
117.6176176 0.0203295
117.7177177 0.0195652
117.8178178 0.0212334
117.9179179 0.0198634
118.0180180 0.0203482
118.1181181 0.0207766
118.2182182 0.0199145
118.3183183 0.0206734
118.4184184 0.0212188
118.5185185 0.0205839
118.6186186 0.0207961
118.7187187 0.0199159
118.8188188 0.0208623
118.9189189 0.0203714
119.0190190 0.0208509
119.1191191 0.0209618
119.2192192 0.0204189
119.3193193 0.0195358
119.4194194 0.0203724
119.5195195 0.0209559
119.6196196 0.0218641
119.7197197 0.0206348
119.8198198 0.0200303
119.9199199 0.0212655
120.0200200 0.0205588
120.1201201 0.0213779
120.2202202 0.0217389
120.3203203 0.0203033
120.4204204 0.0198852
120.5205205 0.0205586
120.6206206 0.0217692
120.7207207 0.0213097
120.8208208 0.0211320
120.9209209 0.0201825
121.0210210 0.0215155
121.1211211 0.0212908
121.2212212 0.0210482
121.3213213 0.0213234
121.4214214 0.0201653
121.5215215 0.0204877
121.6216216 0.0210689
121.7217217 0.0210173
121.8218218 0.0213229
121.9219219 0.0211449
122.0220220 0.0200993
122.1221221 0.0203733
122.2222222 0.0207608
122.3223223 0.0209924
122.4224224 0.0202177
122.5225225 0.0207946
122.6226226 0.0215231
122.7227227 0.0207339
122.8228228 0.0203776
122.9229229 0.0210187
123.0230230 0.0204805
123.1231231 0.0219947
123.2232232 0.0207396
123.3233233 0.0211563
123.4234234 0.0207982
123.5235235 0.0204976
123.6236236 0.0218998
123.7237237 0.0221414
123.8238238 0.0223072
123.9239239 0.0207358
124.0240240 0.0205478
124.1241241 0.0214873
124.2242242 0.0223397
124.3243243 0.0218857
124.4244244 0.0218891
124.5245245 0.0209937
124.6246246 0.0208105
124.7247247 0.0219095
124.8248248 0.0219001
124.9249249 0.0217970
125.0250250 0.0220548
125.1251251 0.0209358
125.2252252 0.0223148
125.3253253 0.0218753
125.4254254 0.0213626
125.5255255 0.0220550
125.6256256 0.0220858
125.7257257 0.0209147
125.8258258 0.0221077
125.9259259 0.0222114
126.0260260 0.0227078
126.1261261 0.0215796
126.2262262 0.0206176
126.3263263 0.0213022
126.4264264 0.0217803
126.5265265 0.0219680
126.6266266 0.0222936
126.7267267 0.0210891
126.8268268 0.0213522
126.9269269 0.0214868
127.0270270 0.0215371
127.1271271 0.0231069
127.2272272 0.0214069
127.3273273 0.0212357
127.4274274 0.0213447
127.5275275 0.0217156
127.6276276 0.0215319
127.7277277 0.0215041
127.8278278 0.0210618
127.9279279 0.0212241
128.0280280 0.0225884
128.1281281 0.0219737
128.2282282 0.0215045
128.3283283 0.0215327
128.4284284 0.0214816
128.5285285 0.0205906
128.6286286 0.0219764
128.7287287 0.0228216
128.8288288 0.0215394
128.9289289 0.0216771
129.0290290 0.0205898
129.1291291 0.0227302
129.2292292 0.0228242
129.3293293 0.0221898
129.4294294 0.0224405
129.5295295 0.0215915
129.6296296 0.0220798
129.7297297 0.0222224
129.8298298 0.0223088
129.9299299 0.0229837
130.0300300 0.0211217
130.1301301 0.0230795
130.2302302 0.0222225
130.3303303 0.0216476
130.4304304 0.0229649
130.5305305 0.0230808
130.6306306 0.0223275
130.7307307 0.0222425
130.8308308 0.0222593
130.9309309 0.0225872
131.0310310 0.0232916
131.1311311 0.0220559
131.2312312 0.0222430
131.3313313 0.0222582
131.4314314 0.0227154
131.5315315 0.0229021
131.6316316 0.0219830
131.7317317 0.0234670
131.8318318 0.0224645
131.9319319 0.0227159
132.0320320 0.0226278
132.1321321 0.0229810
132.2322322 0.0236775
132.3323323 0.0229114
132.4324324 0.0236962
132.5325325 0.0235642
132.6326326 0.0230017
132.7327327 0.0243135
132.8328328 0.0232365
132.9329329 0.0228537
133.0330330 0.0245438
133.1331331 0.0235635
133.2332332 0.0237433
133.3333333 0.0245415
133.4334334 0.0232407
133.5335335 0.0243369
133.6336336 0.0245424
133.7337337 0.0227906
133.8338338 0.0249484
133.9339339 0.0246354
134.0340340 0.0243369
134.1341341 0.0243421
134.2342342 0.0243321
134.3343343 0.0249478
134.4344344 0.0250421
134.5345345 0.0223756
134.6346346 0.0243256
134.7347347 0.0241249
134.8348348 0.0249430
134.9349349 0.0250429
135.0350350 0.0239228
135.1351351 0.0243252
135.2352352 0.0241272
135.3353353 0.0264254
135.4354354 0.0247948
135.5355355 0.0238901
135.6356356 0.0230505
135.7357357 0.0241274
135.8358358 0.0263304
135.9359359 0.0255815
136.0360360 0.0238850
136.1361361 0.0230925
136.2362362 0.0238356
136.3363363 0.0255767
136.4364364 0.0265673
136.5365365 0.0242815
136.6366366 0.0236063
136.7367367 0.0230574
136.8368368 0.0249232
136.9369369 0.0258003
137.0370370 0.0246717
137.1371371 0.0240034
137.2372372 0.0230949
137.3373373 0.0241408
137.4374374 0.0264171
137.5375375 0.0254223
137.6376376 0.0243874
137.7377377 0.0234744
137.8378378 0.0241717
137.9379379 0.0251694
138.0380380 0.0246040
138.1381381 0.0241521
138.2382382 0.0234762
138.3383383 0.0233207
138.4384384 0.0244187
138.5385385 0.0246553
138.6386386 0.0246329
138.7387387 0.0241394
138.8388388 0.0244463
138.9389389 0.0236661
139.0390390 0.0246844
139.1391391 0.0242119
139.2392392 0.0237306
139.3393393 0.0245869
139.4394394 0.0238040
139.5395395 0.0253489
139.6396396 0.0241656
139.7397397 0.0246288
139.8398398 0.0246558
139.9399399 0.0242022
140.0400400 0.0249517
140.1401401 0.0249634
140.2402402 0.0241983
140.3403403 0.0246618
140.4404404 0.0246520
140.5405405 0.0253611
140.6406406 0.0250406
140.7407407 0.0245919
140.8408408 0.0251538
140.9409409 0.0248154
141.0410410 0.0263435
141.1411411 0.0254437
141.2412412 0.0236078
141.3413413 0.0255692
141.4414414 0.0256993
141.5415415 0.0263810
141.6416416 0.0265937
141.7417417 0.0245514
141.8418418 0.0250610
141.9419419 0.0255200
142.0420420 0.0263811
142.1421421 0.0264194
142.2422422 0.0245647
142.3423423 0.0241686
142.4424424 0.0256081
142.5425425 0.0269613
142.6426426 0.0261231
142.7427427 0.0256552
142.8428428 0.0242090
142.9429429 0.0251290
143.0430430 0.0268459
143.1431431 0.0270007
143.2432432 0.0253577
143.3433433 0.0252089
143.4434434 0.0246910
143.5435435 0.0275249
143.6436436 0.0267700
143.7437437 0.0266982
143.8438438 0.0251570
143.9439439 0.0246548
144.0440440 0.0275334
144.1441441 0.0275293
144.2442442 0.0264624
144.3443443 0.0251567
144.4444444 0.0247055
144.5445445 0.0253641
144.6446446 0.0275365
144.7447447 0.0271587
144.8448448 0.0253866
144.9449449 0.0242115
145.0450450 0.0257784
145.1451451 0.0266158
145.2452452 0.0272859
145.3453453 0.0252994
145.4454454 0.0248542
145.5455455 0.0261707
145.6456456 0.0270270
145.7457457 0.0265824
145.8458458 0.0259959
145.9459459 0.0248546
146.0460460 0.0258289
146.1461461 0.0271133
146.2462462 0.0265763
146.3463463 0.0256317
146.4464464 0.0251392
146.5465465 0.0252592
146.6466466 0.0259546
146.7467467 0.0265226
146.8468468 0.0260408
146.9469469 0.0247390
147.0470470 0.0258787
147.1471471 0.0255639
147.2472472 0.0269092
147.3473473 0.0264919
147.4474474 0.0251633
147.5475475 0.0253724
147.6476476 0.0249904
147.7477477 0.0265185
147.8478478 0.0269778
147.9479479 0.0248380
148.0480480 0.0253699
148.1481481 0.0248119
148.2482482 0.0248290
148.3483483 0.0270170
148.4484484 0.0248771
148.5485485 0.0258634
148.6486486 0.0248091
148.7487487 0.0247682
148.8488488 0.0265855
148.9489489 0.0252684
149.0490490 0.0253971
149.1491491 0.0249516
149.2492492 0.0253267
149.3493493 0.0260540
149.4494494 0.0253700
149.5495495 0.0255949
149.6496496 0.0253160
149.7497497 0.0254197
149.8498498 0.0258591
149.9499499 0.0252299
150.0500501 0.0250371
150.1501502 0.0248100
150.2502503 0.0250473
150.3503504 0.0248447
150.4504505 0.0250352
150.5505506 0.0253306
150.6506507 0.0251407
150.7507508 0.0253163
150.8508509 0.0254594
150.9509510 0.0248801
151.0510511 0.0252540
151.1511512 0.0252420
151.2512513 0.0251407
151.3513514 0.0250473
151.4514515 0.0256157
151.5515516 0.0252779
151.6516517 0.0252536
151.7517518 0.0252420
151.8518519 0.0248102
151.9519520 0.0255639
152.0520521 0.0252777
152.1521522 0.0252777
152.2522523 0.0252531
152.3523524 0.0247973
152.4524525 0.0254100
152.5525526 0.0252777
152.6526527 0.0252777
152.7527528 0.0252777
152.8528529 0.0252527
152.9529530 0.0246488
153.0530531 0.0252767
153.1531532 0.0252777
153.2532533 0.0252785
153.3533534 0.0252756
153.4534535 0.0259648
153.5535536 0.0252769
153.6536537 0.0252774
153.7537538 0.0252765
153.8538539 0.0252787
153.9539540 0.0260041
154.0540541 0.0261591
154.1541542 0.0252778
154.2542543 0.0252748
154.3543544 0.0252779
154.4544545 0.0260031
154.5545546 0.0252969
154.6546547 0.0268798
154.7547548 0.0252812
154.8548549 0.0253918
154.9549550 0.0260032
155.0550551 0.0252973
155.1551552 0.0275374
155.2552553 0.0257475
155.3553554 0.0257173
155.4554555 0.0260028
155.5555556 0.0259188
155.6556557 0.0268007
155.7557558 0.0273372
155.8558559 0.0252277
155.9559560 0.0260023
156.0560561 0.0259189
156.1561562 0.0261867
156.2562563 0.0269421
156.3563564 0.0268092
156.4564565 0.0255128
156.5565566 0.0259136
156.6566567 0.0261867
156.7567568 0.0275699
156.8568569 0.0272804
156.9569570 0.0265108
157.0570571 0.0256891
157.1571572 0.0253145
157.2572573 0.0268409
157.3573574 0.0267867
157.4574575 0.0267584
157.5575576 0.0258705
157.6576577 0.0258547
157.7577578 0.0267780
157.8578579 0.0274151
157.9579580 0.0272312
158.0580581 0.0269929
158.1581582 0.0259176
158.2582583 0.0256723
158.3583584 0.0274552
158.4584585 0.0267812
158.5585586 0.0270191
158.6586587 0.0267978
158.7587588 0.0251579
158.8588589 0.0262325
158.9589590 0.0274489
159.0590591 0.0270191
159.1591592 0.0270426
159.2592593 0.0256900
159.3593594 0.0261973
159.4594595 0.0269533
159.5595596 0.0262838
159.6596597 0.0273624
159.7597598 0.0264546
159.8598599 0.0257098
159.9599600 0.0269432
160.0600601 0.0259974
160.1601602 0.0270663
160.2602603 0.0264948
160.3603604 0.0246686
160.4604605 0.0257359
160.5605606 0.0265876
160.6606607 0.0258805
160.7607608 0.0255302
160.8608609 0.0250320
160.9609610 0.0253054
161.0610611 0.0261087
161.1611612 0.0258450
161.2612613 0.0253879
161.3613614 0.0251875
161.4614615 0.0252747
161.5615616 0.0256776
161.6616617 0.0259944
161.7617618 0.0249116
161.8618619 0.0248383
161.9619620 0.0250577
162.0620621 0.0249153
162.1621622 0.0260098
162.2622623 0.0244324
162.3623624 0.0253279
162.4624625 0.0247514
162.5625626 0.0254370
162.6626627 0.0255522
162.7627628 0.0244056
162.8628629 0.0248854
162.9629630 0.0247165
163.0630631 0.0239399
163.1631632 0.0249523
163.2632633 0.0244273
163.3633634 0.0243797
163.4634635 0.0247155
163.5635636 0.0237818
163.6636637 0.0244279
163.7637638 0.0245576
163.8638639 0.0238630
163.9639640 0.0237734
164.0640641 0.0238009
164.1641642 0.0244309
164.2642643 0.0240346
164.3643644 0.0246205
164.4644645 0.0237754
164.5645646 0.0234508
164.6646647 0.0231277
164.7647648 0.0233044
164.8648649 0.0237372
164.9649650 0.0239900
165.0650651 0.0244608
165.1651652 0.0227025
165.2652653 0.0235447
165.3653654 0.0243072
165.4654655 0.0241427
165.5655656 0.0239911
165.6656657 0.0229521
165.7657658 0.0227512
165.8658659 0.0243328
165.9659660 0.0245351
166.0660661 0.0238425
166.1661662 0.0231035
166.2662663 0.0228648
166.3663664 0.0234748
166.4664665 0.0246865
166.5665666 0.0238424
166.6666667 0.0237857
166.7667668 0.0228654
166.8668669 0.0233624
166.9669670 0.0246856
167.0670671 0.0244363
167.1671672 0.0237859
167.2672673 0.0231530
167.3673674 0.0228624
167.4674675 0.0242310
167.5675676 0.0243899
167.6676677 0.0236288
167.7677678 0.0228206
167.8678679 0.0233053
167.9679680 0.0235005
168.0680681 0.0248363
168.1681682 0.0242561
168.2682683 0.0222224
168.3683684 0.0230436
168.4684685 0.0240700
168.5685686 0.0246123
168.6686687 0.0247729
168.7687688 0.0227910
168.8688689 0.0230589
168.9689690 0.0240701
169.0690691 0.0251649
169.1691692 0.0247720
169.2692693 0.0232922
169.3693694 0.0232494
169.4694695 0.0238011
169.5695696 0.0246404
169.6696697 0.0251025
169.7697698 0.0239155
169.8698699 0.0225071
169.9699700 0.0238000
170.0700701 0.0255559
170.1701702 0.0252682
170.2702703 0.0236397
170.3703704 0.0226827
170.4704705 0.0230644
170.5705706 0.0242793
170.6706707 0.0261657
170.7707708 0.0236158
170.8708709 0.0238647
170.9709710 0.0220307
171.0710711 0.0236756
171.1711712 0.0254241
171.2712713 0.0247518
171.3713714 0.0236159
171.4714715 0.0223882
171.5715716 0.0226462
171.6716717 0.0242808
171.7717718 0.0246170
171.8718719 0.0238549
171.9719720 0.0229320
172.0720721 0.0228112
172.1721722 0.0226255
172.2722723 0.0246177
172.3723724 0.0246140
172.4724725 0.0226615
172.5725726 0.0228238
172.6726727 0.0223325
172.7727728 0.0222624
172.8728729 0.0246147
172.9729730 0.0234251
173.0730731 0.0232470
173.1731732 0.0223328
173.2732733 0.0220415
173.3733734 0.0245233
173.4734735 0.0234272
173.5735736 0.0227767
173.6736737 0.0223359
173.7737738 0.0220572
173.8738739 0.0219235
173.9739740 0.0234232
174.0740741 0.0227742
174.1741742 0.0227357
174.2742743 0.0220576
174.3743744 0.0223237
174.4744745 0.0219695
174.5745746 0.0227769
174.6746747 0.0220846
174.7747748 0.0223082
174.8748749 0.0223265
174.9749750 0.0221731
175.0750751 0.0226968
175.1751752 0.0220845
175.2752753 0.0226431
175.3753754 0.0225260
175.4754755 0.0221681
175.5755756 0.0222283
175.6756757 0.0227120
175.7757758 0.0221231
175.8758759 0.0226529
175.9759760 0.0235063
176.0760761 0.0213354
176.1761762 0.0215796
176.2762763 0.0223512
176.3763764 0.0224185
176.4764765 0.0237411
176.5765766 0.0215010
176.6766767 0.0218932
176.7767768 0.0220840
176.8768769 0.0226470
176.9769770 0.0235313
177.0770771 0.0217357
177.1771772 0.0215798
177.2772773 0.0225499
177.3773774 0.0221806
177.4774775 0.0236801
177.5775776 0.0223257
177.6776777 0.0215797
177.7777778 0.0214898
177.8778779 0.0219906
177.9779780 0.0214735
178.0780781 0.0223303
178.1781782 0.0218607
178.2782783 0.0216046
178.3783784 0.0216458
178.4784785 0.0220532
178.5785786 0.0223664
178.6786787 0.0220607
178.7787788 0.0218854
178.8788789 0.0216194
178.9789790 0.0219075
179.0790791 0.0222687
179.1791792 0.0223678
179.2792793 0.0219820
179.3793794 0.0213187
179.4794795 0.0215617
179.5795796 0.0221888
179.6796797 0.0222923
179.7797798 0.0219989
179.8798799 0.0214531
179.9799800 0.0215629
180.0800801 0.0234233
180.1801802 0.0222920
180.2802803 0.0233067
180.3803804 0.0213184
180.4804805 0.0218496
180.5805806 0.0219349
180.6806807 0.0233273
180.7807808 0.0233061
180.8808809 0.0222817
180.9809810 0.0223847
181.0810811 0.0213763
181.1811812 0.0234645
181.2812813 0.0243423
181.3813814 0.0222454
181.4814815 0.0219340
181.5815816 0.0223622
181.6816817 0.0220302
181.7817818 0.0243427
181.8818819 0.0234494
181.9819820 0.0214430
182.0820821 0.0212072
182.1821822 0.0219718
182.2822823 0.0248907
182.3823824 0.0232436
182.4824825 0.0224124
182.5825826 0.0211802
182.6826827 0.0223603
182.7827828 0.0228677
182.8828829 0.0236689
182.9829830 0.0228674
183.0830831 0.0230188
183.1831832 0.0218303
183.2832833 0.0221563
183.3833834 0.0226773
183.4834835 0.0228074
183.5835836 0.0224093
183.6836837 0.0219511
183.7837838 0.0223738
183.8838839 0.0227155
183.9839840 0.0225433
184.0840841 0.0230902
184.1841842 0.0229636
184.2842843 0.0216774
184.3843844 0.0227924
184.4844845 0.0225195
184.5845846 0.0230421
184.6846847 0.0233103
184.7847848 0.0209792
184.8848849 0.0223593
184.9849850 0.0211825
185.0850851 0.0225191
185.1851852 0.0226700
185.2852853 0.0207455
185.3853854 0.0223613
185.4854855 0.0211353
185.5855856 0.0214259
185.6856857 0.0226072
185.7857858 0.0226295
185.8858859 0.0214698
185.9859860 0.0221211
186.0860861 0.0211350
186.1861862 0.0216286
186.2862863 0.0212912
186.3863864 0.0211218
186.4864865 0.0216128
186.5865866 0.0213220
186.6866867 0.0212830
186.7867868 0.0212927
186.8868869 0.0211176
186.9869870 0.0216443
187.0870871 0.0210481
187.1871872 0.0211321
187.2872873 0.0216657
187.3873874 0.0214748
187.4874875 0.0213682
187.5875876 0.0211421
187.6876877 0.0209083
187.7877878 0.0217871
187.8878879 0.0213140
187.9879880 0.0211653
188.0880881 0.0212380
188.1881882 0.0213737
188.2882883 0.0209780
188.3883884 0.0211668
188.4884885 0.0212407
188.5885886 0.0211913
188.6886887 0.0212612
188.7887888 0.0209889
188.8888889 0.0200693
188.9889890 0.0207716
189.0890891 0.0208024
189.1891892 0.0216521
189.2892893 0.0213752
189.3893894 0.0215312
189.4894895 0.0208362
189.5895896 0.0205362
189.6896897 0.0208024
189.7897898 0.0212606
189.8898899 0.0210585
189.9899900 0.0211391
190.0900901 0.0212173
190.1901902 0.0207906
190.2902903 0.0211916
190.3903904 0.0213761
190.4904905 0.0211390
190.5905906 0.0211390
190.6906907 0.0211391
190.7907908 0.0207906
190.8908909 0.0211812
190.9909910 0.0211390
191.0910911 0.0211390
191.1911912 0.0211390
191.2912913 0.0211410
191.3913914 0.0208265
191.4914915 0.0209254
191.5915916 0.0211390
191.6916917 0.0211396
191.7917918 0.0211380
191.8918919 0.0212902
191.9919920 0.0205108
192.0920921 0.0211402
192.1921922 0.0211417
192.2922923 0.0211385
192.3923924 0.0212127
192.4924925 0.0208599
192.5925926 0.0207761
192.6926927 0.0211391
192.7927928 0.0211767
192.8928929 0.0212134
192.9929930 0.0208602
193.0930931 0.0210897
193.1931932 0.0218874
193.2932933 0.0211767
193.3933934 0.0212139
193.4934935 0.0208617
193.5935936 0.0210914
193.6936937 0.0205106
193.7937938 0.0216734
193.8938939 0.0206495
193.9939940 0.0208617
194.0940941 0.0216170
194.1941942 0.0210798
194.2942943 0.0209959
194.3943944 0.0206623
194.4944945 0.0208623
194.5945946 0.0216271
194.6946947 0.0216549
194.7947948 0.0203077
194.8948949 0.0217187
194.9949950 0.0205364
195.0950951 0.0207289
195.1951952 0.0210441
195.2952953 0.0209340
195.3953954 0.0213294
195.4954955 0.0218861
195.5955956 0.0202531
195.6956957 0.0208643
195.7957958 0.0215090
195.8958959 0.0201782
195.9959960 0.0202953
196.0960961 0.0215290
196.1961962 0.0207854
196.2962963 0.0215076
196.3963964 0.0208039
196.4964965 0.0198786
196.5965966 0.0210606
196.6966967 0.0222150
196.7967968 0.0211813
196.8968969 0.0207666
196.9969970 0.0199374
197.0970971 0.0199226
197.1971972 0.0215101
197.2972973 0.0214081
197.3973974 0.0210430
197.4974975 0.0198662
197.5975976 0.0195227
197.6976977 0.0203735
197.7977978 0.0220318
197.8978979 0.0205667
197.9979980 0.0188448
198.0980981 0.0195535
198.1981982 0.0199551
198.2982983 0.0215555
198.3983984 0.0210718
198.4984985 0.0189256
198.5985986 0.0188248
198.6986987 0.0199504
198.7987988 0.0204201
198.8988989 0.0215335
198.9989990 0.0205507
199.0990991 0.0192794
199.1991992 0.0186764
199.2992993 0.0201599
199.3993994 0.0203980
199.4994995 0.0200843
199.5995996 0.0199050
199.6996997 0.0197980
199.7997998 0.0201525
199.8998999 0.0206488
200.0000000 0.0200789
