0.0000000 0.0175013
0.1001001 0.0175013
0.2002002 0.0175013
0.3003003 0.0175013
0.4004004 0.0175013
0.5005005 0.0175013
0.6006006 0.0175013
0.7007007 0.0175013
0.8008008 0.0175013
0.9009009 0.0175013
1.0010010 0.0175013
1.1011011 0.0175013
1.2012012 0.0175013
1.3013013 0.0175013
1.4014014 0.0175014
1.5015015 0.0175073
1.6016016 0.0176249
1.7017017 0.0171771
1.8018018 0.0168430
1.9019019 0.0159159
2.0020020 0.0175777
2.1021021 0.0173601
2.2022022 0.0153604
2.3023023 0.0158023
2.4024024 0.0162431
2.5025025 0.0160611
2.6026026 0.0160095
2.7027027 0.0160096
2.8028028 0.0175823
2.9029029 0.0175821
3.0030030 0.0175461
3.1031031 0.0174808
3.2032032 0.0176189
3.3033033 0.0171629
3.4034034 0.0171629
3.5035035 0.0163465
3.6036036 0.0168371
3.7037037 0.0159100
3.8038038 0.0159100
3.9039039 0.0174596
4.0040040 0.0175719
4.1041041 0.0173544
4.2042042 0.0173536
4.3043043 0.0165126
4.4044044 0.0153553
4.5045045 0.0153672
4.6046046 0.0158422
4.7047047 0.0158773
4.8048048 0.0163596
4.9049049 0.0163596
5.0050050 0.0172539
5.1051051 0.0172539
5.2052052 0.0171986
5.3053053 0.0148601
5.4054054 0.0154587
5.5055055 0.0154582
5.6056056 0.0159957
5.7057057 0.0159971
5.8058058 0.0175471
5.9059059 0.0176172
6.0060060 0.0176291
6.1061061 0.0176557
6.2062062 0.0173934
6.3063063 0.0173832
6.4064064 0.0163713
6.5065065 0.0163713
6.6066066 0.0166926
6.7067067 0.0166926
6.8068068 0.0176656
6.9069069 0.0176650
7.0070070 0.0158352
7.1071071 0.0157050
7.2072072 0.0163581
7.3073073 0.0163581
7.4074074 0.0151580
7.5075075 0.0151580
7.6076076 0.0151622
7.7077077 0.0160286
7.8078078 0.0160183
7.9079079 0.0162386
8.0080080 0.0159606
8.1081081 0.0159612
8.2082082 0.0157747
8.3083083 0.0157741
8.4084084 0.0167738
8.5085085 0.0161894
8.6086086 0.0161894
8.7087087 0.0168892
8.8088088 0.0161221
8.9089089 0.0161333
9.0090090 0.0151400
9.1091091 0.0160461
9.2092092 0.0160457
9.3093093 0.0157585
9.4094094 0.0158325
9.5095095 0.0148756
9.6096096 0.0158185
9.7097097 0.0158199
9.8098098 0.0158199
9.9099099 0.0162199
10.0100100 0.0162199
10.1101101 0.0162204
10.2102102 0.0155427
10.3103103 0.0157687
10.4104104 0.0157554
10.5105105 0.0156581
10.6106106 0.0169575
10.7107107 0.0169575
10.8108108 0.0159635
10.9109109 0.0160375
11.0110110 0.0149274
11.1111111 0.0161622
11.2112112 0.0159250
11.3113113 0.0159227
11.4114114 0.0156278
11.5115115 0.0156591
11.6116116 0.0156640
11.7117117 0.0156640
11.8118118 0.0158191
11.9119119 0.0158067
12.0120120 0.0158067
12.1121121 0.0158063
12.2122122 0.0157928
12.3123123 0.0158957
12.4124124 0.0157178
12.5125125 0.0157929
12.6126126 0.0154617
12.7127127 0.0154003
12.8128128 0.0163364
12.9129129 0.0163364
13.0130130 0.0164446
13.1131131 0.0155529
13.2132132 0.0154369
13.3133133 0.0154382
13.4134134 0.0153218
13.5135135 0.0153226
13.6136136 0.0150283
13.7137137 0.0150280
13.8138138 0.0168557
13.9139139 0.0162641
14.0140140 0.0166382
14.1141141 0.0166374
14.2142142 0.0159246
14.3143143 0.0161431
14.4144144 0.0156280
14.5145145 0.0156284
14.6146146 0.0156284
14.7147147 0.0158642
14.8148148 0.0165605
14.9149149 0.0165605
15.0150150 0.0165605
15.1151151 0.0165602
15.2152152 0.0165599
15.3153153 0.0155519
15.4154154 0.0153233
15.5155155 0.0153225
15.6156156 0.0153174
15.7157157 0.0152063
15.8158158 0.0165541
15.9159159 0.0162588
16.0160160 0.0164481
16.1161161 0.0161132
16.2162162 0.0161132
16.3163163 0.0147450
16.4164164 0.0149559
16.5165165 0.0153168
16.6166166 0.0165857
16.7167167 0.0165854
16.8168168 0.0167918
16.9169169 0.0167319
17.0170170 0.0167319
17.1171171 0.0167300
17.2172172 0.0157737
17.3173173 0.0157728
17.4174174 0.0153429
17.5175175 0.0160747
17.6176176 0.0158558
17.7177177 0.0169591
17.8178178 0.0169702
17.9179179 0.0165848
18.0180180 0.0165848
18.1181181 0.0167957
18.2182182 0.0165126
18.3183183 0.0165159
18.4184184 0.0151364
18.5185185 0.0161385
18.6186186 0.0161385
18.7187187 0.0161358
18.8188188 0.0161343
18.9189189 0.0165751
19.0190190 0.0165161
19.1191191 0.0158081
19.2192192 0.0160122
19.3193193 0.0160122
19.4194194 0.0160122
19.5195195 0.0160122
19.6196196 0.0162186
19.7197197 0.0162060
19.8198198 0.0162060
19.9199199 0.0162060
20.0200200 0.0162060
20.1201201 0.0162060
20.2202202 0.0162816
20.3203203 0.0164048
20.4204204 0.0156410
20.5205205 0.0158669
20.6206206 0.0159574
20.7207207 0.0159685
20.8208208 0.0161559
20.9209209 0.0168318
21.0210210 0.0171229
21.1211211 0.0158930
21.2212212 0.0158441
21.3213213 0.0158441
21.4214214 0.0160549
21.5215215 0.0157215
21.6216216 0.0159006
21.7217217 0.0177285
21.8218218 0.0178025
21.9219219 0.0169108
22.0220220 0.0169105
22.1221221 0.0160706
22.2222222 0.0161914
22.3223223 0.0161913
22.4224224 0.0153272
22.5225225 0.0153265
22.6226226 0.0165175
22.7227227 0.0162232
22.8228228 0.0162383
22.9229229 0.0165295
23.0230230 0.0153744
23.1231231 0.0156012
23.2232232 0.0155421
23.3233233 0.0152079
23.4234234 0.0152816
23.5235235 0.0153721
23.6236236 0.0176408
23.7237237 0.0176383
23.8238238 0.0176383
23.9239239 0.0176377
24.0240240 0.0180555
24.1241241 0.0171638
24.2242242 0.0171636
24.3243243 0.0171784
24.4244244 0.0183694
24.5245245 0.0169839
24.6246246 0.0148932
24.7247247 0.0148661
24.8248248 0.0151573
24.9249249 0.0151159
25.0250250 0.0157465
25.1251251 0.0154100
25.2252252 0.0151098
25.3253253 0.0150501
25.4254254 0.0150501
25.5255255 0.0150500
25.6256256 0.0174127
25.7257257 0.0174127
25.8258258 0.0174274
25.9259259 0.0175507
26.0260260 0.0179888
26.1261261 0.0191800
26.2262262 0.0182883
26.3263263 0.0168321
26.4264264 0.0169226
26.5265265 0.0155016
26.6266266 0.0154980
26.7267267 0.0157908
26.8268268 0.0157908
26.9269269 0.0147975
27.0270270 0.0145099
27.1271271 0.0145099
27.2272272 0.0157908
27.3273273 0.0158055
27.4274274 0.0157403
27.5275275 0.0157405
27.6276276 0.0175686
27.7277277 0.0176918
27.8278278 0.0188068
27.9279279 0.0173505
28.0280280 0.0170087
28.1281281 0.0170066
28.2282282 0.0172325
28.3283283 0.0176734
28.4284284 0.0167819
28.5285285 0.0154026
28.6286286 0.0156938
28.7287287 0.0147005
28.8288288 0.0146027
28.9289289 0.0146031
29.0290290 0.0146031
29.1291291 0.0146031
29.2292292 0.0146031
29.3293293 0.0146936
29.4294294 0.0146936
29.5295295 0.0175702
29.6296296 0.0173845
29.7297297 0.0173845
29.8298298 0.0173845
29.9299299 0.0173845
30.0300300 0.0173845
30.1301301 0.0173845
30.2302302 0.0173849
30.3303303 0.0173867
30.4304304 0.0172842
30.5305305 0.0165822
30.6306306 0.0145801
30.7307307 0.0154745
30.8308308 0.0146017
30.9309309 0.0146024
31.0310310 0.0146106
31.1311311 0.0145799
31.2312312 0.0143673
31.3313313 0.0149934
31.4314314 0.0154160
31.5315315 0.0159677
31.6316316 0.0159091
31.7317317 0.0159187
31.8318318 0.0168829
31.9319319 0.0178303
32.0320320 0.0177279
32.1321321 0.0177279
32.2322322 0.0167353
32.3323323 0.0162864
32.4324324 0.0165760
32.5325325 0.0165857
32.6326326 0.0152064
32.7327327 0.0151757
32.8328328 0.0144822
32.9329329 0.0144822
33.0330330 0.0155237
33.1331331 0.0155237
33.2332332 0.0157839
33.3333333 0.0152838
33.4334334 0.0152838
33.5335335 0.0171194
33.6336336 0.0159151
33.7337337 0.0158561
33.8338338 0.0158545
33.9339339 0.0158097
34.0340340 0.0157983
34.1341341 0.0157976
34.2342342 0.0157669
34.3343343 0.0160586
34.4344344 0.0170060
34.5345345 0.0162905
34.6346346 0.0149050
34.7347347 0.0149050
34.8348348 0.0147992
34.9349349 0.0148027
35.0350350 0.0161810
35.1351351 0.0147690
35.2352352 0.0144277
35.3353353 0.0144277
35.4354354 0.0162557
35.5355355 0.0162655
35.6356356 0.0162655
35.7357357 0.0162660
35.8358358 0.0159323
35.9359359 0.0159323
36.0360360 0.0159262
36.1361361 0.0152106
36.2362362 0.0155013
36.3363363 0.0164734
36.4364364 0.0154110
36.5365365 0.0154619
36.6366366 0.0154611
36.7367367 0.0153399
36.8368368 0.0149778
36.9369369 0.0142433
37.0370370 0.0143007
37.1371371 0.0143012
37.2372372 0.0148683
37.3373373 0.0149434
37.4374374 0.0161340
37.5375375 0.0161279
37.6376376 0.0151341
37.7377377 0.0152792
37.8378378 0.0162125
37.9379379 0.0161721
38.0380380 0.0149408
38.1381381 0.0149175
38.2382382 0.0157190
38.3383383 0.0158154
38.4384384 0.0163803
38.5385385 0.0163803
38.6386386 0.0162123
38.7387387 0.0156734
38.8388388 0.0142614
38.9389389 0.0143363
39.0390390 0.0143363
39.1391391 0.0143363
39.2392392 0.0140339
39.3393393 0.0150233
39.4394394 0.0157713
39.5395395 0.0157713
39.6396396 0.0157713
39.7397397 0.0157713
39.8398398 0.0157720
39.9399399 0.0157416
40.0400400 0.0143995
40.1401401 0.0157134
40.2402402 0.0157134
40.3403403 0.0157141
40.4404404 0.0157884
40.5405405 0.0157884
40.6406406 0.0144261
40.7407407 0.0143775
40.8408408 0.0143116
40.9409409 0.0142520
41.0410410 0.0154275
41.1411411 0.0153854
41.2412412 0.0165630
41.3413413 0.0168198
41.4414414 0.0168299
41.5415415 0.0158976
41.6416416 0.0158987
41.7417417 0.0159622
41.8418418 0.0159659
41.9419419 0.0153348
42.0420420 0.0145616
42.1421421 0.0145616
42.2422422 0.0161800
42.3423423 0.0161800
42.4424424 0.0158500
42.5425425 0.0144736
42.6426426 0.0144728
42.7427427 0.0150422
42.8428428 0.0144931
42.9429429 0.0144934
43.0430430 0.0148502
43.1431431 0.0157684
43.2432432 0.0158295
43.3433433 0.0160857
43.4434434 0.0160857
43.5435435 0.0158435
43.6436436 0.0158457
43.7437437 0.0149540
43.8438438 0.0146041
43.9439439 0.0146033
44.0440440 0.0146193
44.1441441 0.0146193
44.2442442 0.0152269
44.3443443 0.0154245
44.4444444 0.0154245
44.5445445 0.0154245
44.6446446 0.0154246
44.7447447 0.0148724
44.8448448 0.0148150
44.9449449 0.0148150
45.0450450 0.0148172
45.1451451 0.0147095
45.2452452 0.0155304
45.3453453 0.0156423
45.4454454 0.0156023
45.5455455 0.0156027
45.6456456 0.0156026
45.7457457 0.0157903
45.8458458 0.0158015
45.9459459 0.0150886
46.0460460 0.0158536
46.1461461 0.0149947
46.2462462 0.0157606
46.3463463 0.0155269
46.4464464 0.0151271
46.5465465 0.0151271
46.6466466 0.0150074
46.7467467 0.0150755
46.8468468 0.0162043
46.9469469 0.0149476
47.0470470 0.0149471
47.1471471 0.0152610
47.2472472 0.0153733
47.3473473 0.0153845
47.4474474 0.0153845
47.5475475 0.0156500
47.6476476 0.0154452
47.7477477 0.0154452
47.8478478 0.0154446
47.9479479 0.0150007
48.0480480 0.0156129
48.1481481 0.0160367
48.2482482 0.0160718
48.3483483 0.0165616
48.4484484 0.0165616
48.5485485 0.0157354
48.6486486 0.0159614
48.7487487 0.0147146
48.8488488 0.0147146
48.9489489 0.0158427
49.0490490 0.0158405
49.1491491 0.0150006
49.2492492 0.0148005
49.3493493 0.0149471
49.4494494 0.0149468
49.5495495 0.0148757
49.6496496 0.0148750
49.7497497 0.0148750
49.8498498 0.0151442
49.9499499 0.0157672
50.0500501 0.0157225
50.1501502 0.0162125
50.2502503 0.0162138
50.3503504 0.0164923
50.4504505 0.0161141
50.5505506 0.0161141
50.6506507 0.0145034
50.7507508 0.0145034
50.8508509 0.0145033
50.9509510 0.0162849
51.0510511 0.0162854
51.1511512 0.0158212
51.2512513 0.0154827
51.3513514 0.0153750
51.4514515 0.0158712
51.5515516 0.0150548
51.6516517 0.0150548
51.7517518 0.0146897
51.8518519 0.0146897
51.9519520 0.0154483
52.0520521 0.0154486
52.1521522 0.0150698
52.2522523 0.0157598
52.3523524 0.0157605
52.4524525 0.0167090
52.5525526 0.0153038
52.6526527 0.0153038
52.7527528 0.0158379
52.8528529 0.0157959
52.9529530 0.0168127
53.0530531 0.0168362
53.1531532 0.0154255
53.2532533 0.0154205
53.3533534 0.0154171
53.4534535 0.0157094
53.5535536 0.0151013
53.6536537 0.0151003
53.7537538 0.0156686
53.8538539 0.0156692
53.9539540 0.0167067
54.0540541 0.0158668
54.1541542 0.0158668
54.2542543 0.0149263
54.3543544 0.0148745
54.4544545 0.0142223
54.5545546 0.0142266
54.6546547 0.0150297
54.7547548 0.0150288
54.8548549 0.0156795
54.9549550 0.0156785
55.0550551 0.0168063
55.1551552 0.0157038
55.2552553 0.0157038
55.3553554 0.0167411
55.4554555 0.0161710
55.5555556 0.0165694
55.6556557 0.0176092
55.7557558 0.0175671
55.8558559 0.0163548
55.9559560 0.0149473
56.0560561 0.0148978
56.1561562 0.0149075
56.2562563 0.0149009
56.3563564 0.0150273
56.4564565 0.0147534
56.5565566 0.0147534
56.6566567 0.0148711
56.7567568 0.0142244
56.8568569 0.0150262
56.9569570 0.0156805
57.0570571 0.0168086
57.1571572 0.0157062
57.2572573 0.0161737
57.3573574 0.0175545
57.4574575 0.0163421
57.5575576 0.0158573
57.6576577 0.0158889
57.7577578 0.0158888
57.8578579 0.0158888
57.9579580 0.0158888
58.0580581 0.0158888
58.1581582 0.0158888
58.2582583 0.0158888
58.3583584 0.0158888
58.4584585 0.0158888
58.5585586 0.0158888
58.6586587 0.0159041
58.7587588 0.0149004
58.8588589 0.0150275
58.9589590 0.0148708
59.0590591 0.0157062
59.1591592 0.0158913
59.2592593 0.0158913
59.3593594 0.0158913
59.4594595 0.0158913
59.5595596 0.0158913
59.6596597 0.0158913
59.7597598 0.0158913
59.8598599 0.0158913
59.9599600 0.0158913
60.0600601 0.0158913
60.1601602 0.0158913
60.2602603 0.0158913
60.3603604 0.0158920
60.4604605 0.0158923
60.5605606 0.0158885
60.6606607 0.0159860
60.7607608 0.0164307
60.8608609 0.0151917
60.9609610 0.0155695
61.0610611 0.0151952
61.1611612 0.0147684
61.2612613 0.0152250
61.3613614 0.0161752
61.4614615 0.0153127
61.5615616 0.0156123
61.6616617 0.0158978
61.7617618 0.0158982
61.8618619 0.0158980
61.9619620 0.0158945
62.0620621 0.0158942
62.1621622 0.0158894
62.2622623 0.0159893
62.3623624 0.0164416
62.4624625 0.0164302
62.5625626 0.0164310
62.6626627 0.0151917
62.7627628 0.0144330
62.8628629 0.0155695
62.9629630 0.0149383
63.0630631 0.0151950
63.1631632 0.0148086
63.2632633 0.0147682
63.3633634 0.0147666
63.4634635 0.0150638
63.5635636 0.0152292
63.6636637 0.0159878
63.7637638 0.0160618
63.8638639 0.0162682
63.9639640 0.0155949
64.0640641 0.0154791
64.1641642 0.0154791
64.2642643 0.0154791
64.3643644 0.0157044
64.4644645 0.0149454
64.5645646 0.0145075
64.6646647 0.0156440
64.7647648 0.0155644
64.8648649 0.0149371
64.9649650 0.0151938
65.0650651 0.0151954
65.1651652 0.0148198
65.2652653 0.0148198
65.3653654 0.0148656
65.4654655 0.0148656
65.5655656 0.0153424
65.6656657 0.0152271
65.7657658 0.0152268
65.8658659 0.0153959
65.9659660 0.0153951
66.0660661 0.0151103
66.1661662 0.0151077
66.2662663 0.0144296
66.3663664 0.0144333
66.4664665 0.0155714
66.5665666 0.0158940
66.6666667 0.0159175
66.7667668 0.0152864
66.8668669 0.0151752
66.9669670 0.0154322
67.0670671 0.0154355
67.1671672 0.0151587
67.2672673 0.0144081
67.3673674 0.0161427
67.4674675 0.0159882
67.5675676 0.0159957
67.6676677 0.0159957
67.7677678 0.0152015
67.8678679 0.0149953
67.9679680 0.0149969
68.0680681 0.0141738
68.1681682 0.0141738
68.2682683 0.0141966
68.3683684 0.0155144
68.4684685 0.0154029
68.5685686 0.0154029
68.6686687 0.0147717
68.7687688 0.0143879
68.8688689 0.0143879
68.9689690 0.0152985
69.0690691 0.0152985
69.1691692 0.0156219
69.2692693 0.0150113
69.3693694 0.0150113
69.4694695 0.0150088
69.5695696 0.0141879
69.6696697 0.0141879
69.7697698 0.0141991
69.8698699 0.0154394
69.9699700 0.0144071
70.0700701 0.0143756
70.1701702 0.0152242
70.2702703 0.0152242
70.3703704 0.0146957
70.4704705 0.0147999
70.5705706 0.0141688
70.6706707 0.0154504
70.7707708 0.0150042
70.8708709 0.0152617
70.9709710 0.0152219
71.0710711 0.0152219
71.1711712 0.0153029
71.2712713 0.0155580
71.3713714 0.0155580
71.4714715 0.0155573
71.5715716 0.0155266
71.6716717 0.0154093
71.7717718 0.0154115
71.8718719 0.0153125
71.9719720 0.0153125
72.0720721 0.0158902
72.1721722 0.0153819
72.2722723 0.0159529
72.3723724 0.0159504
72.4724725 0.0156630
72.5725726 0.0156630
72.6726727 0.0164070
72.7727728 0.0155517
72.8728729 0.0150068
72.9729730 0.0150068
73.0730731 0.0148780
73.1731732 0.0142240
73.2732733 0.0142240
73.3733734 0.0155136
73.4734735 0.0169106
73.5735736 0.0169143
73.6736737 0.0171206
73.7737738 0.0171206
73.8738739 0.0152867
73.9739740 0.0152867
74.0740741 0.0153044
74.1741742 0.0153050
74.2742743 0.0150980
74.3743744 0.0156716
74.4744745 0.0156716
74.5745746 0.0156700
74.6746747 0.0156672
74.7747748 0.0156320
74.8748749 0.0157375
74.9749750 0.0157472
75.0750751 0.0151331
75.1751752 0.0151328
75.2752753 0.0144783
75.3753754 0.0157139
75.4754755 0.0163295
75.5755756 0.0150919
75.6756757 0.0150919
75.7757758 0.0156256
75.8758759 0.0156256
75.9759760 0.0146651
76.0760761 0.0150710
76.1761762 0.0150704
76.2762763 0.0144578
76.3763764 0.0144543
76.4764765 0.0147779
76.5765766 0.0147776
76.6766767 0.0141698
76.7767768 0.0143024
76.8768769 0.0142988
76.9769770 0.0142980
77.0770771 0.0144290
77.1771772 0.0139805
77.2772773 0.0139953
77.3773774 0.0153769
77.4774775 0.0153764
77.5775776 0.0146578
77.6776777 0.0146578
77.7777778 0.0148183
77.8778779 0.0155578
77.9779780 0.0155638
78.0780781 0.0146022
78.1781782 0.0136527
78.2782783 0.0135228
78.3783784 0.0137361
78.4784785 0.0137361
78.5785786 0.0139424
78.6786787 0.0141208
78.7787788 0.0140786
78.8788789 0.0135816
78.9789790 0.0135816
79.0790791 0.0135816
79.1791792 0.0135819
79.2792793 0.0136013
79.3793794 0.0141347
79.4794795 0.0148474
79.5795796 0.0148480
79.6796797 0.0148484
79.7797798 0.0148434
79.8798799 0.0153048
79.9799800 0.0158803
80.0800801 0.0146500
80.1801802 0.0135094
80.2802803 0.0135094
80.3803804 0.0135086
80.4804805 0.0135437
80.5805806 0.0137668
80.6806807 0.0137668
80.7807808 0.0132795
80.8808809 0.0134674
80.9809810 0.0135625
81.0810811 0.0135625
81.1811812 0.0136900
81.2812813 0.0139480
81.3813814 0.0139477
81.4814815 0.0151370
81.5815816 0.0151351
81.6816817 0.0153042
81.7817818 0.0150661
81.8818819 0.0158296
81.9819820 0.0145992
82.0820821 0.0144834
82.1821822 0.0145175
82.2822823 0.0146387
82.3823824 0.0143045
82.4824825 0.0142865
82.5825826 0.0140013
82.6826827 0.0135128
82.7827828 0.0135028
82.8828829 0.0135028
82.9829830 0.0135028
83.0830831 0.0134804
83.1831832 0.0134790
83.2832833 0.0136768
83.3833834 0.0136914
83.4834835 0.0147311
83.5835836 0.0147329
83.6836837 0.0147329
83.7837838 0.0140172
83.8838839 0.0138416
83.9839840 0.0138562
84.0840841 0.0138562
84.1841842 0.0141972
84.2842843 0.0141872
84.3843844 0.0147551
84.4844845 0.0138925
84.5845846 0.0138922
84.6846847 0.0139505
84.7847848 0.0139505
84.8848849 0.0137443
84.9849850 0.0140670
85.0850851 0.0141080
85.1851852 0.0134239
85.2852853 0.0145286
85.3853854 0.0145211
85.4854855 0.0145211
85.5855856 0.0139144
85.6856857 0.0138995
85.7857858 0.0136505
85.8858859 0.0138565
85.9859860 0.0139203
86.0860861 0.0139203
86.1861862 0.0138560
86.2862863 0.0141738
86.3863864 0.0143147
86.4864865 0.0143137
86.5865866 0.0143144
86.6866867 0.0137618
86.7867868 0.0156835
86.8868869 0.0156835
86.9869870 0.0140787
87.0870871 0.0144414
87.1871872 0.0144432
87.2872873 0.0143448
87.3873874 0.0143448
87.4874875 0.0147752
87.5875876 0.0139588
87.6876877 0.0141359
87.7877878 0.0138018
87.8878879 0.0136884
87.9879880 0.0135711
88.0880881 0.0135711
88.1881882 0.0135711
88.2882883 0.0135711
88.3883884 0.0141700
88.4884885 0.0141057
88.5885886 0.0138015
88.6886887 0.0151327
88.7887888 0.0151327
88.8888889 0.0151327
88.9889890 0.0151327
89.0890891 0.0151327
89.1891892 0.0151327
89.2892893 0.0151319
89.3893894 0.0151560
89.4894895 0.0155649
89.5895896 0.0136979
89.6896897 0.0136979
89.7897898 0.0136979
89.8898899 0.0136979
89.9899900 0.0136982
90.0900901 0.0137017
90.1901902 0.0136936
90.2902903 0.0139373
90.3903904 0.0138998
90.4904905 0.0149040
90.5905906 0.0143454
90.6906907 0.0160388
90.7907908 0.0156149
90.8908909 0.0156149
90.9909910 0.0151559
91.0910911 0.0153816
91.1911912 0.0153816
91.2912913 0.0153806
91.3913914 0.0143874
91.4914915 0.0142668
91.5915916 0.0142769
91.6916917 0.0141028
91.7917918 0.0132785
91.8918919 0.0132786
91.9919920 0.0136813
92.0920921 0.0136811
92.1921922 0.0134266
92.2922923 0.0138275
92.3923924 0.0149583
92.4924925 0.0149293
92.5925926 0.0143703
92.6926927 0.0145960
92.7927928 0.0162896
92.8928929 0.0162917
92.9929930 0.0156608
93.0930931 0.0156709
93.1931932 0.0146777
93.2932933 0.0148841
93.3933934 0.0146510
93.4934935 0.0146510
93.5935936 0.0139639
93.6936937 0.0137841
93.7937938 0.0137841
93.8938939 0.0126975
93.9939940 0.0131130
94.0940941 0.0131130
94.1941942 0.0139202
94.2942943 0.0148919
94.3943944 0.0148919
94.4944945 0.0143340
94.5945946 0.0143441
94.6946947 0.0148319
94.7947948 0.0148327
94.8948949 0.0164151
94.9949950 0.0154218
95.0950951 0.0152382
95.1951952 0.0152382
95.2952953 0.0137998
95.3953954 0.0137998
95.4954955 0.0138204
95.5955956 0.0128841
95.6956957 0.0131032
95.7957958 0.0129216
95.8958959 0.0130342
95.9959960 0.0130342
96.0960961 0.0140329
96.1961962 0.0135249
96.2962963 0.0135249
96.3963964 0.0135249
96.4964965 0.0133514
96.5965966 0.0133527
96.6966967 0.0128373
96.7967968 0.0132413
96.8968969 0.0141535
96.9969970 0.0142607
97.0970971 0.0142597
97.1971972 0.0141371
97.2972973 0.0146249
97.3973974 0.0137411
97.4974975 0.0132764
97.5975976 0.0133950
97.6976977 0.0133950
97.7977978 0.0139975
97.8978979 0.0134045
97.9979980 0.0132045
98.0980981 0.0132045
98.1981982 0.0138488
98.2982983 0.0138488
98.3983984 0.0133395
98.4984985 0.0141250
98.5985986 0.0141250
98.6986987 0.0140726
98.7987988 0.0140759
98.8988989 0.0140753
98.9989990 0.0140767
99.0990991 0.0128618
99.1991992 0.0128618
99.2992993 0.0128620
99.3993994 0.0128620
99.4994995 0.0128680
99.5995996 0.0129199
99.6996997 0.0121679
99.7997998 0.0134236
99.8998999 0.0134226
100.0000000 0.0134387
