1.0000000 0.0164679
1.0990991 0.0165218
1.1981982 0.0153327
1.2972973 0.0146206
1.3963964 0.0165218
1.4954955 0.0156959
1.5945946 0.0177589
1.6936937 0.0159858
1.7927928 0.0160727
1.8918919 0.0171827
1.9909910 0.0146212
2.0900901 0.0163386
2.1891892 0.0157769
2.2882883 0.0171850
2.3873874 0.0147446
2.4864865 0.0153334
2.5855856 0.0173977
2.6846847 0.0146256
2.7837838 0.0151598
2.8828829 0.0171832
2.9819820 0.0158973
3.0810811 0.0146014
3.1801802 0.0175434
3.2792793 0.0177682
3.3783784 0.0139317
3.4774775 0.0152422
3.5765766 0.0174536
3.6756757 0.0158742
3.7747748 0.0142402
3.8738739 0.0169879
3.9729730 0.0172371
4.0720721 0.0158416
4.1711712 0.0166693
4.2702703 0.0177058
4.3693694 0.0164948
4.4684685 0.0146805
4.5675676 0.0170332
4.6666667 0.0179041
4.7657658 0.0157953
4.8648649 0.0164311
4.9639640 0.0182610
5.0630631 0.0167228
5.1621622 0.0154085
5.2612613 0.0172384
5.3603604 0.0165530
5.4594595 0.0146961
5.5585586 0.0154282
5.6576577 0.0173771
5.7567568 0.0158426
5.8558559 0.0150709
5.9549550 0.0175991
6.0540541 0.0162812
6.1531532 0.0148808
6.2522523 0.0160483
6.3513514 0.0176158
6.4504505 0.0149389
6.5495495 0.0159061
6.6486486 0.0178372
6.7477477 0.0159891
6.8468468 0.0164388
6.9459459 0.0164194
7.0450450 0.0169994
7.1441441 0.0161903
7.2432432 0.0159212
7.3423423 0.0170000
7.4414414 0.0150204
7.5405405 0.0154043
7.6396396 0.0166425
7.7387387 0.0160210
7.8378378 0.0159019
7.9369369 0.0161438
8.0360360 0.0159336
8.1351351 0.0165559
8.2342342 0.0156274
8.3333333 0.0165127
8.4324324 0.0163661
8.5315315 0.0154986
8.6306306 0.0166664
8.7297297 0.0176413
8.8288288 0.0161875
8.9279279 0.0156422
9.0270270 0.0159367
9.1261261 0.0161871
9.2252252 0.0157438
9.3243243 0.0167869
9.4234234 0.0176444
9.5225225 0.0170166
9.6216216 0.0159521
9.7207207 0.0172804
9.8198198 0.0160578
9.9189189 0.0158651
10.0180180 0.0174756
10.1171171 0.0173114
10.2162162 0.0166267
10.3153153 0.0159742
10.4144144 0.0189531
10.5135135 0.0177024
10.6126126 0.0163286
10.7117117 0.0173577
10.8108108 0.0171666
10.9099099 0.0162877
11.0090090 0.0179340
11.1081081 0.0186164
11.2072072 0.0180641
11.3063063 0.0166230
11.4054054 0.0188561
11.5045045 0.0174417
11.6036036 0.0162616
11.7027027 0.0179456
11.8018018 0.0188468
11.9009009 0.0174371
12.0000000 0.0168167
12.0990991 0.0188454
12.1981982 0.0174378
12.2972973 0.0168167
12.3963964 0.0175738
12.4954955 0.0188650
12.5945946 0.0173032
12.6936937 0.0168044
12.7927928 0.0188308
12.8918919 0.0174367
12.9909910 0.0174965
13.0900901 0.0182915
13.1891892 0.0188413
13.2882883 0.0168063
13.3873874 0.0168851
13.4864865 0.0186784
13.5855856 0.0171923
13.6846847 0.0178506
13.7837838 0.0183118
13.8828829 0.0189594
13.9819820 0.0176496
14.0810811 0.0179723
14.1801802 0.0175783
14.2792793 0.0177779
14.3783784 0.0174872
14.4774775 0.0179054
14.5765766 0.0175732
14.6756757 0.0187246
14.7747748 0.0179387
14.8738739 0.0175714
14.9729730 0.0177437
15.0720721 0.0179003
15.1711712 0.0181803
15.2702703 0.0176219
15.3693694 0.0184106
15.4684685 0.0185893
15.5675676 0.0183059
15.6666667 0.0180349
15.7657658 0.0185650
15.8648649 0.0179522
15.9639640 0.0188135
16.0630631 0.0186999
16.1621622 0.0186111
16.2612613 0.0191038
16.3603604 0.0196178
16.4594595 0.0191707
16.5585586 0.0181674
16.6576577 0.0190032
16.7567568 0.0197953
16.8558559 0.0187060
16.9549550 0.0184258
17.0540541 0.0191634
17.1531532 0.0194746
17.2522523 0.0188547
17.3513514 0.0191968
17.4504505 0.0197608
17.5495495 0.0203332
17.6486486 0.0190036
17.7477477 0.0202573
17.8468468 0.0203371
17.9459459 0.0203561
18.0450450 0.0202555
18.1441441 0.0192236
18.2432432 0.0203332
18.3423423 0.0202555
18.4414414 0.0202555
18.5405405 0.0203332
18.6396396 0.0203063
18.7387387 0.0202557
18.8378378 0.0198554
18.9369369 0.0195445
19.0360360 0.0202550
19.1351351 0.0227332
19.2342342 0.0203536
19.3333333 0.0221922
19.4324324 0.0217941
19.5315315 0.0208500
19.6306306 0.0218316
19.7297297 0.0218071
19.8288288 0.0214469
19.9279279 0.0206227
20.0270270 0.0223414
20.1261261 0.0227410
20.2252252 0.0199427
20.3243243 0.0221770
20.4234234 0.0233214
20.5225225 0.0199884
20.6216216 0.0231979
20.7207207 0.0238970
20.8198198 0.0214299
20.9189189 0.0206841
21.0180180 0.0231937
21.1171171 0.0233749
21.2162162 0.0199898
21.3153153 0.0238882
21.4144144 0.0248568
21.5135135 0.0214222
21.6126126 0.0228995
21.7117117 0.0240694
21.8108108 0.0220813
21.9099099 0.0205605
22.0090090 0.0251253
22.1081081 0.0242584
22.2072072 0.0205607
22.3063063 0.0229426
22.4054054 0.0253215
22.5045045 0.0221157
22.6036036 0.0228067
22.7027027 0.0242409
22.8018018 0.0230074
22.9009009 0.0211602
23.0000000 0.0232518
23.0990991 0.0253489
23.1981982 0.0197987
23.2972973 0.0227540
23.3963964 0.0251730
23.4954955 0.0208677
23.5945946 0.0235608
23.6936937 0.0240188
23.7927928 0.0240898
23.8918919 0.0211501
23.9909910 0.0227194
24.0900901 0.0242219
24.1891892 0.0213789
24.2882883 0.0226154
24.3873874 0.0240578
24.4864865 0.0214008
24.5855856 0.0226150
24.6846847 0.0240579
24.7837838 0.0200830
24.8828829 0.0215852
24.9819820 0.0226535
25.0810811 0.0235137
25.1801802 0.0220388
25.2792793 0.0226015
25.3783784 0.0238741
25.4774775 0.0202483
25.5765766 0.0216279
25.6756757 0.0239022
25.7747748 0.0200835
25.8738739 0.0207232
25.9729730 0.0230292
26.0720721 0.0212370
26.1711712 0.0204283
26.2702703 0.0216293
26.3693694 0.0233579
26.4684685 0.0206846
26.5675676 0.0207499
26.6666667 0.0225368
26.7657658 0.0218704
26.8648649 0.0204772
26.9639640 0.0220228
27.0630631 0.0218470
27.1621622 0.0202576
27.2612613 0.0207812
27.3603604 0.0213875
27.4594595 0.0201056
27.5585586 0.0203010
27.6576577 0.0220542
27.7567568 0.0209606
27.8558559 0.0199857
27.9549550 0.0219311
28.0540541 0.0214140
28.1531532 0.0201386
28.2522523 0.0207448
28.3513514 0.0209089
28.4504505 0.0197074
28.5495495 0.0194909
28.6486486 0.0207229
28.7477477 0.0210272
28.8468468 0.0199280
28.9459459 0.0214572
29.0450450 0.0203907
29.1441441 0.0197053
29.2432432 0.0210674
29.3423423 0.0207804
29.4414414 0.0197395
29.5405405 0.0205631
29.6396396 0.0208224
29.7387387 0.0203889
29.8378378 0.0194846
29.9369369 0.0189479
30.0360360 0.0207616
30.1351351 0.0181461
30.2342342 0.0215262
30.3333333 0.0200102
30.4324324 0.0179068
30.5315315 0.0210849
30.6306306 0.0188057
30.7297297 0.0207593
30.8288288 0.0200609
30.9279279 0.0188176
31.0270270 0.0200076
31.1261261 0.0184365
31.2252252 0.0189675
31.3243243 0.0202882
31.4234234 0.0181619
31.5225225 0.0209907
31.6216216 0.0183623
31.7207207 0.0181676
31.8198198 0.0200172
31.9189189 0.0185121
32.0180180 0.0188211
32.1171171 0.0197435
32.2162162 0.0188414
32.3153153 0.0168909
32.4144144 0.0176695
32.5135135 0.0209517
32.6126126 0.0184708
32.7117117 0.0178620
32.8108108 0.0199530
32.9099099 0.0183888
33.0090090 0.0174641
33.1081081 0.0191902
33.2072072 0.0180815
33.3063063 0.0162642
33.4054054 0.0176926
33.5045045 0.0178094
33.6036036 0.0162572
33.7027027 0.0174658
33.8018018 0.0200795
33.9009009 0.0160415
34.0000000 0.0174088
34.0990991 0.0191811
34.1981982 0.0160638
34.2972973 0.0163085
34.3963964 0.0176568
34.4954955 0.0175586
34.5945946 0.0160915
34.6936937 0.0174619
34.7927928 0.0175220
34.8918919 0.0155401
34.9909910 0.0163075
35.0900901 0.0201196
35.1891892 0.0154953
35.2882883 0.0157018
35.3873874 0.0178234
35.4864865 0.0154953
35.5855856 0.0154957
35.6846847 0.0162791
35.7837838 0.0154975
35.8828829 0.0154957
35.9819820 0.0155406
36.0810811 0.0154794
36.1801802 0.0154958
36.2792793 0.0154957
36.3783784 0.0174089
36.4774775 0.0154958
36.5765766 0.0154958
36.6756757 0.0154965
36.7747748 0.0154958
36.8738739 0.0154958
36.9729730 0.0154966
37.0720721 0.0154958
37.1711712 0.0154958
37.2702703 0.0154966
37.3693694 0.0160507
37.4684685 0.0154958
37.5675676 0.0154966
37.6666667 0.0155308
37.7657658 0.0149372
37.8648649 0.0154966
37.9639640 0.0155308
38.0630631 0.0145691
38.1621622 0.0154610
38.2612613 0.0154823
38.3603604 0.0144655
38.4594595 0.0149293
38.5585586 0.0155376
38.6576577 0.0161666
38.7567568 0.0147028
38.8558559 0.0154682
38.9549550 0.0156159
39.0540541 0.0146305
39.1531532 0.0149452
39.2522523 0.0154258
39.3513514 0.0144662
39.4504505 0.0145490
39.5495495 0.0151731
39.6486486 0.0160514
39.7477477 0.0145566
39.8468468 0.0148783
39.9459459 0.0156809
40.0450450 0.0146193
40.1441441 0.0145331
40.2432432 0.0150559
40.3423423 0.0144274
40.4414414 0.0147412
40.5405405 0.0152781
40.6396396 0.0158520
40.7387387 0.0144947
40.8378378 0.0142902
40.9369369 0.0155786
41.0360360 0.0145837
41.1351351 0.0142099
41.2342342 0.0158767
41.3333333 0.0142851
41.4324324 0.0147391
41.5315315 0.0146584
41.6306306 0.0154671
41.7297297 0.0147937
41.8288288 0.0142611
41.9279279 0.0157657
42.0270270 0.0149693
42.1261261 0.0141706
42.2252252 0.0153670
42.3243243 0.0138237
42.4234234 0.0148697
42.5225225 0.0146759
42.6216216 0.0157570
42.7207207 0.0143999
42.8198198 0.0145842
42.9189189 0.0152054
43.0180180 0.0146971
43.1171171 0.0152062
43.2162162 0.0154265
43.3153153 0.0147244
43.4144144 0.0141461
43.5135135 0.0152117
43.6126126 0.0158480
43.7117117 0.0146993
43.8108108 0.0146304
43.9099099 0.0152063
44.0090090 0.0147260
44.1081081 0.0144855
44.2072072 0.0152190
44.3063063 0.0142889
44.4054054 0.0152193
44.5045045 0.0153349
44.6036036 0.0142684
44.7027027 0.0147381
44.8018018 0.0152340
44.9009009 0.0160293
45.0000000 0.0142386
45.0990991 0.0142580
45.1981982 0.0151358
45.2972973 0.0142671
45.3963964 0.0148701
45.4954955 0.0152373
45.5945946 0.0144422
45.6936937 0.0148201
45.7927928 0.0148044
45.8918919 0.0151942
45.9909910 0.0150869
46.0900901 0.0147723
46.1891892 0.0151965
46.2882883 0.0145286
46.3873874 0.0147564
46.4864865 0.0153387
46.5855856 0.0136086
46.6846847 0.0149604
46.7837838 0.0153022
46.8828829 0.0150360
46.9819820 0.0151357
47.0810811 0.0147201
47.1801802 0.0153367
47.2792793 0.0142479
47.3783784 0.0141412
47.4774775 0.0151831
47.5765766 0.0132678
47.6756757 0.0142856
47.7747748 0.0148018
47.8738739 0.0147230
47.9729730 0.0141898
48.0720721 0.0147919
48.1711712 0.0152623
48.2702703 0.0137515
48.3693694 0.0146366
48.4684685 0.0146928
48.5675676 0.0136320
48.6666667 0.0147450
48.7657658 0.0146922
48.8648649 0.0151973
48.9639640 0.0136679
49.0630631 0.0148245
49.1621622 0.0146843
49.2612613 0.0136663
49.3603604 0.0147372
49.4594595 0.0146850
49.5585586 0.0130348
49.6576577 0.0150266
49.7567568 0.0147089
49.8558559 0.0151936
49.9549550 0.0145461
50.0540541 0.0144211
50.1531532 0.0152279
50.2522523 0.0125021
50.3513514 0.0149599
50.4504505 0.0145890
50.5495495 0.0131089
50.6486486 0.0151222
50.7477477 0.0142465
50.8468468 0.0136736
50.9459459 0.0133474
51.0450450 0.0147945
51.1441441 0.0151765
51.2432432 0.0134171
51.3423423 0.0147844
51.4414414 0.0147719
51.5405405 0.0127684
51.6396396 0.0138945
51.7387387 0.0148238
51.8378378 0.0124442
51.9369369 0.0134150
52.0360360 0.0146427
52.1351351 0.0145763
52.2342342 0.0117841
52.3333333 0.0138695
52.4324324 0.0146389
52.5315315 0.0119360
52.6306306 0.0126187
52.7297297 0.0152744
52.8288288 0.0130872
52.9279279 0.0127978
53.0270270 0.0137569
53.1261261 0.0140751
53.2252252 0.0117358
53.3243243 0.0126901
53.4234234 0.0142087
53.5225225 0.0127819
53.6216216 0.0128192
53.7207207 0.0134027
53.8198198 0.0126230
53.9189189 0.0117217
54.0180180 0.0128402
54.1171171 0.0141460
54.2162162 0.0122573
54.3153153 0.0129918
54.4144144 0.0134028
54.5135135 0.0122540
54.6126126 0.0117214
54.7117117 0.0128284
54.8108108 0.0122558
54.9099099 0.0122540
55.0090090 0.0128290
55.1081081 0.0126839
55.2072072 0.0122553
55.3063063 0.0128293
55.4054054 0.0127953
55.5045045 0.0122553
55.6036036 0.0112679
55.7027027 0.0127956
55.8018018 0.0123836
55.9009009 0.0111756
56.0000000 0.0122681
56.0990991 0.0120690
56.1981982 0.0123264
56.2972973 0.0121871
56.3963964 0.0126733
56.4954955 0.0121585
56.5945946 0.0114971
56.6936937 0.0125606
56.7927928 0.0120799
56.8918919 0.0114893
56.9909910 0.0127151
57.0900901 0.0118437
57.1891892 0.0121361
57.2882883 0.0119542
57.3873874 0.0123370
57.4864865 0.0131523
57.5855856 0.0133221
57.6846847 0.0127256
57.7837838 0.0118143
57.8828829 0.0121343
57.9819820 0.0117456
58.0810811 0.0122227
58.1801802 0.0124763
58.2792793 0.0132370
58.3783784 0.0118541
58.4774775 0.0125412
58.5765766 0.0124245
58.6756757 0.0112753
58.7747748 0.0130361
58.8738739 0.0121585
58.9729730 0.0132332
59.0720721 0.0120445
59.1711712 0.0124960
59.2702703 0.0128472
59.3693694 0.0121754
59.4684685 0.0123125
59.5675676 0.0122516
59.6666667 0.0120792
59.7657658 0.0123717
59.8648649 0.0115518
59.9639640 0.0120719
60.0630631 0.0121916
60.1621622 0.0136549
60.2612613 0.0125930
60.3603604 0.0122457
60.4594595 0.0123108
60.5585586 0.0115351
60.6576577 0.0124482
60.7567568 0.0123818
60.8558559 0.0125967
60.9549550 0.0119108
61.0540541 0.0121181
61.1531532 0.0125968
61.2522523 0.0127129
61.3513514 0.0121910
61.4504505 0.0122113
61.5495495 0.0125188
61.6486486 0.0118541
61.7477477 0.0122096
61.8468468 0.0125459
61.9459459 0.0119545
62.0450450 0.0112648
62.1441441 0.0110199
62.2432432 0.0122806
62.3423423 0.0121973
62.4414414 0.0121742
62.5405405 0.0122563
62.6396396 0.0122422
62.7387387 0.0112631
62.8378378 0.0119531
62.9369369 0.0115230
63.0360360 0.0117019
63.1351351 0.0110504
63.2342342 0.0118211
63.3333333 0.0117419
63.4324324 0.0112193
63.5315315 0.0113263
63.6306306 0.0123922
63.7297297 0.0116617
63.8288288 0.0116066
63.9279279 0.0123478
64.0270270 0.0115579
64.1261261 0.0113247
64.2252252 0.0115410
64.3243243 0.0115575
64.4234234 0.0113249
64.5225225 0.0118221
64.6216216 0.0123774
64.7207207 0.0120749
64.8198198 0.0113671
64.9189189 0.0121853
65.0180180 0.0120309
65.1171171 0.0113596
65.2162162 0.0125055
65.3153153 0.0121884
65.4144144 0.0127222
65.5135135 0.0128872
65.6126126 0.0121829
65.7117117 0.0126787
65.8108108 0.0114127
65.9099099 0.0130452
66.0090090 0.0131850
66.1081081 0.0119224
66.2072072 0.0126989
66.3063063 0.0129722
66.4054054 0.0126001
66.5045045 0.0127704
66.6036036 0.0125770
66.7027027 0.0135388
66.8018018 0.0125451
66.9009009 0.0125760
67.0000000 0.0130562
67.0990991 0.0123567
67.1981982 0.0127707
67.2972973 0.0124272
67.3963964 0.0126374
67.4954955 0.0124533
67.5945946 0.0123110
67.6936937 0.0134493
67.7927928 0.0115948
67.8918919 0.0124805
67.9909910 0.0127394
68.0900901 0.0121399
68.1891892 0.0130028
68.2882883 0.0119708
68.3873874 0.0130898
68.4864865 0.0116149
68.5855856 0.0125600
68.6846847 0.0124676
68.7837838 0.0121599
68.8828829 0.0124684
68.9819820 0.0117325
69.0810811 0.0121788
69.1801802 0.0125695
69.2792793 0.0121383
69.3783784 0.0116264
69.4774775 0.0116620
69.5765766 0.0115360
69.6756757 0.0111034
69.7747748 0.0119574
69.8738739 0.0125593
69.9729730 0.0111495
70.0720721 0.0129056
70.1711712 0.0115528
70.2702703 0.0109037
70.3693694 0.0118043
70.4684685 0.0116682
70.5675676 0.0109605
70.6666667 0.0121022
70.7657658 0.0127714
70.8648649 0.0122862
70.9639640 0.0111634
71.0630631 0.0129110
71.1621622 0.0116677
71.2612613 0.0109393
71.3603604 0.0128025
71.4594595 0.0127712
71.5585586 0.0108639
71.6576577 0.0121186
71.7567568 0.0129110
71.8558559 0.0122862
71.9549550 0.0121183
72.0540541 0.0123662
72.1531532 0.0119582
72.2522523 0.0121183
72.3513514 0.0121183
72.4504505 0.0126045
72.5495495 0.0113156
72.6486486 0.0121183
72.7477477 0.0121183
72.8468468 0.0116624
72.9459459 0.0121193
73.0450450 0.0121183
73.1441441 0.0123629
73.2432432 0.0121193
73.3423423 0.0121193
73.4414414 0.0121181
73.5405405 0.0121193
73.6396396 0.0121193
73.7387387 0.0121192
73.8378378 0.0104846
73.9369369 0.0121193
74.0360360 0.0121192
74.1351351 0.0126468
74.2342342 0.0121193
74.3333333 0.0121192
74.4324324 0.0118570
74.5315315 0.0107654
74.6306306 0.0121192
74.7297297 0.0121354
74.8288288 0.0104830
74.9279279 0.0132843
75.0270270 0.0121354
75.1261261 0.0104856
75.2252252 0.0112700
75.3243243 0.0123331
75.4234234 0.0126468
75.5225225 0.0111610
75.6216216 0.0125437
75.7207207 0.0126503
75.8198198 0.0104834
75.9189189 0.0120283
76.0180180 0.0121537
76.1171171 0.0104848
76.2162162 0.0107618
76.3153153 0.0118445
76.4144144 0.0113715
76.5135135 0.0111748
76.6126126 0.0113104
76.7117117 0.0125076
76.8108108 0.0108344
76.9099099 0.0112893
77.0090090 0.0113529
77.1081081 0.0104812
77.2072072 0.0107078
77.3063063 0.0119501
77.4054054 0.0116504
77.5045045 0.0113108
77.6036036 0.0117201
77.7027027 0.0115829
77.8018018 0.0110899
77.9009009 0.0117882
78.0000000 0.0114219
78.0990991 0.0116476
78.1981982 0.0107922
78.2972973 0.0117124
78.3963964 0.0109129
78.4954955 0.0111277
78.5945946 0.0118391
78.6936937 0.0115830
78.7927928 0.0123130
78.8918919 0.0113011
78.9909910 0.0110460
79.0900901 0.0121596
79.1891892 0.0111941
79.2882883 0.0115812
79.3873874 0.0121598
79.4864865 0.0122676
79.5855856 0.0112299
79.6846847 0.0111591
79.7837838 0.0127350
79.8828829 0.0119030
79.9819820 0.0118362
80.0810811 0.0120033
80.1801802 0.0118477
80.2792793 0.0108925
80.3783784 0.0112864
80.4774775 0.0127390
80.5765766 0.0105023
80.6756757 0.0117718
80.7747748 0.0112562
80.8738739 0.0103603
80.9729730 0.0119471
81.0720721 0.0118676
81.1711712 0.0118496
81.2702703 0.0108556
81.3693694 0.0120429
81.4684685 0.0112476
81.5675676 0.0104180
81.6666667 0.0116398
81.7657658 0.0118679
81.8648649 0.0103030
81.9639640 0.0107925
82.0630631 0.0120335
82.1621622 0.0109021
82.2612613 0.0112171
82.3603604 0.0124399
82.4594595 0.0118088
82.5585586 0.0108623
82.6576577 0.0124376
82.7567568 0.0119844
82.8558559 0.0110244
82.9549550 0.0110604
83.0540541 0.0124389
83.1531532 0.0116381
83.2522523 0.0106557
83.3513514 0.0124288
83.4504505 0.0113232
83.5495495 0.0100718
83.6486486 0.0112932
83.7477477 0.0117176
83.8468468 0.0101603
83.9459459 0.0111559
84.0450450 0.0124472
84.1441441 0.0116272
84.2432432 0.0100583
84.3423423 0.0114483
84.4414414 0.0110564
84.5405405 0.0103557
84.6396396 0.0111899
84.7387387 0.0109334
84.8378378 0.0105517
84.9369369 0.0106243
85.0360360 0.0105287
85.1351351 0.0105988
85.2342342 0.0103557
85.3333333 0.0111887
85.4324324 0.0109119
85.5315315 0.0105496
85.6306306 0.0106179
85.7297297 0.0105287
85.8288288 0.0105969
85.9279279 0.0106173
86.0270270 0.0105273
86.1261261 0.0108804
86.2252252 0.0111941
86.3243243 0.0101414
86.4234234 0.0109227
86.5225225 0.0106312
86.6216216 0.0099369
86.7207207 0.0099939
86.8198198 0.0106030
86.9189189 0.0110285
87.0180180 0.0100927
87.1171171 0.0106827
87.2162162 0.0111115
87.3153153 0.0109531
87.4144144 0.0102154
87.5135135 0.0106122
87.6126126 0.0112612
87.7117117 0.0097448
87.8108108 0.0108114
87.9099099 0.0113496
88.0090090 0.0107162
88.1081081 0.0102168
88.2072072 0.0114452
88.3063063 0.0109398
88.4054054 0.0102167
88.5045045 0.0112317
88.6036036 0.0113528
88.7027027 0.0111602
88.8018018 0.0110530
88.9009009 0.0117807
89.0000000 0.0115329
89.0990991 0.0113115
89.1981982 0.0117555
89.2972973 0.0112669
89.3963964 0.0110567
89.4954955 0.0122023
89.5945946 0.0118737
89.6936937 0.0119764
89.7927928 0.0107214
89.8918919 0.0120968
89.9909910 0.0119472
90.0900901 0.0106476
90.1891892 0.0132740
90.2882883 0.0108614
90.3873874 0.0112946
90.4864865 0.0128744
90.5855856 0.0120968
90.6846847 0.0117293
90.7837838 0.0112602
90.8828829 0.0132727
90.9819820 0.0121441
91.0810811 0.0112953
91.1801802 0.0119801
91.2792793 0.0121447
91.3783784 0.0120101
91.4774775 0.0119826
91.5765766 0.0123949
91.6756757 0.0121442
91.7747748 0.0119831
91.8738739 0.0120070
91.9729730 0.0121451
92.0720721 0.0110980
92.1711712 0.0120075
92.2702703 0.0118984
92.3693694 0.0115172
92.4684685 0.0119928
92.5675676 0.0107611
92.6666667 0.0120294
92.7657658 0.0111493
92.8648649 0.0111013
92.9639640 0.0118419
93.0630631 0.0113978
93.1621622 0.0103619
93.2612613 0.0112055
93.3603604 0.0110995
93.4594595 0.0106567
93.5585586 0.0107485
93.6576577 0.0111067
93.7567568 0.0102569
93.8558559 0.0103868
93.9549550 0.0112822
94.0540541 0.0118304
94.1531532 0.0106541
94.2522523 0.0103338
94.3513514 0.0109674
94.4504505 0.0102496
94.5495495 0.0099533
94.6486486 0.0111435
94.7477477 0.0108814
94.8468468 0.0107046
94.9459459 0.0110004
95.0450450 0.0111609
95.1441441 0.0104947
95.2432432 0.0105524
95.3423423 0.0111824
95.4414414 0.0109064
95.5405405 0.0119798
95.6396396 0.0103897
95.7387387 0.0111865
95.8378378 0.0108363
95.9369369 0.0111522
96.0360360 0.0111814
96.1351351 0.0108169
96.2342342 0.0107857
96.3333333 0.0104758
96.4324324 0.0112760
96.5315315 0.0110761
96.6306306 0.0108691
96.7297297 0.0106208
96.8288288 0.0107318
96.9279279 0.0109144
97.0270270 0.0104041
97.1261261 0.0114762
97.2252252 0.0110842
97.3243243 0.0113835
97.4234234 0.0110721
97.5225225 0.0112779
97.6216216 0.0113835
97.7207207 0.0118119
97.8198198 0.0117182
97.9189189 0.0111482
98.0180180 0.0113617
98.1171171 0.0113132
98.2162162 0.0113428
98.3153153 0.0113611
98.4144144 0.0110871
98.5135135 0.0115563
98.6126126 0.0116230
98.7117117 0.0134694
98.8108108 0.0109547
98.9099099 0.0113472
99.0090090 0.0120520
99.1081081 0.0121997
99.2072072 0.0118728
99.3063063 0.0119273
99.4054054 0.0116924
99.5045045 0.0116149
99.6036036 0.0116926
99.7027027 0.0123954
99.8018018 0.0122589
99.9009009 0.0109278
100.0000000 0.0118647
