1.0000000 0.0124004
1.0747687 0.0123975
1.1495374 0.0123624
1.2243061 0.0124003
1.2990748 0.0113980
1.3738435 0.0123980
1.4486122 0.0123975
1.5233808 0.0120139
1.5981495 0.0123999
1.6729182 0.0113245
1.7476869 0.0126119
1.8224556 0.0123975
1.8972243 0.0120249
1.9719930 0.0123878
2.0467617 0.0116855
2.1215304 0.0126852
2.1962991 0.0123969
2.2710678 0.0109772
2.3458365 0.0126090
2.4206052 0.0126683
2.4953738 0.0106518
2.5701425 0.0123684
2.6449112 0.0113980
2.7196799 0.0126824
2.7944486 0.0124613
2.8692173 0.0120240
2.9439860 0.0126090
3.0187547 0.0122920
3.0935234 0.0120157
3.1682921 0.0124512
3.2430608 0.0122616
3.3178295 0.0126824
3.3925981 0.0113148
3.4673668 0.0127379
3.5421355 0.0124029
3.6169042 0.0113953
3.6916729 0.0120157
3.7664416 0.0116713
3.8412103 0.0120201
3.9159790 0.0124763
3.9907477 0.0113831
4.0655164 0.0106490
4.1402851 0.0116145
4.2150538 0.0122591
4.2898225 0.0124763
4.3645911 0.0122813
4.4393598 0.0127384
4.5141285 0.0121003
4.5888972 0.0109402
4.6636659 0.0117047
4.7384346 0.0115358
4.8132033 0.0120066
4.8879720 0.0120997
4.9627407 0.0113481
5.0375094 0.0107205
5.1122781 0.0116092
5.1870468 0.0122437
5.2618155 0.0112893
5.3365841 0.0115462
5.4113528 0.0129656
5.4861215 0.0111194
5.5608902 0.0108846
5.6356589 0.0106071
5.7104276 0.0125772
5.7851963 0.0121829
5.8599650 0.0111201
5.9347337 0.0107664
6.0095024 0.0128666
6.0842711 0.0125770
6.1590398 0.0129763
6.2338085 0.0102547
6.3085771 0.0105001
6.3833458 0.0120592
6.4581145 0.0116031
6.5328832 0.0114941
6.6076519 0.0109567
6.6824206 0.0104981
6.7571893 0.0125095
6.8319580 0.0103605
6.9067267 0.0110609
6.9814954 0.0136166
7.0562641 0.0125709
7.1310328 0.0133860
7.2058015 0.0113003
7.2805701 0.0107756
7.3553388 0.0124212
7.4301075 0.0103972
7.5048762 0.0129528
7.5796449 0.0113048
7.6544136 0.0107763
7.7291823 0.0118459
7.8039510 0.0103689
7.8787197 0.0113874
7.9534884 0.0128950
8.0282571 0.0105401
8.1030258 0.0122050
8.1777944 0.0113640
8.2525631 0.0113812
8.3273318 0.0119580
8.4021005 0.0104715
8.4768692 0.0122059
8.5516379 0.0126619
8.6264066 0.0110941
8.7011753 0.0118801
8.7759440 0.0110272
8.8507127 0.0113028
8.9254814 0.0128525
9.0002501 0.0106904
9.0750188 0.0126220
9.1497874 0.0111310
9.2245561 0.0112841
9.2993248 0.0116751
9.3740935 0.0102724
9.4488622 0.0126153
9.5236309 0.0127279
9.5983996 0.0109930
9.6731683 0.0116751
9.7479370 0.0114202
9.8227057 0.0114711
9.8974744 0.0122337
9.9722431 0.0106213
10.0470118 0.0123121
10.1217804 0.0132798
10.1965491 0.0114501
10.2713178 0.0110524
10.3460865 0.0116027
10.4208552 0.0126115
10.4956239 0.0127855
10.5703926 0.0109280
10.6451613 0.0117678
10.7199300 0.0115722
10.7946987 0.0126125
10.8694674 0.0123782
10.9442361 0.0102726
11.0190048 0.0123195
11.0937734 0.0116682
11.1685421 0.0107210
11.2433108 0.0112063
11.3180795 0.0119148
11.3928482 0.0123205
11.4676169 0.0116682
11.5423856 0.0107254
11.6171543 0.0112192
11.6919230 0.0116714
11.7666917 0.0111042
11.8414604 0.0106632
11.9162291 0.0111072
11.9909977 0.0118276
12.0657664 0.0120718
12.1405351 0.0120228
12.2153038 0.0110469
12.2900725 0.0114374
12.3648412 0.0120727
12.4396099 0.0120027
12.5143786 0.0104132
12.5891473 0.0110448
12.6639160 0.0122986
12.7386847 0.0110189
12.8134534 0.0119206
12.8882221 0.0108843
12.9629907 0.0108166
13.0377594 0.0120728
13.1125281 0.0116478
13.1872968 0.0106787
13.2620655 0.0113894
13.3368342 0.0105648
13.4116029 0.0120829
13.4863716 0.0113287
13.5611403 0.0107559
13.6359090 0.0123665
13.7106777 0.0102794
13.7854464 0.0119178
13.8602151 0.0113444
13.9349837 0.0105646
14.0097524 0.0124162
14.0845211 0.0095893
14.1592898 0.0119817
14.2340585 0.0113627
14.3088272 0.0102792
14.3835959 0.0124208
14.4583646 0.0113479
14.5331333 0.0121435
14.6079020 0.0124045
14.6826707 0.0102949
14.7574394 0.0119487
14.8322081 0.0113626
14.9069767 0.0107203
14.9817454 0.0124091
15.0565141 0.0110468
15.1312828 0.0127383
15.2060515 0.0120467
15.2808202 0.0113786
15.3555889 0.0124091
15.4303576 0.0118093
15.5051263 0.0125573
15.5798950 0.0120586
15.6546637 0.0110663
15.7294324 0.0121153
15.8042011 0.0118153
15.8789697 0.0107026
15.9537384 0.0128057
16.0285071 0.0125621
16.1032758 0.0121170
16.1780445 0.0107006
16.2528132 0.0106513
16.3275819 0.0129798
16.4023506 0.0133595
16.4771193 0.0130384
16.5518880 0.0106906
16.6266567 0.0118915
16.7014254 0.0121032
16.7761940 0.0117755
16.8509627 0.0132179
16.9257314 0.0118250
17.0005001 0.0125610
17.0752688 0.0123989
17.1500375 0.0117267
17.2248062 0.0132226
17.2995749 0.0118413
17.3743436 0.0133230
17.4491123 0.0127451
17.5238810 0.0114754
17.5986497 0.0115406
17.6734184 0.0114475
17.7481870 0.0132632
17.8229557 0.0133753
17.8977244 0.0108701
17.9724931 0.0118604
18.0472618 0.0117983
18.1220305 0.0130183
18.1967992 0.0115264
18.2715679 0.0111550
18.3463366 0.0125306
18.4211053 0.0117983
18.4958740 0.0130137
18.5706427 0.0114828
18.6454114 0.0117984
18.7201800 0.0130140
18.7949487 0.0127061
18.8697174 0.0130137
18.9444861 0.0114828
19.0192548 0.0117984
19.0940235 0.0130140
19.1687922 0.0114828
19.2435609 0.0104205
19.3183296 0.0113467
19.3930983 0.0117544
19.4678670 0.0130620
19.5426357 0.0114814
19.6174044 0.0104885
19.6921730 0.0118012
19.7669417 0.0116056
19.8417104 0.0124354
19.9164791 0.0113468
19.9912478 0.0116831
20.0660165 0.0117953
20.1407852 0.0104989
20.2155539 0.0105780
20.2903226 0.0112275
20.3650913 0.0116816
20.4398600 0.0127256
20.5146287 0.0119135
20.5893973 0.0104216
20.6641660 0.0118037
20.7389347 0.0115509
20.8137034 0.0121806
20.8884721 0.0105556
20.9632408 0.0104247
21.0380095 0.0124278
21.1127782 0.0100762
21.1875469 0.0103481
21.2623156 0.0108771
21.3370843 0.0116254
21.4118530 0.0111615
21.4866217 0.0100730
21.5613903 0.0103512
21.6361590 0.0115029
21.7109277 0.0114945
21.7856964 0.0111765
21.8604651 0.0118410
21.9352338 0.0101848
22.0100025 0.0106535
22.0847712 0.0100925
22.1595399 0.0101149
22.2343086 0.0105599
22.3090773 0.0117787
22.3838460 0.0105985
22.4586147 0.0100900
22.5333833 0.0101149
22.6081520 0.0105593
22.6829207 0.0117762
22.7576894 0.0105930
22.8324581 0.0116492
22.9072268 0.0126505
22.9819955 0.0105960
23.0567642 0.0104641
23.1315329 0.0101124
23.2063016 0.0104566
23.2810703 0.0117768
23.3558390 0.0105905
23.4306077 0.0098264
23.5053763 0.0101576
23.5801450 0.0107388
23.6549137 0.0117748
23.7296824 0.0104787
23.8044511 0.0115965
23.8792198 0.0107028
23.9539885 0.0121584
24.0287572 0.0116651
24.1035259 0.0107332
24.1782946 0.0115909
24.2530633 0.0126697
24.3278320 0.0121609
24.4026007 0.0116116
24.4773693 0.0102619
24.5521380 0.0110919
24.6269067 0.0130885
24.7016754 0.0119423
24.7764441 0.0113464
24.8512128 0.0102602
24.9259815 0.0110934
25.0007502 0.0126619
25.0755189 0.0107046
25.1502876 0.0116375
25.2250563 0.0123633
25.2998250 0.0121682
25.3745936 0.0125549
25.4493623 0.0100555
25.5241310 0.0116372
25.5988997 0.0123874
25.6736684 0.0116865
25.7484371 0.0138703
25.8232058 0.0105350
25.8979745 0.0108122
25.9727432 0.0119175
26.0475119 0.0100046
26.1222806 0.0138703
26.1970493 0.0103843
26.2718180 0.0122338
26.3465866 0.0121736
26.4213553 0.0108813
26.4961240 0.0114712
26.5708927 0.0123412
26.6456614 0.0121062
26.7204301 0.0123373
26.7951988 0.0108222
26.8699675 0.0108131
26.9447362 0.0118904
27.0195049 0.0101595
27.0942736 0.0123002
27.1690423 0.0104516
27.2438110 0.0122286
27.3185796 0.0123673
27.3933483 0.0101396
27.4681170 0.0123002
27.5428857 0.0103812
27.6176544 0.0101483
27.6924231 0.0123305
27.7671918 0.0101396
27.8419605 0.0126822
27.9167292 0.0123308
27.9914979 0.0101389
28.0662666 0.0123308
28.1410353 0.0101396
28.2158040 0.0111001
28.2905726 0.0123308
28.3653413 0.0101389
28.4401100 0.0123308
28.5148787 0.0102197
28.5896474 0.0101389
28.6644161 0.0123308
28.7391848 0.0101389
28.8139535 0.0127110
28.8887222 0.0120327
28.9634909 0.0101389
29.0382596 0.0123299
29.1130283 0.0102197
29.1877969 0.0108850
29.2625656 0.0125972
29.3373343 0.0101426
29.4121030 0.0127110
29.4868717 0.0109801
29.5616404 0.0109993
29.6364091 0.0120045
29.7111778 0.0102202
29.7859465 0.0122176
29.8607152 0.0116973
29.9354839 0.0107377
30.0102526 0.0119856
30.0850213 0.0103675
30.1597899 0.0108838
30.2345586 0.0120331
30.3093273 0.0106385
30.3840960 0.0123856
30.4588647 0.0109782
30.5336334 0.0117859
30.6084021 0.0122243
30.6831708 0.0098673
30.7579395 0.0125019
30.8327082 0.0116989
30.9074769 0.0110795
30.9822456 0.0124739
31.0570143 0.0103374
31.1317829 0.0108799
31.2065516 0.0117409
31.2813203 0.0110785
31.3560890 0.0133387
31.4308577 0.0113886
31.5056264 0.0118667
31.5803951 0.0118037
31.6551638 0.0111305
31.7299325 0.0133298
31.8047012 0.0119931
31.8794699 0.0118694
31.9542386 0.0118074
32.0290073 0.0110316
32.1037759 0.0119858
32.1785446 0.0123926
32.2533133 0.0111296
32.3280820 0.0136180
32.4028507 0.0110310
32.4776194 0.0119809
32.5523881 0.0117174
32.6271568 0.0111201
32.7019255 0.0136078
32.7766942 0.0120484
32.8514629 0.0115516
32.9262316 0.0135641
33.0010003 0.0109210
33.0757689 0.0122700
33.1505376 0.0123921
33.2253063 0.0115834
33.3000750 0.0135474
33.3748437 0.0106763
33.4496124 0.0119705
33.5243811 0.0123911
33.5991498 0.0107948
33.6739185 0.0136848
33.7486872 0.0120432
33.8234559 0.0121767
33.8982246 0.0131756
33.9729932 0.0110296
34.0477619 0.0123523
34.1225306 0.0120458
34.1972993 0.0121704
34.2720680 0.0131642
34.3468367 0.0110010
34.4216054 0.0123855
34.4963741 0.0120405
34.5711428 0.0102513
34.6459115 0.0118336
34.7206802 0.0108444
34.7954489 0.0115772
34.8702176 0.0123639
34.9449862 0.0113207
35.0197549 0.0118646
35.0945236 0.0109266
35.1692923 0.0115640
35.2440610 0.0123651
35.3188297 0.0113170
35.3935984 0.0108579
35.4683671 0.0120174
35.5431358 0.0100712
35.6179045 0.0110631
35.6926732 0.0112182
35.7674419 0.0103864
35.8422106 0.0120174
35.9169792 0.0100712
35.9917479 0.0109745
36.0665166 0.0121561
36.1412853 0.0115911
36.2160540 0.0123827
36.2908227 0.0115691
36.3655914 0.0108194
36.4403601 0.0114255
36.5151288 0.0104176
36.5898975 0.0110492
36.6646662 0.0112302
36.7394349 0.0103608
36.8142036 0.0114255
36.8889722 0.0102236
36.9637409 0.0101007
37.0385096 0.0120648
37.1132783 0.0104178
37.1880470 0.0120478
37.2628157 0.0096896
37.3375844 0.0101007
37.4123531 0.0120648
37.4871218 0.0102238
37.5618905 0.0101009
37.6366592 0.0120654
37.7114279 0.0100775
37.7861965 0.0120709
37.8609652 0.0102233
37.9357339 0.0101009
38.0105026 0.0120654
38.0852713 0.0103305
38.1600400 0.0110845
38.2348087 0.0102115
38.3095774 0.0100777
38.3843461 0.0120715
38.4591148 0.0102474
38.5338835 0.0094701
38.6086522 0.0119021
38.6834209 0.0099257
38.7581895 0.0126742
38.8329582 0.0102119
38.9077269 0.0103423
38.9824956 0.0125740
39.0572643 0.0103585
39.1320330 0.0110853
39.2068017 0.0119079
39.2815704 0.0103142
39.3563391 0.0131679
39.4311078 0.0103539
39.5058765 0.0101085
39.5806452 0.0119161
39.6554139 0.0103974
39.7301825 0.0113011
39.8049512 0.0102980
39.8797199 0.0094615
39.9544886 0.0144593
40.0292573 0.0103782
40.1040260 0.0102308
40.1787947 0.0112028
40.2535634 0.0094611
40.3283321 0.0106248
40.4031008 0.0102373
40.4778695 0.0102359
40.5526382 0.0117979
40.6274069 0.0105026
40.7021755 0.0106318
40.7769442 0.0103842
40.8517129 0.0094522
40.9264816 0.0147280
41.0012503 0.0105026
41.0760190 0.0102037
41.1507877 0.0118420
41.2255564 0.0093860
41.3003251 0.0113339
41.3750938 0.0101133
41.4498625 0.0101674
41.5246312 0.0118380
41.5993998 0.0102824
41.6741685 0.0102851
41.7489372 0.0092536
41.8237059 0.0101703
41.8984746 0.0103935
41.9732433 0.0102819
42.0480120 0.0098076
42.1227807 0.0092536
42.1975494 0.0100318
42.2723181 0.0103935
42.3470868 0.0092539
42.4218555 0.0098081
42.4966242 0.0099401
42.5713928 0.0100324
42.6461615 0.0104039
42.7209302 0.0092539
42.7956989 0.0098268
42.8704676 0.0103974
42.9452363 0.0103475
43.0200050 0.0115804
43.0947737 0.0091868
43.1695424 0.0108811
43.2443111 0.0104025
43.3190798 0.0104877
43.3938485 0.0098663
43.4686172 0.0099430
43.5433858 0.0101555
43.6181545 0.0103997
43.6929232 0.0107027
43.7676919 0.0098538
43.8424606 0.0098309
43.9172293 0.0107977
43.9919980 0.0106911
44.0667667 0.0107913
44.1415354 0.0108628
44.2163041 0.0101193
44.2910728 0.0107717
44.3658415 0.0115845
44.4406102 0.0106779
44.5153788 0.0101700
44.5901475 0.0101182
44.6649162 0.0106399
44.7396849 0.0119830
44.8144536 0.0095751
44.8892223 0.0102846
44.9639910 0.0104114
45.0387597 0.0112802
45.1135284 0.0119830
45.1882971 0.0095751
45.2630658 0.0102852
45.3378345 0.0103356
45.4126032 0.0113016
45.4873718 0.0131302
45.5621405 0.0101281
45.6369092 0.0118948
45.7116779 0.0107511
45.7864466 0.0095858
45.8612153 0.0112864
45.9359840 0.0104030
46.0107527 0.0113466
46.0855214 0.0120223
46.1602901 0.0095874
46.2350588 0.0122881
46.3098275 0.0103355
46.3845961 0.0113381
46.4593648 0.0130167
46.5341335 0.0101188
46.6089022 0.0122695
46.6836709 0.0106464
46.7584396 0.0118359
46.8332083 0.0130383
46.9079770 0.0104099
46.9827457 0.0119079
47.0575144 0.0117832
47.1322831 0.0118399
47.2070518 0.0120615
47.2818205 0.0109270
47.3565891 0.0119104
47.4313578 0.0118048
47.5061265 0.0129635
47.5808952 0.0120540
47.6556639 0.0108678
47.7304326 0.0113353
47.8052013 0.0125499
47.8799700 0.0106410
47.9547387 0.0130270
48.0295074 0.0100703
48.1042761 0.0123203
48.1790448 0.0108220
48.2538135 0.0105299
48.3285821 0.0130288
48.4033508 0.0111763
48.4781195 0.0128868
48.5528882 0.0108216
48.6276569 0.0103140
48.7024256 0.0118194
48.7771943 0.0111788
48.8519630 0.0128755
48.9267317 0.0117952
49.0015004 0.0100988
49.0762691 0.0117459
49.1510378 0.0111803
49.2258065 0.0118766
49.3005751 0.0122869
49.3753438 0.0105928
49.4501125 0.0125353
49.5248812 0.0111003
49.5996499 0.0101955
49.6744186 0.0113972
49.7491873 0.0111662
49.8239560 0.0124743
49.8987247 0.0109155
49.9734934 0.0108726
50.0482621 0.0113945
50.1230308 0.0111672
50.1977994 0.0116969
50.2725681 0.0097134
50.3473368 0.0106769
50.4221055 0.0125748
50.4968742 0.0112221
50.5716429 0.0108491
50.6464116 0.0120681
50.7211803 0.0106769
50.7959490 0.0125157
50.8707177 0.0112216
50.9454864 0.0108494
51.0202551 0.0112084
51.0950238 0.0105059
51.1697924 0.0128090
51.2445611 0.0095577
51.3193298 0.0108755
51.3940985 0.0120398
51.4688672 0.0104146
51.5436359 0.0131017
51.6184046 0.0121422
51.6931733 0.0101889
51.7679420 0.0114079
51.8427107 0.0112182
51.9174794 0.0131017
51.9922481 0.0110737
52.0670168 0.0108478
52.1417854 0.0116999
52.2165541 0.0096361
52.2913228 0.0103487
52.3660915 0.0118986
52.4408602 0.0103956
52.5156289 0.0116999
52.5903976 0.0122105
52.6651663 0.0104251
52.7399350 0.0111063
52.8147037 0.0103957
52.8894724 0.0126414
52.9642411 0.0111420
53.0390098 0.0101796
53.1137784 0.0108557
53.1885471 0.0112249
53.2633158 0.0127083
53.3380845 0.0111750
53.4128532 0.0108504
53.4876219 0.0100500
53.5623906 0.0122105
53.6371593 0.0126631
53.7119280 0.0107911
53.7866967 0.0103977
53.8614654 0.0100026
53.9362341 0.0119673
54.0110028 0.0126631
54.0857714 0.0099854
54.1605401 0.0112245
54.2353088 0.0101361
54.3100775 0.0107911
54.3848462 0.0104109
54.4596149 0.0099381
54.5343836 0.0122107
54.6091523 0.0101361
54.6839210 0.0099610
54.7586897 0.0101811
54.8334584 0.0099381
54.9082271 0.0111753
54.9829957 0.0101361
55.0577644 0.0099423
55.1325331 0.0103982
55.2073018 0.0099381
55.2820705 0.0099425
55.3568392 0.0112630
55.4316079 0.0099422
55.5063766 0.0122107
55.5811453 0.0099381
55.6559140 0.0099426
55.7306827 0.0112630
55.8054514 0.0099426
55.8802201 0.0099426
55.9549887 0.0099381
56.0297574 0.0099426
56.1045261 0.0126631
56.1792948 0.0099426
56.2540635 0.0099426
56.3288322 0.0099381
56.4036009 0.0099426
56.4783696 0.0099426
56.5531383 0.0099426
56.6279070 0.0099426
56.7026757 0.0099407
56.7774444 0.0099426
56.8522131 0.0099426
56.9269817 0.0099426
57.0017504 0.0099426
57.0765191 0.0098514
57.1512878 0.0099426
57.2260565 0.0099426
57.3008252 0.0099247
57.3755939 0.0099426
57.4503626 0.0097625
57.5251313 0.0099389
57.5999000 0.0099426
57.6746687 0.0098514
57.7494374 0.0099426
57.8242061 0.0101272
57.8989747 0.0099228
57.9737434 0.0099426
58.0485121 0.0108402
58.1232808 0.0099410
58.1980495 0.0095891
58.2728182 0.0098514
58.3475869 0.0099386
58.4223556 0.0107436
58.4971243 0.0099228
58.5718930 0.0100064
58.6466617 0.0113166
58.7214304 0.0099388
58.7961990 0.0098976
58.8709677 0.0098514
58.9457364 0.0115655
59.0205051 0.0122560
59.0952738 0.0099961
59.1700425 0.0101298
59.2448112 0.0098514
59.3195799 0.0100693
59.3943486 0.0107436
59.4691173 0.0098494
59.5438860 0.0103649
59.6186547 0.0108406
59.6934234 0.0101434
59.7681920 0.0098973
59.8429607 0.0098494
59.9177294 0.0096168
59.9924981 0.0122585
60.0672668 0.0095672
60.1420355 0.0108399
60.2168042 0.0113160
60.2915729 0.0097360
60.3663416 0.0107475
60.4411103 0.0095672
60.5158790 0.0101514
60.5906477 0.0108387
60.6654164 0.0097886
60.7401850 0.0097709
60.8149537 0.0111503
60.8897224 0.0102735
60.9644911 0.0122606
61.0392598 0.0097886
61.1140285 0.0099093
61.1887972 0.0105576
61.2635659 0.0102723
61.3383346 0.0107405
61.4131033 0.0113459
61.4878720 0.0108485
61.5626407 0.0118836
61.6374094 0.0095043
61.7121780 0.0097742
61.7869467 0.0113921
61.8617154 0.0105766
61.9364841 0.0108539
62.0112528 0.0095029
62.0860215 0.0099151
62.1607902 0.0100453
62.2355589 0.0100407
62.3103276 0.0108687
62.3850963 0.0092808
62.4598650 0.0107799
62.5346337 0.0117646
62.6094024 0.0102709
62.6841710 0.0098935
62.7589397 0.0098629
62.8337084 0.0110478
62.9084771 0.0100013
62.9832458 0.0102684
63.0580145 0.0099608
63.1327832 0.0098716
63.2075519 0.0100393
63.2823206 0.0100071
63.3570893 0.0092822
63.4318580 0.0102276
63.5066267 0.0110224
63.5813953 0.0100384
63.6561640 0.0090205
63.7309327 0.0099641
63.8057014 0.0111588
63.8804701 0.0099446
63.9552388 0.0086223
64.0300075 0.0094557
64.1047762 0.0114089
64.1795449 0.0111502
64.2543136 0.0101188
64.3290823 0.0099078
64.4038510 0.0093605
64.4786197 0.0115819
64.5533883 0.0086845
64.6281570 0.0094748
64.7029257 0.0099774
64.7776944 0.0099393
64.8524631 0.0109174
64.9272318 0.0086664
65.0020005 0.0094845
65.0767692 0.0107464
65.1515379 0.0108768
65.2263066 0.0104755
65.3010753 0.0095967
65.3758440 0.0099316
65.4506127 0.0115797
65.5253813 0.0103033
65.6001500 0.0096961
65.6749187 0.0099313
65.7496874 0.0093560
65.8244561 0.0095705
65.8992248 0.0093082
65.9739935 0.0096922
66.0487622 0.0109750
66.1235309 0.0098380
66.1982996 0.0095642
66.2730683 0.0090865
66.3478370 0.0099561
66.4226057 0.0108779
66.4973743 0.0098623
66.5721430 0.0094344
66.6469117 0.0088283
66.7216804 0.0101388
66.7964491 0.0092858
66.8712178 0.0103044
66.9459865 0.0096990
67.0207552 0.0088467
67.0955239 0.0101632
67.1702926 0.0098026
67.2450613 0.0091252
67.3198300 0.0099287
67.3945986 0.0093835
67.4693673 0.0096785
67.5441360 0.0093841
67.6189047 0.0092487
67.6936734 0.0100046
67.7684421 0.0093841
67.8432108 0.0096793
67.9179795 0.0093229
67.9927482 0.0092562
68.0675169 0.0100096
68.1422856 0.0094062
68.2170543 0.0096526
68.2918230 0.0096609
68.3665916 0.0097056
68.4413603 0.0105036
68.5161290 0.0093459
68.5908977 0.0091068
68.6656664 0.0104250
68.7404351 0.0101244
68.8152038 0.0096229
68.8899725 0.0098518
68.9647412 0.0092529
69.0395099 0.0104530
69.1142786 0.0101142
69.1890473 0.0102821
69.2638160 0.0100502
69.3385846 0.0097107
69.4133533 0.0103678
69.4881220 0.0093376
69.5628907 0.0102968
69.6376594 0.0104316
69.7124281 0.0096532
69.7871968 0.0095712
69.8619655 0.0105612
69.9367342 0.0090878
70.0115029 0.0112737
70.0862716 0.0096532
70.1610403 0.0096336
70.2358090 0.0105620
70.3105776 0.0111590
70.3853463 0.0112700
70.4601150 0.0099161
70.5348837 0.0096367
70.6096524 0.0110703
70.6844211 0.0111691
70.7591898 0.0112572
70.8339585 0.0099409
70.9087272 0.0096713
70.9834959 0.0110671
71.0582646 0.0110845
71.1330333 0.0096362
71.2078020 0.0103294
71.2825706 0.0102433
71.3573393 0.0110543
71.4321080 0.0121360
71.5068767 0.0096708
71.5816454 0.0094249
71.6564141 0.0110441
71.7311828 0.0114530
71.8059515 0.0095415
71.8807202 0.0096814
71.9554889 0.0100139
72.0302576 0.0120024
72.1050263 0.0103835
72.1797949 0.0096219
72.2545636 0.0101762
72.3293323 0.0106799
72.4041010 0.0108185
72.4788697 0.0103820
72.5536384 0.0094312
72.6284071 0.0110732
72.7031758 0.0110870
72.7779445 0.0108786
72.8527132 0.0116153
72.9274819 0.0100398
73.0022506 0.0100447
73.0770193 0.0110847
73.1517879 0.0096129
73.2265566 0.0103747
73.3013253 0.0105520
73.3760940 0.0102155
73.4508627 0.0097636
73.5256314 0.0096850
73.6004001 0.0110225
73.6751688 0.0105519
73.7499375 0.0108924
73.8247062 0.0116158
73.8994749 0.0105165
73.9742436 0.0101443
74.0490123 0.0108789
74.1237809 0.0118565
74.1985496 0.0103115
74.2733183 0.0096293
74.3480870 0.0103033
74.4228557 0.0108789
74.4976244 0.0118565
74.5723931 0.0103115
74.6471618 0.0095256
74.7219305 0.0099875
74.7966992 0.0100801
74.8714679 0.0096499
74.9462366 0.0103106
75.0210053 0.0095253
75.0957739 0.0099875
75.1705426 0.0100801
75.2453113 0.0096759
75.3200800 0.0099872
75.3948487 0.0101041
75.4696174 0.0099814
75.5443861 0.0100813
75.6191548 0.0096768
75.6939235 0.0099847
75.7686922 0.0100788
75.8434609 0.0105273
75.9182296 0.0101524
75.9929982 0.0100643
76.0677669 0.0099811
76.1425356 0.0100796
76.2173043 0.0095488
76.2920730 0.0103616
76.3668417 0.0101657
76.4416104 0.0102680
76.5163791 0.0101527
76.5911478 0.0107297
76.6659165 0.0117773
76.7406852 0.0096761
76.8154539 0.0105273
76.8902226 0.0100736
76.9649912 0.0097864
77.0397599 0.0117772
77.1145286 0.0102209
77.1892973 0.0107146
77.2640660 0.0105387
77.3388347 0.0098299
77.4136034 0.0111776
77.4883721 0.0096488
77.5631408 0.0107154
77.6379095 0.0105387
77.7126782 0.0096781
77.7874469 0.0108225
77.8622156 0.0089989
77.9369842 0.0094126
78.0117529 0.0117567
78.0865216 0.0102082
78.1612903 0.0112721
78.2360590 0.0090001
78.3108277 0.0095306
78.3855964 0.0109169
78.4603651 0.0090838
78.5351338 0.0105165
78.6099025 0.0103461
78.6846712 0.0095170
78.7594399 0.0114025
78.8342086 0.0090828
78.9089772 0.0105413
78.9837459 0.0104136
79.0585146 0.0091715
79.1332833 0.0111995
79.2080520 0.0090044
79.2828207 0.0095175
79.3575894 0.0114713
79.4323581 0.0093069
79.5071268 0.0114697
79.5818955 0.0103369
79.6566642 0.0094172
79.7314329 0.0114435
79.8062016 0.0093099
79.8809702 0.0114742
79.9557389 0.0105672
80.0305076 0.0095125
80.1052763 0.0110593
80.1800450 0.0093116
80.2548137 0.0094612
80.3295824 0.0120646
80.4043511 0.0095094
80.4791198 0.0118860
80.5538885 0.0112966
80.6286572 0.0094333
80.7034259 0.0101878
80.7781945 0.0097112
80.8529632 0.0117082
80.9277319 0.0113708
81.0025006 0.0099794
81.0772693 0.0101872
81.1520380 0.0096887
81.2268067 0.0092630
81.3015754 0.0121485
81.3763441 0.0099788
81.4511128 0.0106969
81.5258815 0.0114120
81.6006502 0.0097663
81.6754189 0.0108006
81.7501875 0.0092562
81.8249562 0.0107324
81.8997249 0.0113691
81.9744936 0.0097663
82.0492623 0.0103643
82.1240310 0.0092468
82.1987997 0.0098396
82.2735684 0.0100212
82.3483371 0.0100064
82.4231058 0.0103849
82.4978745 0.0109358
82.5726432 0.0101385
82.6474119 0.0101509
82.7221805 0.0099868
82.7969492 0.0108994
82.8717179 0.0103456
82.9464866 0.0102000
83.0212553 0.0109268
83.0960240 0.0093473
83.1707927 0.0126184
83.2455614 0.0103438
83.3203301 0.0099656
83.3950988 0.0103851
83.4698675 0.0105187
83.5446362 0.0117128
83.6194049 0.0103438
83.6941735 0.0099656
83.7689422 0.0119789
83.8437109 0.0103850
83.9184796 0.0117128
83.9932483 0.0103435
84.0680170 0.0093501
84.1427857 0.0117128
84.2175544 0.0103850
84.2923231 0.0117128
84.3670918 0.0101482
84.4418605 0.0103853
84.5166292 0.0117128
84.5913978 0.0103850
84.6661665 0.0117187
84.7409352 0.0117118
84.8157039 0.0103851
84.8904726 0.0117122
84.9652413 0.0103732
85.0400100 0.0122188
85.1147787 0.0117118
85.1895474 0.0103842
85.2643161 0.0117229
85.3390848 0.0097698
85.4138535 0.0103851
85.4886222 0.0117137
85.5633908 0.0103733
85.6381595 0.0116981
85.7129282 0.0106294
85.7876969 0.0103893
85.8624656 0.0117229
85.9372343 0.0097699
86.0120030 0.0107702
86.0867717 0.0119939
86.1615404 0.0103487
86.2363091 0.0116981
86.3110778 0.0099300
86.3858465 0.0115134
86.4606152 0.0114405
86.5353838 0.0097688
86.6101525 0.0122208
86.6849212 0.0106350
86.7596899 0.0105167
86.8344586 0.0111702
86.9092273 0.0097706
86.9839960 0.0107665
87.0587647 0.0120879
87.1335334 0.0111381
87.2083021 0.0123440
87.2830708 0.0099354
87.3578395 0.0115161
87.4326082 0.0119739
87.5073768 0.0098506
87.5821455 0.0123291
87.6569142 0.0106402
87.7316829 0.0099405
87.8064516 0.0119680
87.8812203 0.0105285
87.9559890 0.0108223
88.0307577 0.0120577
88.1055264 0.0099399
88.1802951 0.0118256
88.2550638 0.0105292
88.3298325 0.0116734
88.4046012 0.0120577
88.4793698 0.0110954
88.5541385 0.0098877
88.6289072 0.0089806
88.7036759 0.0116700
88.7784446 0.0118851
88.8532133 0.0098729
88.9279820 0.0098357
89.0027507 0.0106178
89.0775194 0.0100050
89.1522881 0.0119345
89.2270568 0.0091241
89.3018255 0.0117796
89.3765941 0.0120649
89.4513628 0.0093881
89.5261315 0.0103947
89.6009002 0.0089814
89.6756689 0.0117382
89.7504376 0.0120167
89.8252063 0.0093881
89.8999750 0.0098356
89.9747437 0.0089814
90.0495124 0.0117567
90.1242811 0.0118758
90.1990498 0.0091929
90.2738185 0.0113142
90.3485871 0.0104017
90.4233558 0.0096027
90.4981245 0.0103902
90.5728932 0.0091771
90.6476619 0.0112878
90.7224306 0.0107978
90.7971993 0.0096013
90.8719680 0.0103945
90.9467367 0.0102735
91.0215054 0.0101868
91.0962741 0.0096305
91.1710428 0.0089422
91.2458115 0.0100998
91.3205801 0.0103697
91.3953488 0.0103389
91.4701175 0.0088340
91.5448862 0.0095443
91.6196549 0.0113932
91.6944236 0.0110282
91.7691923 0.0096115
91.8439610 0.0089298
91.9187297 0.0109172
91.9934984 0.0105642
92.0682671 0.0095873
92.1430358 0.0089485
92.2178045 0.0101096
92.2925731 0.0103692
92.3673418 0.0105976
92.4421105 0.0097010
92.5168792 0.0111832
92.5916479 0.0108024
92.6664166 0.0091287
92.7411853 0.0107479
92.8159540 0.0090056
92.8907227 0.0111823
92.9654914 0.0108358
93.0402601 0.0090661
93.1150288 0.0109821
93.1897974 0.0108830
93.2645661 0.0109157
93.3393348 0.0105971
93.4141035 0.0090661
93.4888722 0.0109813
93.5636409 0.0110246
93.6384096 0.0090686
93.7131783 0.0107487
93.7879470 0.0097007
93.8627157 0.0109803
93.9374844 0.0110246
94.0122531 0.0090697
94.0870218 0.0113570
94.1617904 0.0110246
94.2365591 0.0109959
94.3113278 0.0110259
94.3860965 0.0090729
94.4608652 0.0113564
94.5356339 0.0110256
94.6104026 0.0090702
94.6851713 0.0134797
94.7599400 0.0091020
94.8347087 0.0113726
94.9094774 0.0110258
94.9842461 0.0091025
95.0590148 0.0115449
95.1337834 0.0120084
95.2085521 0.0098868
95.2833208 0.0134796
95.3580895 0.0091025
95.4328582 0.0113769
95.5076269 0.0114630
95.5823956 0.0095145
95.6571643 0.0116335
95.7319330 0.0097964
95.8067017 0.0113639
95.8814704 0.0122028
95.9562391 0.0095199
96.0310078 0.0116478
96.1057764 0.0120081
96.1805451 0.0099594
96.2553138 0.0142652
96.3300825 0.0093391
96.4048512 0.0117903
96.4796199 0.0124008
96.5543886 0.0099648
96.6291573 0.0124259
96.7039260 0.0094818
96.7786947 0.0117587
96.8534634 0.0139161
96.9282321 0.0095020
97.0030008 0.0116405
97.0777694 0.0122677
97.1525381 0.0101790
97.2273068 0.0139234
97.3020755 0.0094880
97.3768442 0.0117596
97.4516129 0.0143318
97.5263816 0.0101917
97.6011503 0.0120769
97.6759190 0.0092150
97.7506877 0.0099140
97.8254564 0.0143391
97.9002251 0.0102919
97.9749937 0.0123950
98.0497624 0.0114196
98.1245311 0.0099264
98.1992998 0.0137974
98.2740685 0.0097620
98.3488372 0.0123970
98.4236059 0.0134975
98.4983746 0.0099282
98.5731433 0.0119148
98.6479120 0.0092749
98.7226807 0.0098108
98.7974494 0.0135064
98.8722181 0.0097614
98.9469867 0.0119203
99.0217554 0.0109378
99.0965241 0.0097969
99.1712928 0.0134723
99.2460615 0.0097607
99.3208302 0.0119208
99.3955989 0.0133798
99.4703676 0.0090916
99.5451363 0.0119247
99.6199050 0.0096880
99.6946737 0.0093152
99.7694424 0.0133812
99.8442111 0.0106156
99.9189797 0.0119247
99.9937484 0.0104653
100.0685171 0.0090901
100.1432858 0.0133853
100.2180545 0.0097466
100.2928232 0.0091688
100.3675919 0.0116645
100.4423606 0.0105547
100.5171293 0.0115248
100.5918980 0.0103850
100.6666667 0.0088001
100.7414354 0.0127301
100.8162041 0.0105405
100.8909727 0.0109781
100.9657414 0.0103844
101.0405101 0.0091337
101.1152788 0.0108695
101.1900475 0.0113244
101.2648162 0.0102932
101.3395849 0.0109496
101.4143536 0.0103349
101.4891223 0.0108720
101.5638910 0.0113209
101.6386597 0.0100448
101.7134284 0.0116544
101.7881970 0.0103079
101.8629657 0.0105947
101.9377344 0.0113209
102.0125031 0.0090676
102.0872718 0.0111934
102.1620405 0.0111100
102.2368092 0.0100451
102.3115779 0.0109327
102.3863466 0.0103913
102.4611153 0.0099381
102.5358840 0.0111059
102.6106527 0.0100466
102.6854214 0.0109370
102.7601900 0.0107083
102.8349587 0.0107380
102.9097274 0.0111001
102.9844961 0.0100557
103.0592648 0.0118943
103.1340335 0.0107720
103.2088022 0.0107386
103.2835709 0.0107986
103.3583396 0.0097656
103.4331083 0.0120025
103.5078770 0.0107728
103.5826457 0.0109552
103.6574144 0.0106402
103.7321830 0.0097716
103.8069517 0.0097615
103.8817204 0.0107715
103.9564891 0.0109003
104.0312578 0.0119413
104.1060265 0.0097726
104.1807952 0.0097747
104.2555639 0.0107248
104.3303326 0.0102065
104.4051013 0.0120166
104.4798700 0.0091224
104.5546387 0.0095014
104.6294074 0.0108302
104.7041760 0.0097888
104.7789447 0.0102843
104.8537134 0.0108083
104.9284821 0.0104177
105.0032508 0.0119370
105.0780195 0.0097882
105.1527882 0.0093689
105.2275569 0.0106859
105.3023256 0.0104133
105.3770943 0.0102047
105.4518630 0.0092106
105.5266317 0.0099974
105.6014004 0.0107604
105.6761690 0.0099989
105.7509377 0.0103793
105.8257064 0.0092714
105.9004751 0.0099980
105.9752438 0.0117770
106.0500125 0.0097908
106.1247812 0.0107161
106.1995499 0.0099008
106.2743186 0.0101646
106.3490873 0.0102171
106.4238560 0.0088694
106.4986247 0.0107561
106.5733933 0.0105770
106.6481620 0.0095806
106.7229307 0.0105518
106.7976994 0.0088733
106.8724681 0.0099438
106.9472368 0.0105811
107.0220055 0.0098828
107.0967742 0.0105928
107.1715429 0.0104700
107.2463116 0.0093602
107.3210803 0.0100708
107.3958490 0.0099431
107.4706177 0.0107558
107.5453863 0.0096675
107.6201550 0.0093350
107.6949237 0.0104050
107.7696924 0.0091572
107.8444611 0.0101928
107.9192298 0.0091500
107.9939985 0.0093374
108.0687672 0.0104469
108.1435359 0.0093617
108.2183046 0.0091279
108.2930733 0.0093697
108.3678420 0.0098906
108.4426107 0.0100298
108.5173793 0.0104066
108.5921480 0.0091625
108.6669167 0.0102251
108.7416854 0.0090925
108.8164541 0.0099750
108.8912228 0.0088990
108.9659915 0.0093405
109.0407602 0.0103005
109.1155289 0.0093651
109.1902976 0.0101359
109.2650663 0.0105923
109.3398350 0.0098890
109.4146037 0.0105222
109.4893723 0.0103296
109.5641410 0.0101384
109.6389097 0.0105927
109.7136784 0.0090927
109.7884471 0.0098283
109.8632158 0.0092619
109.9379845 0.0091670
110.0127532 0.0098363
110.0875219 0.0093651
110.1622906 0.0098291
110.2370593 0.0099129
110.3118280 0.0093405
110.3865966 0.0098349
110.4613653 0.0091169
110.5361340 0.0099749
110.6109027 0.0098560
110.6856714 0.0098890
110.7604401 0.0096565
110.8352088 0.0099129
110.9099775 0.0101380
110.9847462 0.0098560
111.0595149 0.0093631
111.1342836 0.0096565
111.2090523 0.0098560
111.2838210 0.0091688
111.3585896 0.0098560
111.4333583 0.0099145
111.5081270 0.0096565
111.5828957 0.0098560
111.6576644 0.0093482
111.7324331 0.0098560
111.8072018 0.0098517
111.8819705 0.0105358
111.9567392 0.0098560
112.0315079 0.0103303
112.1062766 0.0098560
112.1810453 0.0098518
112.2558140 0.0098293
112.3305826 0.0098560
112.4053513 0.0098519
112.4801200 0.0098560
112.5548887 0.0098519
112.6296574 0.0099249
112.7044261 0.0098560
112.7791948 0.0098519
112.8539635 0.0098549
112.9287322 0.0098519
113.0035009 0.0098519
113.0782696 0.0098530
113.1530383 0.0098519
113.2278070 0.0100501
113.3025756 0.0098519
113.3773443 0.0098519
113.4521130 0.0098404
113.5268817 0.0098519
113.6016504 0.0120028
113.6764191 0.0098510
113.7511878 0.0098519
113.8259565 0.0100460
113.9007252 0.0098519
113.9754939 0.0118911
114.0502626 0.0098487
114.1250313 0.0098519
114.1997999 0.0101092
114.2745686 0.0098456
114.3493373 0.0118565
114.4241060 0.0100833
114.4988747 0.0098510
114.5736434 0.0110810
114.6484121 0.0098487
114.7231808 0.0098289
114.7979495 0.0101092
114.8727182 0.0098406
114.9474869 0.0118897
115.0222556 0.0100833
115.0970243 0.0093389
115.1717929 0.0119987
115.2465616 0.0098915
115.3213303 0.0111650
115.3960990 0.0101092
115.4708677 0.0096832
115.5456364 0.0110810
115.6204051 0.0100833
115.6951738 0.0111007
115.7699425 0.0119987
115.8447112 0.0097341
115.9194799 0.0118924
115.9942486 0.0101092
116.0690173 0.0118345
116.1437859 0.0117475
116.2185546 0.0101821
116.2933233 0.0119119
116.3680920 0.0101120
116.4428607 0.0107334
116.5176294 0.0110816
116.5923981 0.0102081
116.6671668 0.0111436
116.7419355 0.0120019
116.8167042 0.0101251
116.8914729 0.0118885
116.9662416 0.0102081
117.0410103 0.0111368
117.1157789 0.0110936
117.1905476 0.0110733
117.2653163 0.0119211
117.3400850 0.0120981
117.4148537 0.0119061
117.4896224 0.0123739
117.5643911 0.0106351
117.6391598 0.0119329
117.7139285 0.0118557
117.7886972 0.0128543
117.8634659 0.0118720
117.9382346 0.0106365
118.0130033 0.0112154
118.0877719 0.0111982
118.1625406 0.0107421
118.2373093 0.0119257
118.3120780 0.0114612
118.3868467 0.0120991
118.4616154 0.0124521
118.5363841 0.0107418
118.6111528 0.0119412
118.6859215 0.0112133
118.7606902 0.0120972
118.8354589 0.0125058
118.9102276 0.0090701
118.9849962 0.0121634
119.0597649 0.0105121
119.1345336 0.0128523
119.2093023 0.0120344
119.2840710 0.0092203
119.3588397 0.0121614
119.4336084 0.0118884
119.5083771 0.0103060
119.5831458 0.0122538
119.6579145 0.0091768
119.7326832 0.0120969
119.8074519 0.0119034
119.8822206 0.0098477
119.9569892 0.0122536
120.0317579 0.0093116
120.1065266 0.0120877
120.1812953 0.0124560
120.2560640 0.0095609
120.3308327 0.0121612
120.4056014 0.0109872
120.4803701 0.0103170
120.5551388 0.0118231
120.6299075 0.0097538
120.7046762 0.0121520
120.7794449 0.0119352
120.8542136 0.0104584
120.9289822 0.0118231
121.0037509 0.0092370
121.0785196 0.0099124
121.1532883 0.0114487
121.2280570 0.0104477
121.3028257 0.0117215
121.3775944 0.0114150
121.4523631 0.0099787
121.5271318 0.0123653
121.6019005 0.0097603
121.6766692 0.0098739
121.7514379 0.0114149
121.8262066 0.0095747
121.9009752 0.0117228
121.9757439 0.0106817
122.0505126 0.0099410
122.1252813 0.0109193
122.2000500 0.0098207
122.2748187 0.0116900
122.3495874 0.0131170
122.4243561 0.0097648
122.4991248 0.0114394
122.5738935 0.0107384
122.6486622 0.0097095
122.7234309 0.0131077
122.7981995 0.0095438
122.8729682 0.0107734
122.9477369 0.0109725
123.0225056 0.0097054
123.0972743 0.0108859
123.1720430 0.0111860
123.2468117 0.0101431
123.3215804 0.0131073
123.3963491 0.0097939
123.4711178 0.0108867
123.5458865 0.0106968
123.6206552 0.0101393
123.6954239 0.0130751
123.7701925 0.0094583
123.8449612 0.0123191
123.9197299 0.0108389
123.9944986 0.0113374
124.0692673 0.0125894
124.1440360 0.0097308
124.2188047 0.0123229
124.2935734 0.0108086
124.3683421 0.0107323
124.4431108 0.0126245
124.5178795 0.0112027
124.5926482 0.0119081
124.6674169 0.0108093
124.7421855 0.0097679
124.8169542 0.0115099
124.8917229 0.0113886
124.9664916 0.0107311
125.0412603 0.0125022
125.1160290 0.0097303
125.1907977 0.0119082
125.2655664 0.0110945
125.3403351 0.0107083
125.4151038 0.0115744
125.4898725 0.0097594
125.5646412 0.0139545
125.6394099 0.0111301
125.7141785 0.0097656
125.7889472 0.0111596
125.8637159 0.0116091
125.9384846 0.0133330
126.0132533 0.0110290
126.0880220 0.0097708
126.1627907 0.0114768
126.2375594 0.0116324
126.3123281 0.0132959
126.3870968 0.0106192
126.4618655 0.0094540
126.5366342 0.0129233
126.6114029 0.0115491
126.6861715 0.0123544
126.7609402 0.0111119
126.8357089 0.0124261
126.9104776 0.0129285
126.9852463 0.0104777
127.0600150 0.0122991
127.1347837 0.0125145
127.2095524 0.0124119
127.2843211 0.0124183
127.3590898 0.0104557
127.4338585 0.0122969
127.5086272 0.0125197
127.5833958 0.0095155
127.6581645 0.0123639
127.7329332 0.0104182
127.8077019 0.0124119
127.8824706 0.0125189
127.9572393 0.0110870
128.0320080 0.0123617
128.1067767 0.0122467
128.1815454 0.0124104
128.2563141 0.0115229
128.3310828 0.0104175
128.4058515 0.0109194
128.4806202 0.0122467
128.5553888 0.0095192
128.6301575 0.0114794
128.7049262 0.0119065
128.7796949 0.0109010
128.8544636 0.0123208
128.9292323 0.0111517
129.0040010 0.0116714
129.0787697 0.0119065
129.1535384 0.0090682
129.2283071 0.0115197
129.3030758 0.0111506
129.3778445 0.0108531
129.4526132 0.0121898
129.5273818 0.0091453
129.6021505 0.0117231
129.6769192 0.0124979
129.7516879 0.0093644
129.8264566 0.0112479
129.9012253 0.0110662
129.9759940 0.0116806
130.0507627 0.0124549
130.1255314 0.0099916
130.2003001 0.0114501
130.2750688 0.0124222
130.3498375 0.0101960
130.4246062 0.0127814
130.4993748 0.0092076
130.5741435 0.0115808
130.6489122 0.0123695
130.7236809 0.0112890
130.7984496 0.0120420
130.8732183 0.0108765
130.9479870 0.0115385
131.0227557 0.0123683
131.0975244 0.0112878
131.1722931 0.0120420
131.2470618 0.0120794
131.3218305 0.0110989
131.3965991 0.0128710
131.4713678 0.0100761
131.5461365 0.0114414
131.6209052 0.0119869
131.6956739 0.0111008
131.7704426 0.0119284
131.8452113 0.0120781
131.9199800 0.0110068
131.9947487 0.0121797
132.0695174 0.0111549
132.1442861 0.0119207
132.2190548 0.0120887
132.2938235 0.0111001
132.3685921 0.0112370
132.4433608 0.0111532
132.5181295 0.0125576
132.5928982 0.0122815
132.6676669 0.0111543
132.7424356 0.0119214
132.8172043 0.0097872
132.8919730 0.0114925
132.9667417 0.0122804
133.0415104 0.0111526
133.1162791 0.0125575
133.1910478 0.0114591
133.2658165 0.0108054
133.3405851 0.0113316
133.4153538 0.0098048
133.4901225 0.0114925
133.5648912 0.0126408
133.6396599 0.0099099
133.7144286 0.0123142
133.7891973 0.0099797
133.8639660 0.0108043
133.9387347 0.0113316
134.0135034 0.0109133
134.0882721 0.0112451
134.1630408 0.0099726
134.2378095 0.0108175
134.3125781 0.0119749
134.3873468 0.0097870
134.4621155 0.0112822
134.5368842 0.0114529
134.6116529 0.0099048
134.6864216 0.0123174
134.7611903 0.0099376
134.8359590 0.0102493
134.9107277 0.0111539
134.9854964 0.0101182
135.0602651 0.0113238
135.1350338 0.0099440
135.2098025 0.0107252
135.2845711 0.0112340
135.3593398 0.0101108
135.4341085 0.0113217
135.5088772 0.0105825
135.5836459 0.0117178
135.6584146 0.0113421
135.7331833 0.0093290
135.8079520 0.0102490
135.8827207 0.0111991
135.9574894 0.0100218
136.0322581 0.0116775
136.1070268 0.0092517
136.1817954 0.0101960
136.2565641 0.0111979
136.3313328 0.0100148
136.4061015 0.0116775
136.4808702 0.0093100
136.5556389 0.0112274
136.6304076 0.0101218
136.7051763 0.0097814
136.7799450 0.0099608
136.8547137 0.0092992
136.9294824 0.0099591
137.0042511 0.0104619
137.0790198 0.0098593
137.1537884 0.0112792
137.2285571 0.0091412
137.3033258 0.0104723
137.3780945 0.0104631
137.4528632 0.0092761
137.5276319 0.0112792
137.6024006 0.0091377
137.6771693 0.0098576
137.7519380 0.0099260
137.8267067 0.0091718
137.9014754 0.0109259
137.9762441 0.0104606
138.0510128 0.0098529
138.1257814 0.0099161
138.2005501 0.0091718
138.2753188 0.0101606
138.3500875 0.0104590
138.4248562 0.0096274
138.4996249 0.0099299
138.5743936 0.0092101
138.6491623 0.0104126
138.7239310 0.0099799
138.7986997 0.0095292
138.8734684 0.0109724
138.9482371 0.0092101
139.0230058 0.0096003
139.0977744 0.0096266
139.1725431 0.0093673
139.2473118 0.0109724
139.3220805 0.0087762
139.3968492 0.0100513
139.4716179 0.0096315
139.5463866 0.0093673
139.6211553 0.0102266
139.6959240 0.0094715
139.7706927 0.0100513
139.8454614 0.0099505
139.9202301 0.0092082
139.9949987 0.0096236
140.0697674 0.0094715
140.1445361 0.0100513
140.2193048 0.0109729
140.2940735 0.0092579
140.3688422 0.0096236
140.4436109 0.0094715
140.5183796 0.0092668
140.5931483 0.0103885
140.6679170 0.0092582
140.7426857 0.0096238
140.8174544 0.0094738
140.8922231 0.0085951
140.9669917 0.0096238
141.0417604 0.0092582
141.1165291 0.0096192
141.1912978 0.0094567
141.2660665 0.0092577
141.3408352 0.0096239
141.4156039 0.0092586
141.4903726 0.0095187
141.5651413 0.0098228
141.6399100 0.0092602
141.7146787 0.0096181
141.7894474 0.0092436
141.8642161 0.0104786
141.9389847 0.0096188
142.0137534 0.0092579
142.0885221 0.0095187
142.1632908 0.0086114
142.2380595 0.0102143
142.3128282 0.0096178
142.3875969 0.0092430
142.4623656 0.0099719
142.5371343 0.0087339
142.6119030 0.0101931
142.6866717 0.0095183
142.7614404 0.0092439
142.8362091 0.0104916
142.9109777 0.0101901
142.9857464 0.0092454
143.0605151 0.0099721
143.1352838 0.0086165
143.2100525 0.0102299
143.2848212 0.0094482
143.3595899 0.0092420
143.4343586 0.0104916
143.5091273 0.0087293
143.5838960 0.0102281
143.6586647 0.0094947
143.7334334 0.0086164
143.8082021 0.0105055
143.8829707 0.0106660
143.9577394 0.0090150
144.0325081 0.0095535
144.1072768 0.0088377
144.1820455 0.0099223
144.2568142 0.0107724
144.3315829 0.0102179
144.4063516 0.0092190
144.4811203 0.0088406
144.5558890 0.0102295
144.6306577 0.0107722
144.7054264 0.0101648
144.7801950 0.0101581
144.8549637 0.0111701
144.9297324 0.0102296
145.0045011 0.0100015
145.0792698 0.0093921
145.1540385 0.0101581
145.2288072 0.0111546
145.3035759 0.0098578
145.3783446 0.0103637
145.4531133 0.0094529
145.5278820 0.0104845
145.6026507 0.0107603
145.6774194 0.0098499
145.7521880 0.0107468
145.8269567 0.0110224
145.9017254 0.0112828
145.9764941 0.0119737
146.0512628 0.0091080
146.1260315 0.0099663
146.2008002 0.0110246
146.2755689 0.0112769
146.3503376 0.0103637
146.4251063 0.0093788
146.4998750 0.0099194
146.5746437 0.0118413
146.6494124 0.0095744
146.7241810 0.0107488
146.7989497 0.0103722
146.8737184 0.0106022
146.9484871 0.0118433
147.0232558 0.0091110
147.0980245 0.0106858
147.1727932 0.0107310
147.2475619 0.0100753
147.3223306 0.0118433
147.3970993 0.0091110
147.4718680 0.0115818
147.5466367 0.0115876
147.6214054 0.0091654
147.6961740 0.0124303
147.7709427 0.0116599
147.8457114 0.0108615
147.9204801 0.0118432
147.9952488 0.0095778
148.0700175 0.0117165
148.1447862 0.0115869
148.2195549 0.0100839
148.2943236 0.0117806
148.3690923 0.0094897
148.4438610 0.0115459
148.5186297 0.0115243
148.5933983 0.0091659
148.6681670 0.0121632
148.7429357 0.0116408
148.8177044 0.0110005
148.8924731 0.0115243
148.9672418 0.0092318
149.0420105 0.0128888
149.1167792 0.0124328
149.1915479 0.0100175
149.2663166 0.0111271
149.3410853 0.0103231
149.4158540 0.0112788
149.4906227 0.0124328
149.5653913 0.0100954
149.6401600 0.0122359
149.7149287 0.0126603
149.7896974 0.0112549
149.8644661 0.0115102
149.9392348 0.0100955
150.0140035 0.0122333
150.0887722 0.0126604
150.1635409 0.0089766
150.2383096 0.0122173
150.3130783 0.0092696
150.3878470 0.0122116
150.4626157 0.0126692
150.5373843 0.0089774
150.6121530 0.0122151
150.6869217 0.0125360
150.7616904 0.0127107
150.8364591 0.0124898
150.9112278 0.0090274
150.9859965 0.0121934
151.0607652 0.0125403
151.1355339 0.0089770
151.2103026 0.0135184
151.2850713 0.0115656
151.3598400 0.0120397
151.4346087 0.0123588
151.5093773 0.0090261
151.5841460 0.0120388
151.6589147 0.0118548
151.7336834 0.0099809
151.8084521 0.0132333
151.8832208 0.0090178
151.9579895 0.0120302
152.0327582 0.0121123
152.1075269 0.0095378
152.1822956 0.0134626
152.2570643 0.0115521
152.3318330 0.0120302
152.4066017 0.0132321
152.4813703 0.0091002
152.5561390 0.0130567
152.6309077 0.0126275
152.7056764 0.0100821
152.7804451 0.0130800
152.8552138 0.0104126
152.9299825 0.0131645
153.0047512 0.0126026
153.0795199 0.0095121
153.1542886 0.0134545
153.2290573 0.0117588
153.3038260 0.0122318
153.3785946 0.0115960
153.4533633 0.0095121
153.5281320 0.0135577
153.6029007 0.0127428
153.6776694 0.0101568
153.7524381 0.0115960
153.8272068 0.0097776
153.9019755 0.0131604
153.9767442 0.0123263
154.0515129 0.0101585
154.1262816 0.0133106
154.2010503 0.0105333
154.2758190 0.0110854
154.3505876 0.0123246
154.4253563 0.0097447
154.5001250 0.0133144
154.5748937 0.0112791
154.6496624 0.0110870
154.7244311 0.0116997
154.7991998 0.0097535
154.8739685 0.0132890
154.9487372 0.0108815
155.0235059 0.0099678
155.0982746 0.0120851
155.1730433 0.0096715
155.2478120 0.0108630
155.3225806 0.0108602
155.3973493 0.0094500
155.4721180 0.0120596
155.5468867 0.0108369
155.6216554 0.0101964
155.6964241 0.0116601
155.7711928 0.0093584
155.8459615 0.0101928
155.9207302 0.0108157
155.9954989 0.0100561
156.0702676 0.0117273
156.1450363 0.0105224
156.2198050 0.0102006
156.2945736 0.0108222
156.3693423 0.0098467
156.4441110 0.0117486
156.5188797 0.0100973
156.5936484 0.0102006
156.6684171 0.0110576
156.7431858 0.0105506
156.8179545 0.0103017
156.8927232 0.0100438
156.9674919 0.0099038
157.0422606 0.0110482
157.1170293 0.0106055
157.1917979 0.0103068
157.2665666 0.0106011
157.3413353 0.0099241
157.4161040 0.0131850
157.4908727 0.0100433
157.5656414 0.0100780
157.6404101 0.0110476
157.7151788 0.0110113
157.7899475 0.0104690
157.8647162 0.0100782
157.9394849 0.0101086
158.0142536 0.0110501
158.0890223 0.0110198
158.1637909 0.0100469
158.2385596 0.0100823
158.3133283 0.0104870
158.3880970 0.0107621
158.4628657 0.0102889
158.5376344 0.0099686
158.6124031 0.0095681
158.6871718 0.0111455
158.7619405 0.0103836
158.8367092 0.0102891
158.9114779 0.0099902
158.9862466 0.0094227
159.0610153 0.0111322
159.1357839 0.0103898
159.2105526 0.0102869
159.2853213 0.0099103
159.3600900 0.0100525
159.4348587 0.0111301
159.5096274 0.0103560
159.5843961 0.0100356
159.6591648 0.0101722
159.7339335 0.0100816
159.8087022 0.0095935
159.8834709 0.0107392
159.9582396 0.0097509
160.0330083 0.0101699
160.1077769 0.0121741
160.1825456 0.0092919
160.2573143 0.0107350
160.3320830 0.0085990
160.4068517 0.0110926
160.4816204 0.0116938
160.5563891 0.0098078
160.6311578 0.0099085
160.7059265 0.0095993
160.7806952 0.0093678
160.8554639 0.0116916
160.9302326 0.0092601
161.0050013 0.0101681
161.0797699 0.0095912
161.1545386 0.0103866
161.2293073 0.0107359
161.3040760 0.0092614
161.3788447 0.0092722
161.4536134 0.0116908
161.5283821 0.0103226
161.6031508 0.0107359
161.6779195 0.0098425
161.7526882 0.0087828
161.8274569 0.0116907
161.9022256 0.0093237
161.9769942 0.0113674
162.0517629 0.0114915
162.1265316 0.0096341
162.2013003 0.0109755
162.2760690 0.0108086
162.3508377 0.0116263
162.4256064 0.0115061
162.5003751 0.0103299
162.5751438 0.0109338
162.6499125 0.0127208
162.7246812 0.0108078
162.7994499 0.0119299
162.8742186 0.0093240
162.9489872 0.0105671
163.0237559 0.0127208
163.0985246 0.0105311
163.1732933 0.0118883
163.2480620 0.0105731
163.3228307 0.0105830
163.3975994 0.0114762
163.4723681 0.0085793
163.5471368 0.0111206
163.6219055 0.0113311
163.6966742 0.0098895
163.7714429 0.0113343
163.8462116 0.0098853
163.9209802 0.0102465
163.9957489 0.0127218
164.0705176 0.0107870
164.1452863 0.0118106
164.2200550 0.0117125
164.2948237 0.0102403
164.3695924 0.0125799
164.4443611 0.0093361
164.5191298 0.0111326
164.5938985 0.0113308
164.6686672 0.0101280
164.7434359 0.0113871
164.8182046 0.0107704
164.8929732 0.0111308
164.9677419 0.0111890
165.0425106 0.0111274
165.1172793 0.0114228
165.1920480 0.0108027
165.2668167 0.0102114
165.3415854 0.0112832
165.4163541 0.0113631
165.4911228 0.0118466
165.5658915 0.0106609
165.6406602 0.0100991
165.7154289 0.0126674
165.7901975 0.0108106
165.8649662 0.0111305
165.9397349 0.0116586
166.0145036 0.0095230
166.0892723 0.0126674
166.1640410 0.0102531
166.2388097 0.0102108
166.3135784 0.0116586
166.3883471 0.0104032
166.4631158 0.0114228
166.5378845 0.0103411
166.6126532 0.0107214
166.6874219 0.0112770
166.7621905 0.0102357
166.8369592 0.0118465
166.9117279 0.0103409
166.9864966 0.0109571
167.0612653 0.0112770
167.1360340 0.0102720
167.2108027 0.0102108
167.2855714 0.0103409
167.3603401 0.0102720
167.4351088 0.0126674
167.5098775 0.0103070
167.5846462 0.0107214
167.6594149 0.0107475
167.7341835 0.0102720
167.8089522 0.0114211
167.8837209 0.0103070
167.9584896 0.0102720
168.0332583 0.0107475
168.1080270 0.0102720
168.1827957 0.0111306
168.2575644 0.0103070
168.3323331 0.0102720
168.4071018 0.0116574
168.4818705 0.0102720
168.5566392 0.0102723
168.6314079 0.0103070
168.7061765 0.0102720
168.7809452 0.0112412
168.8557139 0.0102720
168.9304826 0.0102721
169.0052513 0.0103100
169.0800200 0.0102720
169.1547887 0.0117905
169.2295574 0.0102720
169.3043261 0.0102721
169.3790948 0.0102753
169.4538635 0.0102718
169.5286322 0.0102726
169.6034009 0.0102738
169.6781695 0.0102726
169.7529382 0.0106759
169.8277069 0.0102725
169.9024756 0.0102726
169.9772443 0.0102403
170.0520130 0.0102726
170.1267817 0.0105951
170.2015504 0.0102703
170.2763191 0.0102726
170.3510878 0.0106409
170.4258565 0.0102756
170.5006252 0.0107404
170.5753938 0.0102409
170.6501625 0.0102728
170.7249312 0.0099337
170.7996999 0.0102381
170.8744686 0.0102726
170.9492373 0.0106415
171.0240060 0.0102744
171.0987747 0.0101549
171.1735434 0.0102909
171.2483121 0.0102756
171.3230808 0.0106415
171.3978495 0.0102381
171.4726182 0.0111269
171.5473868 0.0106415
171.6221555 0.0102708
171.6969242 0.0107664
171.7716929 0.0102909
171.8464616 0.0104747
171.9212303 0.0106415
171.9959990 0.0102381
172.0707677 0.0101526
172.1455364 0.0106415
172.2203051 0.0109254
172.2950738 0.0099323
172.3698425 0.0102909
172.4446112 0.0111289
172.5193798 0.0106415
172.5941485 0.0110190
172.6689172 0.0107672
172.7436859 0.0106415
172.8184546 0.0110643
172.8932233 0.0106413
172.9679920 0.0119645
173.0427607 0.0095800
173.1175294 0.0106405
173.1922981 0.0104695
173.2670668 0.0107653
173.3418355 0.0128190
173.4166042 0.0111121
173.4913728 0.0106369
173.5661415 0.0111421
173.6409102 0.0101532
173.7156789 0.0125872
173.7904476 0.0110759
173.8652163 0.0099383
173.9399850 0.0107171
174.0147537 0.0095637
174.0895224 0.0108951
174.1642911 0.0105564
174.2390598 0.0107702
174.3138285 0.0105852
174.3885971 0.0111243
174.4633658 0.0118550
174.5381345 0.0102660
174.6129032 0.0101671
174.6876719 0.0105838
174.7624406 0.0112108
174.8372093 0.0107958
174.9119780 0.0106214
174.9867467 0.0095754
175.0615154 0.0114444
175.1362841 0.0108726
175.2110528 0.0108024
175.2858215 0.0106649
175.3605901 0.0112108
175.4353588 0.0124064
175.5101275 0.0104397
175.5848962 0.0097181
175.6596649 0.0106686
175.7344336 0.0109219
175.8092023 0.0109674
175.8839710 0.0104336
175.9587397 0.0096143
176.0335084 0.0115484
176.1082771 0.0106408
176.1830458 0.0110656
176.2578145 0.0106222
176.3325831 0.0108738
176.4073518 0.0113327
176.4821205 0.0106430
176.5568892 0.0110564
176.6316579 0.0115842
176.7064266 0.0106405
176.7811953 0.0112376
176.8559640 0.0104282
176.9307327 0.0093502
177.0055014 0.0114553
177.0802701 0.0105949
177.1550388 0.0113411
177.2298075 0.0104282
177.3045761 0.0105179
177.3793448 0.0115808
177.4541135 0.0105955
177.5288822 0.0113433
177.6036509 0.0115898
177.6784196 0.0109532
177.7531883 0.0120500
177.8279570 0.0106522
177.9027257 0.0101834
177.9774944 0.0110774
178.0522631 0.0097590
178.1270318 0.0117088
178.2018005 0.0111241
178.2765691 0.0107256
178.3513378 0.0114659
178.4261065 0.0097604
178.5008752 0.0095799
178.5756439 0.0110822
178.6504126 0.0105173
178.7251813 0.0120521
178.7999500 0.0104323
178.8747187 0.0095644
178.9494874 0.0113907
179.0242561 0.0104779
179.0990248 0.0116060
179.1737934 0.0108431
179.2485621 0.0101851
179.3233308 0.0113912
179.3980995 0.0101863
179.4728682 0.0108346
179.5476369 0.0106097
179.6224056 0.0106878
179.6971743 0.0116884
179.7719430 0.0098634
179.8467117 0.0095627
179.9214804 0.0107178
179.9962491 0.0106161
180.0710178 0.0116510
180.1457864 0.0101542
180.2205551 0.0095724
180.2953238 0.0117874
180.3700925 0.0106841
180.4448612 0.0107914
180.5196299 0.0118548
180.5943986 0.0109177
180.6691673 0.0117755
180.7439360 0.0108188
180.8187047 0.0107877
180.8934734 0.0099611
180.9682421 0.0112064
181.0430108 0.0117557
181.1177794 0.0116674
181.1925481 0.0107509
181.2673168 0.0105965
181.3420855 0.0108195
181.4168542 0.0106776
181.4916229 0.0115047
181.5663916 0.0108340
181.6411603 0.0116149
181.7159290 0.0108232
181.7906977 0.0106408
181.8654664 0.0115048
181.9402351 0.0110822
182.0150038 0.0116065
182.0897724 0.0108326
182.1645411 0.0106380
182.2393098 0.0121196
182.3140785 0.0110813
182.3888472 0.0099745
182.4636159 0.0108327
182.5383846 0.0112612
182.6131533 0.0121112
182.6879220 0.0102837
182.7626907 0.0099745
182.8374594 0.0115973
182.9122281 0.0112616
182.9869967 0.0131843
183.0617654 0.0102723
183.1365341 0.0102901
183.2113028 0.0115961
183.2860715 0.0104623
183.3608402 0.0115622
183.4356089 0.0108165
183.5103776 0.0119030
183.5851463 0.0121475
183.6599150 0.0105659
183.7346837 0.0115436
183.8094524 0.0115494
183.8842211 0.0116169
183.9589897 0.0104796
184.0337584 0.0105676
184.1085271 0.0107854
184.1832958 0.0117027
184.2580645 0.0115688
184.3328332 0.0115436
184.4076019 0.0105728
184.4823706 0.0116168
184.5571393 0.0117027
184.6319080 0.0105856
184.7066767 0.0103460
184.7814454 0.0102754
184.8562141 0.0115807
184.9309827 0.0104381
185.0057514 0.0105732
185.0805201 0.0098895
185.1552888 0.0118041
185.2300575 0.0115699
185.3048262 0.0104374
185.3795949 0.0102744
185.4543636 0.0111147
185.5291323 0.0113629
185.6039010 0.0115717
185.6786697 0.0106191
185.7534384 0.0102744
185.8282071 0.0125203
185.9029757 0.0104361
185.9777444 0.0112364
186.0525131 0.0106347
186.1272818 0.0117754
186.2020505 0.0108155
186.2768192 0.0103079
186.3515879 0.0106660
186.4263566 0.0109415
186.5011253 0.0117754
186.5758940 0.0108160
186.6506627 0.0103079
186.7254314 0.0101971
186.8002001 0.0125357
186.8749687 0.0101371
186.9497374 0.0104752
187.0245061 0.0106375
187.0992748 0.0102004
187.1740435 0.0125360
187.2488122 0.0101361
187.3235809 0.0105276
187.3983496 0.0109649
187.4731183 0.0120775
187.5478870 0.0108236
187.6226557 0.0099115
187.6974244 0.0105243
187.7721930 0.0109652
187.8469617 0.0103599
187.9217304 0.0103652
187.9964991 0.0099335
188.0712678 0.0098869
188.1460365 0.0109593
188.2208052 0.0103642
188.2955739 0.0103696
188.3703426 0.0109320
188.4451113 0.0111184
188.5198800 0.0109438
188.5946487 0.0103530
188.6694174 0.0101578
188.7441860 0.0109176
188.8189547 0.0103507
188.8937234 0.0101177
188.9684921 0.0113334
189.0432608 0.0116634
189.1180295 0.0109160
189.1927982 0.0103539
189.2675669 0.0103866
189.3423356 0.0116761
189.4171043 0.0103549
189.4918730 0.0109137
189.5666417 0.0103474
189.6414104 0.0101441
189.7161790 0.0109149
189.7909477 0.0102402
189.8657164 0.0111630
189.9404851 0.0113012
190.0152538 0.0116851
190.0900225 0.0109127
190.1647912 0.0103288
190.2395599 0.0121848
190.3143286 0.0111430
190.3890973 0.0103364
190.4638660 0.0111637
190.5386347 0.0113025
190.6134034 0.0130599
190.6881720 0.0111629
190.7629407 0.0103409
190.8377094 0.0106868
190.9124781 0.0113034
190.9872468 0.0130413
191.0620155 0.0121339
191.1367842 0.0100315
191.2115529 0.0122101
191.2863216 0.0111667
191.3610903 0.0104788
191.4358590 0.0117589
191.5106277 0.0100558
191.5853963 0.0129093
191.6601650 0.0111687
191.7349337 0.0102841
191.8097024 0.0104108
191.8844711 0.0099820
191.9592398 0.0129159
192.0340085 0.0107872
192.1087772 0.0100649
192.1835459 0.0135018
192.2583146 0.0100720
192.3330833 0.0123148
192.4078520 0.0118173
192.4826207 0.0097888
192.5573893 0.0135036
192.6321580 0.0099528
192.7069267 0.0123038
192.7816954 0.0113167
192.8564641 0.0097888
192.9312328 0.0133071
193.0060015 0.0100392
193.0807702 0.0096880
193.1555389 0.0113167
193.2303076 0.0108098
193.3050763 0.0127657
193.3798450 0.0100414
193.4546137 0.0094533
193.5293823 0.0135073
193.6041510 0.0100083
193.6789197 0.0096884
193.7536884 0.0114601
193.8284571 0.0108457
193.9032258 0.0133013
193.9779945 0.0100400
194.0527632 0.0096884
194.1275319 0.0112526
194.2023006 0.0108315
194.2770693 0.0127655
194.3518380 0.0088473
194.4266067 0.0107268
194.5013753 0.0136443
194.5761440 0.0108317
194.6509127 0.0101044
194.7256814 0.0086445
194.8004501 0.0104445
194.8752188 0.0131093
194.9499875 0.0085930
195.0247562 0.0103082
195.0995249 0.0119045
195.1742936 0.0098214
195.2490623 0.0104597
195.3238310 0.0086474
195.3985996 0.0101184
195.4733683 0.0142915
195.5481370 0.0098130
195.6229057 0.0099306
195.6976744 0.0085402
195.7724431 0.0098362
195.8472118 0.0137489
195.9219805 0.0091411
195.9967492 0.0104619
196.0715179 0.0085402
196.1462866 0.0093879
196.2210553 0.0105768
196.2958240 0.0086478
196.3705926 0.0104619
196.4453613 0.0115892
196.5201300 0.0089032
196.5948987 0.0105768
196.6696674 0.0086483
196.7444361 0.0100416
196.8192048 0.0110637
196.8939735 0.0089032
196.9687422 0.0105751
197.0435109 0.0086456
197.1182796 0.0088663
197.1930483 0.0110637
197.2678170 0.0088938
197.3425856 0.0099482
197.4173543 0.0091554
197.4921230 0.0088650
197.5668917 0.0110779
197.6416604 0.0088530
197.7164291 0.0098720
197.7911978 0.0110644
197.8659665 0.0088570
197.9407352 0.0110821
198.0155039 0.0085210
198.0902726 0.0095340
198.1650413 0.0110786
198.2398100 0.0088182
198.3145786 0.0111935
198.3893473 0.0105574
198.4641160 0.0088731
198.5388847 0.0110827
198.6136534 0.0084858
198.6884221 0.0088687
198.7631908 0.0102525
198.8379595 0.0088175
198.9127282 0.0111941
198.9874969 0.0084955
199.0622656 0.0087402
199.1370343 0.0110814
199.2118030 0.0084851
199.2865716 0.0088674
199.3613403 0.0095880
199.4361090 0.0101028
199.5108777 0.0111956
199.5856464 0.0084945
199.6604151 0.0086011
199.7351838 0.0095825
199.8099525 0.0095184
199.8847212 0.0111956
199.9594899 0.0096071
200.0342586 0.0085064
200.1090273 0.0103734
200.1837959 0.0091643
200.2585646 0.0088690
200.3333333 0.0095824
200.4081020 0.0087956
200.4828707 0.0112170
200.5576394 0.0086468
200.6324081 0.0085064
200.7071768 0.0094576
200.7819455 0.0104700
200.8567142 0.0091760
200.9314829 0.0097804
201.0062516 0.0085215
201.0810203 0.0103772
201.1557889 0.0095273
201.2305576 0.0092505
201.3053263 0.0094592
201.3800950 0.0087890
201.4548637 0.0103780
201.5296324 0.0112444
201.6044011 0.0085496
201.6791698 0.0094730
201.7539385 0.0104901
201.8287072 0.0093369
201.9034759 0.0112444
201.9782446 0.0085518
202.0530133 0.0103552
202.1277819 0.0103714
202.2025506 0.0092220
202.2773193 0.0096117
202.3520880 0.0094543
202.4268567 0.0100651
202.5016254 0.0109035
202.5763941 0.0086645
202.6511628 0.0096358
202.7259315 0.0094621
202.8007002 0.0099046
202.8754689 0.0112401
202.9502376 0.0086652
203.0250063 0.0102771
203.0997749 0.0109846
203.1745436 0.0092380
203.2493123 0.0125040
203.3240810 0.0106305
203.3988497 0.0102866
203.4736184 0.0109846
203.5483871 0.0092380
203.6231558 0.0125074
203.6979245 0.0106352
203.7726932 0.0100806
203.8474619 0.0110119
203.9222306 0.0097409
203.9969992 0.0110397
204.0717679 0.0090273
204.1465366 0.0093015
204.2213053 0.0125833
204.2960740 0.0106352
204.3708427 0.0103011
204.4456114 0.0112516
204.5203801 0.0099562
204.5951488 0.0111204
204.6699175 0.0096687
204.7446862 0.0089805
204.8194549 0.0112516
204.8942236 0.0099562
204.9689922 0.0111340
205.0437609 0.0096421
205.1185296 0.0091965
205.1932983 0.0114936
205.2680670 0.0115985
205.3428357 0.0120456
205.4176044 0.0109209
205.4923731 0.0091980
205.5671418 0.0110388
205.6419105 0.0096569
205.7166792 0.0097212
205.7914479 0.0121757
205.8662166 0.0090158
205.9409852 0.0113691
206.0157539 0.0098009
206.0905226 0.0097226
206.1652913 0.0107055
206.2400600 0.0103002
206.3148287 0.0119347
206.3895974 0.0097692
206.4643661 0.0090552
206.5391348 0.0110490
206.6139035 0.0103021
206.6886722 0.0097907
206.7634409 0.0107364
206.8382096 0.0090406
206.9129782 0.0106891
206.9877469 0.0096501
207.0625156 0.0097223
207.1372843 0.0107476
207.2120530 0.0102447
207.2868217 0.0094006
207.3615904 0.0101003
207.4363591 0.0097254
207.5111278 0.0103877
207.5858965 0.0102171
207.6606652 0.0097223
207.7354339 0.0107429
207.8102026 0.0094158
207.8849712 0.0103829
207.9597399 0.0104153
208.0345086 0.0097261
208.1092773 0.0103782
208.1840460 0.0095007
208.2588147 0.0086623
208.3335834 0.0117820
208.4083521 0.0097322
208.4831208 0.0103782
208.5578895 0.0104144
208.6326582 0.0092248
208.7074269 0.0119036
208.7821955 0.0094720
208.8569642 0.0103332
208.9317329 0.0117820
209.0065016 0.0093110
209.0812703 0.0122384
209.1560390 0.0101962
209.2308077 0.0086599
209.3055764 0.0117548
209.3803451 0.0094696
209.4551138 0.0110609
209.5298825 0.0101962
209.6046512 0.0091856
209.6794199 0.0119044
209.7541885 0.0095487
209.8289572 0.0101881
209.9037259 0.0102163
209.9784946 0.0091979
210.0532633 0.0118775
210.1280320 0.0101986
210.2028007 0.0088692
210.2775694 0.0102169
210.3523381 0.0090536
210.4271068 0.0121746
210.5018755 0.0103737
210.5766442 0.0088748
210.6514129 0.0121432
210.7261815 0.0090562
210.8009502 0.0113016
210.8757189 0.0103721
210.9504876 0.0090236
211.0252563 0.0121053
211.1000250 0.0103830
211.1747937 0.0113141
211.2495624 0.0107982
211.3243311 0.0090290
211.3990998 0.0124401
211.4738685 0.0104002
211.5486372 0.0091195
211.6234059 0.0107963
211.6981745 0.0090809
211.7729432 0.0115798
211.8477119 0.0104779
211.9224806 0.0097136
211.9972493 0.0107887
212.0720180 0.0104276
212.1467867 0.0102709
212.2215554 0.0102675
212.2963241 0.0099341
212.3710928 0.0107219
212.4458615 0.0104278
212.5206302 0.0101314
212.5953988 0.0109564
212.6701675 0.0104843
212.7449362 0.0105305
212.8197049 0.0104239
212.8944736 0.0110869
212.9692423 0.0109653
213.0440110 0.0115465
213.1187797 0.0105261
213.1935484 0.0099640
213.2683171 0.0104841
213.3430858 0.0108015
213.4178545 0.0104644
213.4926232 0.0106137
213.5673918 0.0099774
213.6421605 0.0104801
213.7169292 0.0106731
213.7916979 0.0104107
213.8664666 0.0113514
213.9412353 0.0101111
214.0160040 0.0115295
214.0907727 0.0112937
214.1655414 0.0099771
214.2403101 0.0103702
214.3150788 0.0107517
214.3898475 0.0115323
214.4646162 0.0111974
214.5393848 0.0105672
214.6141535 0.0103723
214.6889222 0.0107523
214.7636909 0.0115379
214.8384596 0.0094263
214.9132283 0.0109329
214.9879970 0.0118136
215.0627657 0.0111976
215.1375344 0.0107882
215.2123031 0.0097888
215.2870718 0.0102977
215.3618405 0.0118183
215.4366092 0.0106691
215.5113778 0.0106898
215.5861465 0.0097916
215.6609152 0.0100033
215.7356839 0.0108028
215.8104526 0.0106727
215.8852213 0.0124107
215.9599900 0.0108650
216.0347587 0.0100290
216.1095274 0.0104952
216.1842961 0.0108047
216.2590648 0.0114889
216.3338335 0.0097604
216.4086022 0.0103495
216.4833708 0.0106782
216.5581395 0.0108019
216.6329082 0.0114270
216.7076769 0.0104957
216.7824456 0.0107416
216.8572143 0.0124144
216.9319830 0.0097606
217.0067517 0.0107388
217.0815204 0.0103470
217.1562891 0.0108709
217.2310578 0.0123526
217.3058265 0.0096805
217.3805951 0.0103474
217.4553638 0.0118482
217.5301325 0.0108260
217.6049012 0.0101950
217.6796699 0.0097868
217.7544386 0.0103474
217.8292073 0.0118784
217.9039760 0.0109533
217.9787447 0.0101922
218.0535134 0.0097607
218.1282821 0.0103025
218.2030508 0.0121293
218.2778195 0.0109726
218.3525881 0.0101922
218.4273568 0.0120217
218.5021255 0.0103177
218.5768942 0.0101525
218.6516629 0.0106257
218.7264316 0.0098123
218.8012003 0.0119353
218.8759690 0.0102052
218.9507377 0.0089993
219.0255064 0.0120362
219.1002751 0.0097550
219.1750438 0.0105092
219.2498125 0.0109886
219.3245811 0.0089544
219.3993498 0.0120348
219.4741185 0.0101098
219.5488872 0.0104571
219.6236559 0.0106223
219.6984246 0.0090305
219.7731933 0.0119516
219.8479620 0.0101073
219.9227307 0.0107362
219.9974994 0.0119218
220.0722681 0.0092729
220.1470368 0.0104729
220.2218055 0.0102007
220.2965741 0.0092148
220.3713428 0.0118400
220.4461115 0.0094708
220.5208802 0.0103611
220.5956489 0.0102299
220.6704176 0.0092531
220.7451863 0.0105506
220.8199550 0.0094708
220.8947237 0.0104284
220.9694924 0.0103670
221.0442611 0.0094810
221.1190298 0.0105506
221.1937984 0.0119156
221.2685671 0.0107969
221.3433358 0.0100262
221.4181045 0.0094810
221.4928732 0.0102940
221.5676419 0.0108758
221.6424106 0.0092083
221.7171793 0.0100266
221.7919480 0.0096963
221.8667167 0.0104651
221.9414854 0.0109253
222.0162541 0.0092083
222.0910228 0.0096890
222.1657914 0.0109050
222.2405601 0.0104651
222.3153288 0.0096204
222.3900975 0.0093783
222.4648662 0.0096890
222.5396349 0.0102781
222.6144036 0.0107963
222.6891723 0.0104440
222.7639410 0.0095937
222.8387097 0.0102894
222.9134784 0.0094834
222.9882471 0.0092077
223.0630158 0.0104440
223.1377844 0.0109175
223.2125531 0.0102894
223.2873218 0.0099889
223.3620905 0.0093784
223.4368592 0.0096127
223.5116279 0.0093670
223.5863966 0.0104646
223.6611653 0.0099889
223.7359340 0.0095937
223.8107027 0.0096127
223.8854714 0.0098629
223.9602401 0.0104646
224.0350088 0.0099889
224.1097774 0.0103888
224.1845461 0.0096123
224.2593148 0.0098629
224.3340835 0.0092102
224.4088522 0.0101168
224.4836209 0.0098629
224.5583896 0.0096897
224.6331583 0.0098629
224.7079270 0.0096254
224.7826957 0.0101168
224.8574644 0.0098629
224.9322331 0.0103051
225.0070018 0.0098629
225.0817704 0.0098629
225.1565391 0.0101193
225.2313078 0.0098629
225.3060765 0.0104004
225.3808452 0.0098629
225.4556139 0.0098629
225.5303826 0.0101124
225.6051513 0.0098629
225.6799200 0.0106544
225.7546887 0.0098667
225.8294574 0.0098600
225.9042261 0.0101098
225.9789947 0.0098616
226.0537634 0.0098596
226.1285321 0.0098511
226.2033008 0.0098600
226.2780695 0.0104653
226.3528382 0.0098667
226.4276069 0.0098602
226.5023756 0.0099661
226.5771443 0.0098587
226.6519130 0.0120813
226.7266817 0.0098547
226.8014504 0.0098588
226.8762191 0.0098681
226.9509877 0.0098495
227.0257564 0.0106748
227.1005251 0.0099661
227.1752938 0.0098639
227.2500625 0.0101347
227.3248312 0.0098514
227.3995999 0.0098591
227.4743686 0.0098651
227.5491373 0.0098484
227.6239060 0.0099466
227.6986747 0.0099634
227.7734434 0.0098639
227.8482121 0.0101326
227.9229807 0.0098520
227.9977494 0.0112349
228.0725181 0.0098653
228.1472868 0.0098484
228.2220555 0.0094723
228.2968242 0.0099634
228.3715929 0.0099982
228.4463616 0.0098653
228.5211303 0.0098520
228.5958990 0.0099463
228.6706677 0.0098653
228.7454364 0.0110817
228.8202051 0.0101329
228.8949737 0.0099634
228.9697424 0.0100761
229.0445111 0.0098653
229.1192798 0.0101950
229.1940485 0.0108987
229.2688172 0.0098653
229.3435859 0.0112388
229.4183546 0.0101329
229.4931233 0.0101841
229.5678920 0.0099495
229.6426607 0.0098635
229.7174294 0.0100409
229.7921980 0.0094829
229.8669667 0.0097790
229.9417354 0.0100861
230.0165041 0.0098582
230.0912728 0.0110467
230.1660415 0.0109005
230.2408102 0.0097787
230.3155789 0.0112759
230.3903476 0.0101431
230.4651163 0.0111152
230.5398850 0.0099589
230.6146537 0.0098160
230.6894224 0.0102452
230.7641910 0.0094667
230.8389597 0.0095999
230.9137284 0.0101139
230.9884971 0.0103093
231.0632658 0.0099193
231.1380345 0.0109097
231.2128032 0.0103585
231.2875719 0.0108961
231.3623406 0.0096270
231.4371093 0.0099164
231.5118780 0.0099860
231.5866467 0.0096868
231.6614154 0.0111543
231.7361840 0.0110229
231.8109527 0.0111221
231.8857214 0.0097333
231.9604901 0.0103776
232.0352588 0.0104107
232.1100275 0.0109854
232.1847962 0.0110991
232.2595649 0.0099892
232.3343336 0.0102194
232.4091023 0.0099198
232.4838710 0.0096546
232.5586397 0.0114643
232.6334084 0.0111557
232.7081770 0.0116803
232.7829457 0.0099234
232.8577144 0.0100376
232.9324831 0.0117986
233.0072518 0.0104150
233.0820205 0.0103500
233.1567892 0.0117941
233.2315579 0.0100421
233.3063266 0.0108651
233.3810953 0.0104177
233.4558640 0.0095007
233.5306327 0.0118556
233.6054014 0.0112068
233.6801700 0.0119174
233.7549387 0.0112412
233.8297074 0.0096324
233.9044761 0.0121887
233.9792448 0.0112058
234.0540135 0.0112254
234.1287822 0.0113016
234.2035509 0.0096350
234.2783196 0.0112150
234.3530883 0.0104660
234.4278570 0.0112299
234.5026257 0.0116409
234.5773943 0.0107961
234.6521630 0.0114783
234.7269317 0.0117858
234.8017004 0.0110141
234.8764691 0.0120657
234.9512378 0.0107982
235.0260065 0.0113408
235.1007752 0.0112047
235.1755439 0.0110051
235.2503126 0.0117768
235.3250813 0.0115812
235.3998500 0.0112316
235.4746187 0.0114108
235.5493873 0.0110093
235.6241560 0.0117809
235.6989247 0.0123491
235.7736934 0.0113606
235.8484621 0.0125611
235.9232308 0.0119728
235.9979995 0.0113447
236.0727682 0.0125307
236.1475369 0.0113606
236.2223056 0.0116790
236.2970743 0.0119728
236.3718430 0.0113682
236.4466117 0.0131187
236.5213803 0.0113490
236.5961490 0.0116799
236.6709177 0.0115211
236.7456864 0.0119250
236.8204551 0.0116835
236.8952238 0.0109520
236.9699925 0.0115984
237.0447612 0.0118551
237.1195299 0.0119243
237.1942986 0.0116859
237.2690673 0.0118201
237.3438360 0.0115983
237.4186047 0.0130339
237.4933733 0.0103465
237.5681420 0.0117070
237.6429107 0.0121583
237.7176794 0.0118240
237.7924481 0.0110322
237.8672168 0.0107987
237.9419855 0.0121538
238.0167542 0.0140975
238.0915229 0.0118420
238.1662916 0.0110322
238.2410603 0.0108028
238.3158290 0.0121538
238.3905976 0.0126792
238.4653663 0.0110175
238.5401350 0.0122569
238.6149037 0.0123150
238.6896724 0.0125343
238.7644411 0.0126784
238.8392098 0.0103923
238.9139785 0.0122680
238.9887472 0.0130982
239.0635159 0.0115964
239.1382846 0.0120920
239.2130533 0.0117200
239.2878220 0.0113027
239.3625906 0.0116583
239.4373593 0.0112501
239.5121280 0.0120063
239.5868967 0.0123362
239.6616654 0.0124746
239.7364341 0.0126790
239.8112028 0.0104241
239.8859715 0.0120790
239.9607402 0.0123362
240.0355089 0.0115807
240.1102776 0.0126992
240.1850463 0.0117495
240.2598150 0.0120772
240.3345836 0.0116778
240.4093523 0.0107282
240.4841210 0.0118123
240.5588897 0.0117495
240.6336584 0.0135041
240.7084271 0.0116784
240.7831958 0.0109898
240.8579645 0.0117970
240.9327332 0.0108557
241.0075019 0.0105860
241.0822706 0.0114812
241.1570393 0.0113291
241.2318080 0.0112510
241.3065766 0.0108557
241.3813453 0.0105569
241.4561140 0.0113624
241.5308827 0.0113483
241.6056514 0.0113183
241.6804201 0.0114763
241.7551888 0.0105452
241.8299575 0.0113614
241.9047262 0.0107818
241.9794949 0.0101362
242.0542636 0.0114759
242.1290323 0.0108328
242.2038010 0.0113183
242.2785696 0.0104750
242.3533383 0.0094881
242.4281070 0.0113697
242.5028757 0.0108362
242.5776444 0.0113197
242.6524131 0.0107445
242.7271818 0.0094881
242.8019505 0.0108493
242.8767192 0.0118186
242.9514879 0.0094196
243.0262566 0.0107643
243.1010253 0.0104491
243.1757939 0.0113822
243.2505626 0.0100617
243.3253313 0.0094158
243.4001000 0.0117265
243.4748687 0.0118188
243.5496374 0.0113569
243.6244061 0.0100754
243.6991748 0.0094020
243.7739435 0.0110504
243.8487122 0.0118223
243.9234809 0.0093739
243.9982496 0.0105167
244.0730183 0.0093356
244.1477869 0.0109863
244.2225556 0.0118356
244.2973243 0.0093601
244.3720930 0.0105198
244.4468617 0.0106324
244.5216304 0.0107746
244.5963991 0.0122777
244.6711678 0.0092951
244.7459365 0.0116611
244.8207052 0.0106443
244.8954739 0.0098229
244.9702426 0.0105189
245.0450113 0.0094305
245.1197799 0.0116611
245.1945486 0.0110875
245.2693173 0.0098803
245.3440860 0.0104504
245.4188547 0.0105643
245.4936234 0.0100819
245.5683921 0.0097177
245.6431608 0.0098818
245.7179295 0.0104655
245.7926982 0.0110075
245.8674669 0.0098822
245.9422356 0.0098529
246.0170043 0.0095471
246.0917729 0.0095983
246.1665416 0.0096377
246.2413103 0.0098458
246.3160790 0.0113888
246.3908477 0.0098728
246.4656164 0.0096570
246.5403851 0.0096898
246.6151538 0.0098370
246.6899225 0.0104628
246.7646912 0.0108785
246.8394599 0.0104065
246.9142286 0.0097732
246.9889972 0.0098726
247.0637659 0.0096568
247.1385346 0.0108654
247.2133033 0.0099106
247.2880720 0.0097669
247.3628407 0.0099067
247.4376094 0.0096204
247.5123781 0.0096835
247.5871468 0.0093022
247.6619155 0.0098279
247.7366842 0.0095657
247.8114529 0.0104160
247.8862216 0.0097663
247.9609902 0.0100058
248.0357589 0.0098180
248.1105276 0.0095599
248.1852963 0.0105395
248.2600650 0.0097130
248.3348337 0.0100205
248.4096024 0.0091342
248.4843711 0.0108661
248.5591398 0.0099313
248.6339085 0.0098205
248.7086772 0.0099330
248.7834459 0.0102608
248.8582146 0.0102501
248.9329832 0.0099346
249.0077519 0.0098205
249.0825206 0.0095617
249.1572893 0.0103075
249.2320580 0.0112905
249.3068267 0.0096466
249.3815954 0.0095066
249.4563641 0.0097138
249.5311328 0.0098983
249.6059015 0.0112905
249.6806702 0.0090700
249.7554389 0.0106647
249.8302076 0.0105284
249.9049762 0.0096337
249.9797449 0.0089778
250.0545136 0.0104019
250.1292823 0.0103041
250.2040510 0.0112886
250.2788197 0.0096337
250.3535884 0.0090189
250.4283571 0.0104189
250.5031258 0.0098980
250.5778945 0.0103459
250.6526632 0.0095550
250.7274319 0.0104043
250.8022006 0.0098752
250.8769692 0.0104040
250.9517379 0.0103293
251.0265066 0.0096052
251.1012753 0.0104575
251.1760440 0.0092839
251.2508127 0.0106393
251.3255814 0.0102133
251.4003501 0.0109181
251.4751188 0.0102971
251.5498875 0.0094853
251.6246562 0.0106395
251.6994249 0.0103560
251.7741935 0.0090675
251.8489622 0.0102601
251.9237309 0.0094853
251.9984996 0.0106916
252.0732683 0.0110518
252.1480370 0.0095160
252.2228057 0.0102601
252.2975744 0.0092450
252.3723431 0.0095903
252.4471118 0.0102960
252.5218805 0.0095160
252.5966492 0.0107682
252.6714179 0.0096005
252.7461865 0.0095903
252.8209552 0.0102959
252.8957239 0.0095036
252.9704926 0.0108109
253.0452613 0.0115518
253.1200300 0.0090677
253.1947987 0.0102916
253.2695674 0.0093091
253.3443361 0.0094344
253.4191048 0.0115604
253.4938735 0.0090666
253.5686422 0.0103073
253.6434109 0.0115624
253.7181795 0.0094322
253.7929482 0.0110496
253.8677169 0.0090065
253.9424856 0.0093720
254.0172543 0.0115681
254.0920230 0.0094557
254.1667917 0.0111096
254.2415604 0.0106891
254.3163291 0.0094359
254.3910978 0.0115580
254.4658665 0.0094669
254.5406352 0.0109448
254.6154039 0.0115682
254.6901725 0.0094557
254.7649412 0.0116070
254.8397099 0.0094626
254.9144786 0.0094815
254.9892473 0.0115581
255.0640160 0.0094669
255.1387847 0.0114471
255.2135534 0.0094394
255.2883221 0.0094541
255.3630908 0.0116048
255.4378595 0.0094622
255.5126282 0.0106840
255.5873968 0.0105767
255.6621655 0.0094645
255.7369342 0.0114509
255.8117029 0.0091387
255.8864716 0.0114297
255.9612403 0.0105502
256.0360090 0.0094602
256.1107777 0.0114496
256.1855464 0.0102305
256.2603151 0.0108412
256.3350838 0.0114500
256.4098525 0.0094634
256.4846212 0.0107025
256.5593898 0.0099401
256.6341585 0.0107624
256.7089272 0.0114690
256.7836959 0.0091244
256.8584646 0.0114379
256.9332333 0.0098491
257.0080020 0.0111570
257.0827707 0.0106978
257.1575394 0.0102416
257.2323081 0.0114401
257.3070768 0.0103071
257.3818455 0.0096886
257.4566142 0.0107103
257.5313828 0.0098524
257.6061515 0.0108436
257.6809202 0.0109860
257.7556889 0.0098219
257.8304576 0.0114406
257.9052263 0.0098688
257.9799950 0.0097498
258.0547637 0.0106874
258.1295324 0.0104570
258.2043011 0.0114408
258.2790698 0.0103091
258.3538385 0.0097509
258.4286072 0.0099680
258.5033758 0.0099320
258.5781445 0.0108552
258.6529132 0.0100108
258.7276819 0.0102981
258.8024506 0.0108383
258.8772193 0.0099326
258.9519880 0.0104120
259.0267567 0.0100200
259.1015254 0.0102975
259.1762941 0.0109075
259.2510628 0.0099406
259.3258315 0.0098278
259.4006002 0.0106966
259.4753688 0.0102448
259.5501375 0.0100339
259.6249062 0.0101277
259.6996749 0.0100247
259.7744436 0.0109234
259.8492123 0.0103183
259.9239810 0.0101529
259.9987497 0.0101275
260.0735184 0.0100247
260.1482871 0.0101967
260.2230558 0.0089851
260.2978245 0.0105042
260.3725931 0.0101969
260.4473618 0.0098062
260.5221305 0.0105271
260.5968992 0.0096823
260.6716679 0.0101605
260.7464366 0.0109225
260.8212053 0.0103143
260.8959740 0.0108319
260.9707427 0.0096832
261.0455114 0.0099408
261.1202801 0.0105270
261.1950488 0.0089101
261.2698175 0.0113819
261.3445861 0.0092426
261.4193548 0.0099427
261.4941235 0.0105307
261.5688922 0.0089101
261.6436609 0.0113806
261.7184296 0.0107278
261.7931983 0.0093963
261.8679670 0.0099585
261.9427357 0.0090547
262.0175044 0.0110249
262.0922731 0.0114894
262.1670418 0.0093941
262.2418105 0.0101282
262.3165791 0.0105650
262.3913478 0.0110152
262.4661165 0.0115163
262.5408852 0.0088794
262.6156539 0.0112214
262.6904226 0.0107228
262.7651913 0.0093941
262.8399600 0.0101309
262.9147287 0.0097230
262.9894974 0.0114527
263.0642661 0.0107470
263.1390348 0.0093792
263.2138035 0.0101255
263.2885721 0.0105893
263.3633408 0.0123805
263.4381095 0.0108484
263.5128782 0.0095327
263.5876469 0.0101982
263.6624156 0.0106911
263.7371843 0.0104632
263.8119530 0.0105273
263.8867217 0.0112937
263.9614904 0.0101979
264.0362591 0.0106903
264.1110278 0.0106195
264.1857964 0.0105646
264.2605651 0.0105341
264.3353338 0.0112361
264.4101025 0.0106903
264.4848712 0.0106359
264.5596399 0.0105667
264.6344086 0.0105334
264.7091773 0.0106132
264.7839460 0.0099583
264.8587147 0.0107373
264.9334834 0.0103346
265.0082521 0.0105585
265.0830208 0.0106257
265.1577894 0.0105670
265.2325581 0.0106035
265.3073268 0.0110741
265.3820955 0.0097394
265.4568642 0.0106495
265.5316329 0.0105659
265.6064016 0.0095106
265.6811703 0.0110508
265.7559390 0.0097413
265.8307077 0.0106555
265.9054764 0.0110747
265.9802451 0.0105606
266.0550138 0.0109102
266.1297824 0.0103448
266.2045511 0.0105402
266.2793198 0.0110740
266.3540885 0.0097414
266.4288572 0.0109120
266.5036259 0.0102699
266.5783946 0.0094239
266.6531633 0.0113153
266.7279320 0.0097494
266.8027007 0.0104697
266.8774694 0.0112947
266.9522381 0.0093945
267.0270068 0.0115725
267.1017754 0.0105661
267.1765441 0.0104695
267.2513128 0.0115603
267.3260815 0.0099647
267.4008502 0.0109017
267.4756189 0.0102551
267.5503876 0.0105127
267.6251563 0.0117939
267.6999250 0.0104623
267.7746937 0.0106283
267.8494624 0.0104569
267.9242311 0.0099642
267.9989997 0.0121229
268.0737684 0.0112391
268.1485371 0.0106283
268.2233058 0.0118166
268.2980745 0.0107764
268.3728432 0.0121075
268.4476119 0.0106327
268.5223806 0.0106240
268.5971493 0.0117826
268.6719180 0.0107733
268.7466867 0.0111844
268.8214554 0.0106335
268.8962241 0.0108008
268.9709927 0.0117674
269.0457614 0.0101602
269.1205301 0.0111844
269.1952988 0.0108788
269.2700675 0.0109450
269.3448362 0.0117631
269.4196049 0.0106217
269.4943736 0.0111804
269.5691423 0.0104096
269.6439110 0.0108541
269.7186797 0.0115014
269.7934484 0.0108778
269.8682171 0.0106082
269.9429857 0.0116417
270.0177544 0.0108589
270.0925231 0.0111392
270.1672918 0.0108623
270.2420605 0.0109562
270.3168292 0.0116378
270.3915979 0.0106058
270.4663666 0.0106079
270.5411353 0.0108349
270.6159040 0.0104402
270.6906727 0.0113766
270.7654414 0.0105834
270.8402101 0.0108151
270.9149787 0.0108273
270.9897474 0.0108805
271.0645161 0.0119254
271.1392848 0.0106874
271.2140535 0.0106868
271.2888222 0.0120636
271.3635909 0.0096491
271.4383596 0.0098092
271.5131283 0.0106611
271.5878970 0.0104601
271.6626657 0.0123556
271.7374344 0.0105873
271.8122031 0.0097508
271.8869717 0.0106600
271.9617404 0.0103313
272.0365091 0.0120782
272.1112778 0.0105824
272.1860465 0.0108084
272.2608152 0.0111185
272.3355839 0.0103346
272.4103526 0.0107719
272.4851213 0.0102053
272.5598900 0.0098097
272.6346587 0.0108412
272.7094274 0.0101629
272.7841960 0.0107787
272.8589647 0.0112096
272.9337334 0.0101943
273.0085021 0.0107892
273.0832708 0.0103624
273.1580395 0.0107890
273.2328082 0.0106744
273.3075769 0.0101951
273.3823456 0.0107600
273.4571143 0.0098451
273.5318830 0.0098092
273.6066517 0.0106542
273.6814204 0.0101687
273.7561890 0.0119584
273.8309577 0.0099511
273.9057264 0.0101349
273.9804951 0.0108898
274.0552638 0.0093488
274.1300325 0.0101891
274.2048012 0.0101154
274.2795699 0.0101349
274.3543386 0.0121038
274.4291073 0.0097905
274.5038760 0.0101891
274.5786447 0.0104219
274.6534134 0.0091254
274.7281820 0.0121036
274.8029507 0.0097607
274.8777194 0.0101891
274.9524881 0.0106699
275.0272568 0.0092405
275.1020255 0.0111247
275.1767942 0.0102124
275.2515629 0.0098347
275.3263316 0.0101549
275.4011003 0.0097545
275.4758690 0.0095570
275.5506377 0.0100766
275.6254064 0.0097071
275.7001750 0.0093750
275.7749437 0.0097603
275.8497124 0.0095402
275.9244811 0.0098763
275.9992498 0.0091919
276.0740185 0.0109829
276.1487872 0.0104130
276.2235559 0.0099027
276.2983246 0.0085707
276.3730933 0.0090632
276.4478620 0.0110321
276.5226307 0.0102761
276.5973993 0.0099355
276.6721680 0.0093448
276.7469367 0.0090632
276.8217054 0.0094761
276.8964741 0.0090646
276.9712428 0.0092761
277.0460115 0.0098855
277.1207802 0.0101512
277.1955489 0.0094654
277.2703176 0.0085727
277.3450863 0.0092138
277.4198550 0.0111155
277.4946237 0.0101008
277.5693923 0.0100080
277.6441610 0.0089615
277.7189297 0.0104374
277.7936984 0.0111155
277.8684671 0.0087669
277.9432358 0.0094367
278.0180045 0.0089994
278.0927732 0.0108709
278.1675419 0.0095482
278.2423106 0.0094072
278.3170793 0.0093475
278.3918480 0.0099261
278.4666167 0.0091295
278.5413853 0.0095463
278.6161540 0.0094380
278.6909227 0.0104532
278.7656914 0.0099261
278.8404601 0.0093291
278.9152288 0.0101635
278.9899975 0.0094380
279.0647662 0.0109960
279.1395349 0.0111135
279.2143036 0.0090845
279.2890723 0.0093671
279.3638410 0.0090000
279.4386097 0.0094579
279.5133783 0.0095462
279.5881470 0.0090845
279.6629157 0.0100473
279.7376844 0.0089997
279.8124531 0.0094579
279.8872218 0.0101641
279.9619905 0.0090845
280.0367592 0.0094092
280.1115279 0.0099260
280.1862966 0.0094579
280.2610653 0.0094528
280.3358340 0.0090845
280.4106027 0.0094092
280.4853713 0.0111130
280.5601400 0.0094609
280.6349087 0.0094091
280.7096774 0.0094378
280.7844461 0.0094092
280.8592148 0.0095461
280.9339835 0.0094609
281.0087522 0.0094091
281.0835209 0.0094313
281.1582896 0.0094098
281.2330583 0.0094376
281.3078270 0.0093283
281.3825956 0.0094091
281.4573643 0.0090048
281.5321330 0.0094098
281.6069017 0.0094091
281.6816704 0.0093325
281.7564391 0.0094091
281.8312078 0.0097477
281.9059765 0.0094094
281.9807452 0.0094091
282.0555139 0.0093640
282.1302826 0.0094087
282.2050513 0.0100462
282.2798200 0.0094081
282.3545886 0.0094091
282.4293573 0.0092327
282.5041260 0.0094064
282.5788947 0.0094087
282.6536634 0.0095287
282.7284321 0.0094094
282.8032008 0.0100421
282.8779695 0.0094293
282.9527382 0.0094066
283.0275069 0.0097089
283.1022756 0.0094081
283.1770443 0.0104362
283.2518130 0.0095287
283.3265816 0.0094073
283.4013503 0.0097089
283.4761190 0.0094293
283.5508877 0.0094086
283.6256564 0.0097089
283.7004251 0.0094061
283.7751938 0.0131540
283.8499625 0.0095282
283.9247312 0.0094055
283.9994999 0.0097089
284.0742686 0.0094355
284.1490373 0.0099667
284.2238060 0.0097084
284.2985746 0.0094072
284.3733433 0.0114568
284.4481120 0.0095279
284.5228807 0.0092938
284.5976494 0.0097067
284.6724181 0.0094366
284.7471868 0.0113507
284.8219555 0.0093994
284.8967242 0.0094920
284.9714929 0.0097054
285.0462616 0.0095279
285.1210303 0.0099522
285.1957989 0.0097080
285.2705676 0.0086796
285.3453363 0.0131535
285.4201050 0.0093994
285.4948737 0.0092651
285.5696424 0.0097067
285.6444111 0.0102371
285.7191798 0.0113384
285.7939485 0.0097067
285.8687172 0.0094659
285.9434859 0.0114575
286.0182546 0.0096493
286.0930233 0.0099653
286.1677919 0.0097095
286.2425606 0.0094242
286.3173293 0.0131455
286.3920980 0.0097119
286.4668667 0.0102707
286.5416354 0.0114517
286.6164041 0.0095328
286.6911728 0.0113747
286.7659415 0.0097095
286.8407102 0.0093455
286.9154789 0.0131455
286.9902476 0.0091917
287.0650163 0.0098966
287.1397849 0.0097038
287.2145536 0.0098711
287.2893223 0.0113747
287.3640910 0.0092020
287.4388597 0.0103251
287.5136284 0.0114477
287.5883971 0.0096818
287.6631658 0.0112815
287.7379345 0.0093495
287.8127032 0.0093862
287.8874719 0.0131472
287.9622406 0.0096805
288.0370093 0.0098984
288.1117779 0.0104926
288.1865466 0.0099565
288.2613153 0.0112819
288.3360840 0.0099065
288.4108527 0.0101811
288.4856214 0.0107053
288.5603901 0.0099582
288.6351588 0.0099194
288.7099275 0.0114626
288.7846962 0.0094716
288.8594649 0.0106254
288.9342336 0.0096857
289.0090023 0.0099127
289.0837709 0.0114639
289.1585396 0.0094746
289.2333083 0.0123880
289.3080770 0.0096851
289.3828457 0.0099011
289.4576144 0.0095585
289.5323831 0.0099684
289.6071518 0.0109973
289.6819205 0.0113769
289.7566892 0.0099011
289.8314579 0.0109501
289.9062266 0.0099696
289.9809952 0.0105116
290.0557639 0.0094714
290.1305326 0.0094817
290.2053013 0.0109501
290.2800700 0.0114303
290.3548387 0.0097091
290.4296074 0.0093287
290.5043761 0.0094847
290.5791448 0.0111810
290.6539135 0.0114335
290.7286822 0.0094200
290.8034509 0.0110285
290.8782196 0.0122189
290.9529882 0.0109743
291.0277569 0.0092101
291.1025256 0.0094262
291.1772943 0.0104638
291.2520630 0.0122168
291.3268317 0.0102799
291.4016004 0.0091646
291.4763691 0.0094262
291.5511378 0.0111983
291.6259065 0.0092101
291.7006752 0.0102927
291.7754439 0.0099376
291.8502126 0.0121592
291.9249812 0.0111983
291.9997499 0.0092156
292.0745186 0.0106121
292.1492873 0.0099528
292.2240560 0.0118544
292.2988247 0.0117748
292.3735934 0.0093768
292.4483621 0.0112280
292.5231308 0.0112818
292.5978995 0.0099467
292.6726682 0.0118423
292.7474369 0.0099528
292.8222056 0.0109211
292.8969742 0.0112818
292.9717429 0.0088100
293.0465116 0.0118423
293.1212803 0.0099572
293.1960490 0.0094997
293.2708177 0.0119130
293.3455864 0.0091288
293.4203551 0.0096463
293.4951238 0.0112880
293.5698925 0.0091503
293.6446612 0.0118423
293.7194299 0.0091343
293.7941985 0.0096453
293.8689672 0.0113503
293.9437359 0.0091526
294.0185046 0.0089939
294.0932733 0.0113392
294.1680420 0.0106607
294.2428107 0.0119187
294.3175794 0.0089074
294.3923481 0.0107781
294.4671168 0.0114006
294.5418855 0.0089303
294.6166542 0.0105289
294.6914229 0.0089135
294.7661915 0.0108462
294.8409602 0.0114075
294.9157289 0.0106907
294.9904976 0.0105162
295.0652663 0.0113494
295.1400350 0.0108760
295.2148037 0.0119368
295.2895724 0.0106907
295.3643411 0.0104508
295.4391098 0.0107486
295.5138785 0.0098584
295.5886472 0.0100656
295.6634159 0.0089679
295.7381845 0.0108737
295.8129532 0.0117906
295.8877219 0.0106908
295.9624906 0.0107701
296.0372593 0.0113563
296.1120280 0.0108717
296.1867967 0.0100483
296.2615654 0.0106034
296.3363341 0.0101450
296.4111028 0.0113124
296.4858715 0.0108733
296.5606402 0.0102046
296.6354089 0.0106034
296.7101775 0.0110785
296.7849462 0.0089655
296.8597149 0.0093286
296.9344836 0.0102049
297.0092523 0.0109646
297.0840210 0.0110667
297.1587897 0.0107570
297.2335584 0.0093286
297.3083271 0.0100918
297.3830958 0.0109646
297.4578645 0.0111967
297.5326332 0.0107365
297.6074019 0.0093631
297.6821705 0.0111427
297.7569392 0.0106609
297.8317079 0.0094724
297.9064766 0.0106009
297.9812453 0.0120000
298.0560140 0.0111427
298.1307827 0.0122897
298.2055514 0.0095043
298.2803201 0.0105657
298.3550888 0.0106641
298.4298575 0.0112071
298.5046262 0.0122961
298.5793948 0.0094960
298.6541635 0.0112433
298.7289322 0.0106644
298.8037009 0.0114381
298.8784696 0.0105655
298.9532383 0.0117663
299.0280070 0.0112500
299.1027757 0.0122961
299.1775444 0.0104556
299.2523131 0.0105638
299.3270818 0.0117666
299.4018505 0.0106822
299.4766192 0.0126512
299.5513878 0.0125334
299.6261565 0.0112499
299.7009252 0.0103719
299.7756939 0.0114414
299.8504626 0.0126512
299.9252313 0.0117152
300.0000000 0.0108198
