50.0000000 0.0110187
50.1001001 0.0109671
50.2002002 0.0110009
50.3003003 0.0122802
50.4004004 0.0139924
50.5005005 0.0123710
50.6006006 0.0120170
50.7007007 0.0116402
50.8008008 0.0109810
50.9009009 0.0109673
51.0010010 0.0110009
51.1011011 0.0125917
51.2012012 0.0134922
51.3013013 0.0123703
51.4014014 0.0116003
51.5015015 0.0112603
51.6016016 0.0109914
51.7017017 0.0109662
51.8018018 0.0110391
51.9019019 0.0131144
52.0020020 0.0134916
52.1021021 0.0123688
52.2022022 0.0117863
52.3023023 0.0114158
52.4024024 0.0109725
52.5025025 0.0106454
52.6026026 0.0131064
52.7027027 0.0131140
52.8028028 0.0126963
52.9029029 0.0123688
53.0030030 0.0114143
53.1031031 0.0114158
53.2032032 0.0112698
53.3033033 0.0110005
53.4034034 0.0131136
53.5035035 0.0131136
53.6036036 0.0131140
53.7037037 0.0114143
53.8038038 0.0114143
53.9039039 0.0114143
54.0040040 0.0114158
54.1041041 0.0131136
54.2042042 0.0131136
54.3043043 0.0131136
54.4044044 0.0131140
54.5045045 0.0114143
54.6046046 0.0114143
54.7047047 0.0114143
54.8048048 0.0114771
54.9049049 0.0131136
55.0050050 0.0131136
55.1051051 0.0131136
55.2052052 0.0140386
55.3053053 0.0113603
55.4054054 0.0114143
55.5055055 0.0114148
55.6056056 0.0117945
55.7057057 0.0125283
55.8058058 0.0131136
55.9059059 0.0131154
56.0060060 0.0133387
56.1061061 0.0105834
56.2062062 0.0114157
56.3063063 0.0114771
56.4064064 0.0111618
56.5065065 0.0116083
56.6066066 0.0131156
56.7067067 0.0140388
56.8068068 0.0128690
56.9069069 0.0105825
57.0070070 0.0116641
57.1071071 0.0117954
57.2072072 0.0110577
57.3073073 0.0116110
57.4074074 0.0128271
57.5075075 0.0133383
57.6076076 0.0127207
57.7077077 0.0105659
57.8078078 0.0121431
57.9079079 0.0117954
58.0080080 0.0110577
58.1081081 0.0116013
58.2082082 0.0137377
58.3083083 0.0133391
58.4084084 0.0127042
58.5085085 0.0115423
58.6086086 0.0112376
58.7087087 0.0111618
58.8088088 0.0110560
58.9089089 0.0117283
59.0090090 0.0134540
59.1091091 0.0128630
59.2092092 0.0127042
59.3093093 0.0117079
59.4094094 0.0119334
59.5095095 0.0118771
59.6096096 0.0117628
59.7097097 0.0118925
59.8098098 0.0127479
59.9099099 0.0125650
60.0100100 0.0126589
60.1101101 0.0117074
60.2102102 0.0116398
60.3103103 0.0117730
60.4104104 0.0117761
60.5105105 0.0118895
60.6106106 0.0127352
60.7107107 0.0125732
60.8108108 0.0130444
60.9109109 0.0110960
61.0110110 0.0110481
61.1111111 0.0125091
61.2112112 0.0122667
61.3113113 0.0118771
61.4114114 0.0127352
61.5115115 0.0125715
61.6116116 0.0130414
61.7117117 0.0110959
61.8118118 0.0110483
61.9119119 0.0125091
62.0120120 0.0122667
62.1121121 0.0111772
62.2122122 0.0133702
62.3123123 0.0130715
62.4124124 0.0120638
62.5125125 0.0110742
62.6126126 0.0110166
62.7127127 0.0131027
62.8128128 0.0122540
62.9129129 0.0107146
63.0130130 0.0119355
63.1131131 0.0130676
63.2132132 0.0120779
63.3133133 0.0107436
63.4134134 0.0110136
63.5135135 0.0130711
63.6136136 0.0126497
63.7137137 0.0107142
63.8138138 0.0118980
63.9139139 0.0117797
64.0140140 0.0120777
64.1141141 0.0107781
64.2142142 0.0120942
64.3143143 0.0130699
64.4144144 0.0127142
64.5145145 0.0120391
64.6146146 0.0118980
64.7147147 0.0117933
64.8148148 0.0112981
64.9149149 0.0104813
65.0150150 0.0120937
65.1151151 0.0120741
65.2152152 0.0127136
65.3153153 0.0120389
65.4154154 0.0120436
65.5155155 0.0117957
65.6156156 0.0101969
65.7157157 0.0112036
65.8158158 0.0120933
65.9159159 0.0120385
66.0160160 0.0125723
66.1161161 0.0111845
66.2162162 0.0105666
66.3163163 0.0118278
66.4164164 0.0101928
66.5165165 0.0112041
66.6166166 0.0122628
66.7167167 0.0121867
66.8168168 0.0125718
66.9169169 0.0111845
67.0170170 0.0120241
67.1171171 0.0114062
67.2172172 0.0118221
67.3173173 0.0117190
67.4174174 0.0115700
67.5175175 0.0125764
67.6176176 0.0113578
67.7177177 0.0112265
67.8178178 0.0119984
67.9179179 0.0111227
68.0180180 0.0118221
68.1181181 0.0117261
68.2182182 0.0115694
68.3183183 0.0125906
68.4184184 0.0113592
68.5185185 0.0110150
68.6186186 0.0119938
68.7187187 0.0125628
68.8188188 0.0120144
68.9189189 0.0111843
69.0190190 0.0119591
69.1191191 0.0128069
69.2192192 0.0114357
69.3193193 0.0110226
69.4194194 0.0122484
69.5195195 0.0122599
69.6196196 0.0120215
69.7197197 0.0111225
69.8198198 0.0119754
69.9199199 0.0123372
70.0200200 0.0114637
70.1201201 0.0110240
70.2202202 0.0111543
70.3203203 0.0122674
70.4204204 0.0113703
70.5205205 0.0109503
70.6206206 0.0119742
70.7207207 0.0116496
70.8208208 0.0114666
70.9209209 0.0110240
71.0210210 0.0110144
71.1211211 0.0122664
71.2212212 0.0115405
71.3213213 0.0113680
71.4214214 0.0121574
71.5215215 0.0116794
71.6216216 0.0116806
71.7217217 0.0110148
71.8218218 0.0110144
71.9219219 0.0111675
72.0220220 0.0113680
72.1221221 0.0113680
72.2222222 0.0108269
72.3223223 0.0116794
72.4224224 0.0116796
72.5225225 0.0110148
72.6226226 0.0110148
72.7227227 0.0108601
72.8228228 0.0113680
72.9229229 0.0113732
73.0230230 0.0114976
73.1231231 0.0116796
73.2232232 0.0116143
73.3233233 0.0113992
73.4234234 0.0109993
73.5235235 0.0107506
73.6236236 0.0113693
73.7237237 0.0111617
73.8238238 0.0115064
73.9239239 0.0116133
74.0240240 0.0112127
74.1241241 0.0121025
74.2242242 0.0108609
74.3243243 0.0116349
74.4244244 0.0112214
74.5245245 0.0124505
74.6246246 0.0115042
74.7247247 0.0115397
74.8248248 0.0112094
74.9249249 0.0121116
75.0250250 0.0107512
75.1251251 0.0116315
75.2252252 0.0111160
75.3253253 0.0114983
75.4254254 0.0114928
75.5255255 0.0107185
75.6256256 0.0111862
75.7257257 0.0120527
75.8258258 0.0099947
75.9259259 0.0115274
76.0260260 0.0114905
76.1261261 0.0115311
76.2262262 0.0114928
76.3263263 0.0116940
76.4264264 0.0125598
76.5265265 0.0120544
76.6266266 0.0099951
76.7267267 0.0115261
76.8268268 0.0114866
76.9269269 0.0111021
77.0270270 0.0115697
77.1271271 0.0117032
77.2272272 0.0125034
77.3273273 0.0107231
77.4274274 0.0108891
77.5275275 0.0111862
77.6276276 0.0113825
77.7277277 0.0111030
77.8278278 0.0116120
77.9279279 0.0117051
78.0280280 0.0125243
78.1281281 0.0107221
78.2282282 0.0118783
78.3283283 0.0113709
78.4284284 0.0101896
78.5285285 0.0120195
78.6286286 0.0127070
78.7287287 0.0116674
78.8288288 0.0125246
78.9289289 0.0107960
79.0290290 0.0118786
79.1291291 0.0113280
79.2292292 0.0101896
79.3293293 0.0120309
79.4294294 0.0126481
79.5295295 0.0117001
79.6296296 0.0117632
79.7297297 0.0107959
79.8298298 0.0120555
79.9299299 0.0110853
80.0300300 0.0125488
80.1301301 0.0120309
80.2302302 0.0118101
80.3303303 0.0117001
80.4304304 0.0117686
80.5305305 0.0107959
80.6306306 0.0121097
80.7307307 0.0111177
80.8308308 0.0125491
80.9309309 0.0118093
81.0310310 0.0118101
81.1311311 0.0118019
81.2312312 0.0118013
81.3313313 0.0121088
81.4314314 0.0121127
81.5315315 0.0125490
81.6316316 0.0125373
81.7317317 0.0118093
81.8318318 0.0118144
81.9319319 0.0118019
82.0320320 0.0118122
82.1321321 0.0121117
82.2322322 0.0121259
82.3323323 0.0137217
82.4324324 0.0119853
82.5325325 0.0114507
82.6326326 0.0118693
82.7327327 0.0111882
82.8328328 0.0144517
82.9329329 0.0123242
83.0330330 0.0130368
83.1331331 0.0137077
83.2332332 0.0125774
83.3333333 0.0116336
83.4334334 0.0108615
83.5335335 0.0111428
83.6336336 0.0144553
83.7337337 0.0123245
83.8338338 0.0127223
83.9339339 0.0131559
84.0340340 0.0125847
84.1341341 0.0116360
84.2342342 0.0108332
84.3343343 0.0149265
84.4344344 0.0125271
84.5345345 0.0135759
84.6346346 0.0127223
84.7347347 0.0131533
84.8348348 0.0127438
84.9349349 0.0119467
85.0350350 0.0110061
85.1351351 0.0149409
85.2352352 0.0125171
85.3353353 0.0135759
85.4354354 0.0122989
85.5355355 0.0127147
85.6356356 0.0127449
85.7357357 0.0119043
85.8358358 0.0116326
85.9359359 0.0149409
86.0360360 0.0134236
86.1361361 0.0135725
86.2362362 0.0130557
86.3363363 0.0127512
86.4364364 0.0127025
86.5365365 0.0120498
86.6366366 0.0149460
86.7367367 0.0149419
86.8368368 0.0134236
86.9369369 0.0130563
87.0370370 0.0130935
87.1371371 0.0127537
87.2372372 0.0128244
87.3373373 0.0120641
87.4374374 0.0149429
87.5375375 0.0158535
87.6376376 0.0138122
87.7377377 0.0124023
87.8378378 0.0128099
87.9379379 0.0127621
88.0380380 0.0118754
88.1381381 0.0153634
88.2382382 0.0150873
88.3383383 0.0139100
88.4384384 0.0138109
88.5385385 0.0124335
88.6386386 0.0128178
88.7387387 0.0128247
88.8388388 0.0118754
88.9389389 0.0153695
89.0390390 0.0159969
89.1391391 0.0142973
89.2392392 0.0126095
89.3393393 0.0124346
89.4394394 0.0128175
89.5395395 0.0133631
89.6396396 0.0151705
89.7397397 0.0153685
89.8398398 0.0170822
89.9399399 0.0144416
90.0400400 0.0126418
90.1401401 0.0136836
90.2402402 0.0136978
90.3403403 0.0133599
90.4404404 0.0151705
90.5405405 0.0170945
90.6406406 0.0174817
90.7407407 0.0144729
90.8408408 0.0126411
90.9409409 0.0136833
91.0410410 0.0140083
91.1411411 0.0166590
91.2412412 0.0151704
91.3413413 0.0168932
91.4414414 0.0155381
91.5415415 0.0144722
91.6416416 0.0125770
91.7417417 0.0138027
91.8418418 0.0140039
91.9419419 0.0166580
92.0420420 0.0160786
92.1421421 0.0172826
92.2422422 0.0155695
92.3423423 0.0132125
92.4424424 0.0132912
92.5425425 0.0141092
92.6426426 0.0140026
92.7427427 0.0166553
92.8428428 0.0166018
92.9429429 0.0172817
93.0430430 0.0155705
93.1431431 0.0131893
93.2432432 0.0132871
93.3433433 0.0141082
93.4434434 0.0174050
93.5435435 0.0186837
93.6436436 0.0169902
93.7437437 0.0173135
93.8438438 0.0155060
93.9439439 0.0131902
94.0440440 0.0133089
94.1441441 0.0140288
94.2442442 0.0178786
94.3443443 0.0181090
94.4444444 0.0178375
94.5445445 0.0153066
94.6446446 0.0142771
94.7447447 0.0130541
94.8448448 0.0136169
94.9449449 0.0173270
95.0450450 0.0187885
95.1451451 0.0181090
95.2452452 0.0178375
95.3453453 0.0152831
95.4454454 0.0142749
95.5455455 0.0130537
95.6456456 0.0136136
95.7457457 0.0173466
95.8458458 0.0191010
95.9459459 0.0182467
96.0460460 0.0188922
96.1461461 0.0158055
96.2462462 0.0140835
96.3463463 0.0126821
96.4464464 0.0166594
96.5465465 0.0182572
96.6466466 0.0190995
96.7467467 0.0181823
96.8468468 0.0188689
96.9469469 0.0158131
97.0470470 0.0124831
97.1471471 0.0119847
97.2472472 0.0166588
97.3473473 0.0186473
97.4474474 0.0191534
97.5475475 0.0181576
97.6476476 0.0188670
97.7477477 0.0146098
97.8478478 0.0124855
97.9479479 0.0141985
98.0480480 0.0175695
98.1481481 0.0186789
98.2482482 0.0190896
98.3483483 0.0180787
98.4484484 0.0170382
98.5485485 0.0157312
98.6486486 0.0117857
98.7487487 0.0141985
98.8488488 0.0179590
98.9489489 0.0186145
99.0490490 0.0190640
99.1491491 0.0189261
99.2492492 0.0170406
99.3493493 0.0141273
99.4494494 0.0123099
99.5495495 0.0151092
99.6496496 0.0179911
99.7497497 0.0185913
99.8498498 0.0190716
99.9499499 0.0189280
100.0500501 0.0157584
100.1501502 0.0142334
100.2502503 0.0148691
100.3503504 0.0153488
100.4504505 0.0179035
100.5505506 0.0185970
100.6506507 0.0190750
100.7507508 0.0189280
100.8508509 0.0157801
100.9509510 0.0135331
101.0510511 0.0141724
101.1511512 0.0153154
101.2512513 0.0179016
101.3513514 0.0186004
101.4514515 0.0181126
101.5515516 0.0169855
101.6516517 0.0141777
101.7517518 0.0128675
101.8518519 0.0145941
101.9519520 0.0152901
102.0520521 0.0179115
102.1521522 0.0186014
102.2522523 0.0181126
102.3523524 0.0169855
102.4524525 0.0134778
102.5525526 0.0141968
102.6526527 0.0142203
102.7527528 0.0161229
102.8528529 0.0154520
102.9529530 0.0186003
103.0530531 0.0181126
103.1531532 0.0157801
103.2532533 0.0128967
103.3533534 0.0141646
103.4534535 0.0141199
103.5535536 0.0161239
103.6536537 0.0154522
103.7537538 0.0186001
103.8538539 0.0189269
103.9539540 0.0141777
104.0540541 0.0141968
104.1541542 0.0141491
104.2542543 0.0141515
104.3543544 0.0145167
104.4544545 0.0154522
104.5545546 0.0186003
104.6546547 0.0189268
104.7547548 0.0128967
104.8548549 0.0141395
104.9549550 0.0141515
105.0550551 0.0141515
105.1551552 0.0142304
105.2552553 0.0153023
105.3553554 0.0186003
105.4554555 0.0157789
105.5555556 0.0141647
105.6556557 0.0141515
105.7557558 0.0141515
105.8558559 0.0141515
105.9559560 0.0141515
106.0560561 0.0161239
106.1561562 0.0186003
106.2562563 0.0134766
106.3563564 0.0141516
106.4564565 0.0141516
106.5565566 0.0141515
106.6566567 0.0141515
106.7567568 0.0141515
106.8568569 0.0145167
106.9569570 0.0186003
107.0570571 0.0141516
107.1571572 0.0141516
107.2572573 0.0141516
107.3573574 0.0141516
107.4574575 0.0141514
107.5575576 0.0141515
107.6576577 0.0141515
107.7577578 0.0185732
107.8578579 0.0141516
107.9579580 0.0141516
108.0580581 0.0141516
108.1581582 0.0141516
108.2582583 0.0141516
108.3583584 0.0141516
108.4584585 0.0141502
108.5585586 0.0141516
108.6586587 0.0141516
108.7587588 0.0141516
108.8588589 0.0141516
108.9589590 0.0141516
109.0590591 0.0141516
109.1591592 0.0141511
109.2592593 0.0141019
109.3593594 0.0135039
109.4594595 0.0141516
109.5595596 0.0141516
109.6596597 0.0141516
109.7597598 0.0141516
109.8598599 0.0141511
109.9599600 0.0141246
110.0600601 0.0126032
110.1601602 0.0135033
110.2602603 0.0141516
110.3603604 0.0141516
110.4604605 0.0141516
110.5605606 0.0141511
110.6606607 0.0141502
110.7607608 0.0141019
110.8608609 0.0113536
110.9609610 0.0135033
111.0610611 0.0142124
111.1611612 0.0141516
111.2612613 0.0141511
111.3613614 0.0141463
111.4614615 0.0141900
111.5615616 0.0133031
111.6616617 0.0139380
111.7617618 0.0135033
111.8618619 0.0142236
111.9619620 0.0141528
112.0620621 0.0141503
112.1621622 0.0141246
112.2622623 0.0141019
112.3623624 0.0126032
112.4624625 0.0139380
112.5625626 0.0135033
112.6626627 0.0126900
112.7627628 0.0142110
112.8628629 0.0141518
112.9629630 0.0141583
113.0630631 0.0139907
113.1631632 0.0113536
113.2632633 0.0131697
113.3633634 0.0135033
113.4634635 0.0126892
113.5635636 0.0138771
113.6636637 0.0141916
113.7637638 0.0141036
113.8638639 0.0133041
113.9639640 0.0131028
114.0640641 0.0131697
114.1641642 0.0135043
114.2642643 0.0129333
114.3643644 0.0136977
114.4644645 0.0142188
114.5645646 0.0139923
114.6646647 0.0126049
114.7647648 0.0131029
114.8648649 0.0131707
114.9649650 0.0134919
115.0650651 0.0129115
115.1651652 0.0142620
115.2652653 0.0138288
115.3653654 0.0133047
115.4654655 0.0113532
115.5655656 0.0139371
115.6656657 0.0139387
115.7657658 0.0134974
115.8658659 0.0138930
115.9659660 0.0126969
116.0660661 0.0135638
116.1661662 0.0126640
116.2662663 0.0113527
116.3663664 0.0139362
116.4664665 0.0139345
116.5665666 0.0134705
116.6666667 0.0138610
116.7667668 0.0126408
116.8668669 0.0128762
116.9669670 0.0123297
117.0670671 0.0131011
117.1671672 0.0139323
117.2672673 0.0139075
117.3673674 0.0135143
117.4674675 0.0138043
117.5675676 0.0125292
117.6676677 0.0133747
117.7677678 0.0119849
117.8678679 0.0131061
117.9679680 0.0131638
118.0680681 0.0139513
118.1681682 0.0136258
118.2682683 0.0138045
118.3683684 0.0121926
118.4684685 0.0126718
118.5685686 0.0115975
118.6686687 0.0138519
118.7687688 0.0131369
118.8688689 0.0139513
118.9689690 0.0137294
119.0690691 0.0136929
119.1691692 0.0121924
119.2692693 0.0111397
119.3693694 0.0124256
119.4694695 0.0145437
119.5695696 0.0131952
119.6696697 0.0140629
119.7697698 0.0138913
119.8698699 0.0136903
119.9699700 0.0113880
120.0700701 0.0119849
120.1701702 0.0124906
120.2702703 0.0146094
120.3703704 0.0133068
120.4704705 0.0141669
120.5705706 0.0141241
120.6706707 0.0133181
120.7707708 0.0113883
120.8708709 0.0119887
120.9709710 0.0124643
121.0710711 0.0142248
121.1711712 0.0132419
121.2712713 0.0141814
121.3713714 0.0141287
121.4714715 0.0133191
121.5715716 0.0113977
121.6716717 0.0119631
121.7717718 0.0125297
121.8718719 0.0141918
121.9719720 0.0133462
122.0720721 0.0144193
122.1721722 0.0138453
122.2722723 0.0120712
122.3723724 0.0128491
122.4724725 0.0123954
122.5725726 0.0146126
122.6726727 0.0128682
122.7727728 0.0132701
122.8728729 0.0140790
122.9729730 0.0138601
123.0730731 0.0120713
123.1731732 0.0128491
123.2732733 0.0123950
123.3733734 0.0145780
123.4734735 0.0128121
123.5735736 0.0135031
123.6736737 0.0137936
123.7737738 0.0122487
123.8738739 0.0121208
123.9739740 0.0127807
124.0740741 0.0123630
124.1741742 0.0145780
124.2742743 0.0128134
124.3743744 0.0135041
124.4744745 0.0137943
124.5745746 0.0122961
124.6746747 0.0132293
124.7747748 0.0118280
124.8748749 0.0123600
124.9749750 0.0145231
125.0750751 0.0127025
125.1751752 0.0132202
125.2752753 0.0129447
125.3753754 0.0122299
125.4754755 0.0131594
125.5755756 0.0117139
125.6756757 0.0140658
125.7757758 0.0145231
125.8758759 0.0130248
125.9759760 0.0124713
126.0760761 0.0115649
126.1761762 0.0121619
126.2762763 0.0131577
126.3763764 0.0117247
126.4764765 0.0140664
126.5765766 0.0144120
126.6766767 0.0130342
126.7767768 0.0125204
126.8768769 0.0115647
126.9769770 0.0132534
127.0770771 0.0129765
127.1771772 0.0116394
127.2772773 0.0140676
127.3773774 0.0125778
127.4774775 0.0123468
127.5775776 0.0117668
127.6776777 0.0114623
127.7777778 0.0122884
127.8778779 0.0120767
127.9779780 0.0116439
128.0780781 0.0138888
128.1781782 0.0125788
128.2782783 0.0123795
128.3783784 0.0116648
128.4784785 0.0115285
128.5785786 0.0122883
128.6786787 0.0120209
128.7787788 0.0115781
128.8788789 0.0131847
128.9789790 0.0122738
129.0790791 0.0123825
129.1791792 0.0119881
129.2792793 0.0121793
129.3793794 0.0122932
129.4794795 0.0122450
129.5795796 0.0129246
129.6796797 0.0132169
129.7797798 0.0123039
129.8798799 0.0119891
129.9799800 0.0119876
130.0800801 0.0121782
130.1801802 0.0129036
130.2802803 0.0122548
130.3803804 0.0129242
130.4804805 0.0122835
130.5805806 0.0123693
130.6806807 0.0119876
130.7807808 0.0117761
130.8808809 0.0121789
130.9809810 0.0129558
131.0810811 0.0121423
131.1811812 0.0129570
131.2812813 0.0128726
131.3813814 0.0123712
131.4814815 0.0116479
131.5815816 0.0120596
131.6816817 0.0121228
131.7817818 0.0129560
131.8818819 0.0121747
131.9819820 0.0127730
132.0820821 0.0129385
132.1821822 0.0126818
132.2822823 0.0116436
132.3823824 0.0120034
132.4824825 0.0121320
132.5825826 0.0128447
132.6826827 0.0139377
132.7827828 0.0128384
132.8828829 0.0129401
132.9829830 0.0127904
133.0830831 0.0116436
133.1831832 0.0120460
133.2832833 0.0132057
133.3833834 0.0128792
133.4834835 0.0139815
133.5835836 0.0128390
133.6836837 0.0132506
133.7837838 0.0127920
133.8838839 0.0132928
133.9839840 0.0120453
134.0840841 0.0131296
134.1841842 0.0128792
134.2842843 0.0131884
134.3843844 0.0128390
134.4844845 0.0137070
134.5845846 0.0127917
134.6846847 0.0134353
134.7847848 0.0120797
134.8848849 0.0131616
134.9849850 0.0127744
135.0850851 0.0131891
135.1851852 0.0129272
135.2852853 0.0137068
135.3853854 0.0127443
135.4854855 0.0134374
135.5855856 0.0127940
135.6856857 0.0131602
135.7857858 0.0138466
135.8858859 0.0131832
135.9859860 0.0135739
136.0860861 0.0137162
136.1861862 0.0143525
136.2862863 0.0134691
136.3863864 0.0141811
136.4864865 0.0130577
136.5865866 0.0141232
136.6866867 0.0129723
136.7867868 0.0138191
136.8868869 0.0136616
136.9869870 0.0143849
137.0870871 0.0133564
137.1871872 0.0144455
137.2872873 0.0123701
137.3873874 0.0141260
137.4874875 0.0132215
137.5875876 0.0138221
137.6876877 0.0136616
137.7877878 0.0143844
137.8878879 0.0133564
137.9879880 0.0144455
138.0880881 0.0123648
138.1881882 0.0139145
138.2882883 0.0132271
138.3883884 0.0137659
138.4884885 0.0157625
138.5885886 0.0142717
138.6886887 0.0145647
138.7887888 0.0137516
138.8888889 0.0122944
138.9889890 0.0139103
139.0890891 0.0132291
139.1891892 0.0137982
139.2892893 0.0159969
139.3893894 0.0141686
139.4894895 0.0145588
139.5895896 0.0137529
139.6896897 0.0140508
139.7897898 0.0132072
139.8898899 0.0123999
139.9899900 0.0158607
140.0900901 0.0158855
140.1901902 0.0141628
140.2902903 0.0145610
140.3903904 0.0135423
140.4904905 0.0152951
140.5905906 0.0131987
140.6906907 0.0128317
140.7907908 0.0158598
140.8908909 0.0157756
140.9909910 0.0141639
141.0910911 0.0138734
141.1911912 0.0140243
141.2912913 0.0145961
141.3913914 0.0131860
141.4914915 0.0128316
141.5915916 0.0157485
141.6916917 0.0157724
141.7917918 0.0152237
141.8918919 0.0136550
141.9919920 0.0140243
142.0920921 0.0144344
142.1921922 0.0131869
142.2922923 0.0145490
142.3923924 0.0156399
142.4924925 0.0157724
142.5925926 0.0143169
142.6926927 0.0140820
142.7927928 0.0157846
142.8928929 0.0149232
142.9929930 0.0131869
143.0930931 0.0143280
143.1931932 0.0146794
143.2932933 0.0143918
143.3933934 0.0143131
143.4934935 0.0140811
143.5935936 0.0149230
143.6936937 0.0149230
143.7937938 0.0131916
143.8938939 0.0143280
143.9939940 0.0143247
144.0940941 0.0143131
144.1941942 0.0143131
144.2942943 0.0143041
144.3943944 0.0149221
144.4944945 0.0149277
144.5945946 0.0138871
144.6946947 0.0143280
144.7947948 0.0143212
144.8948949 0.0143118
144.9949950 0.0143105
145.0950951 0.0134516
145.1951952 0.0149222
145.2952953 0.0150611
145.3953954 0.0128152
145.4954955 0.0143212
145.5955956 0.0134221
145.6956957 0.0143091
145.7957958 0.0142991
145.8958959 0.0134517
145.9959960 0.0149267
146.0960961 0.0136034
146.1961962 0.0128138
146.2962963 0.0141097
146.3963964 0.0134194
146.4964965 0.0129885
146.5965966 0.0141503
146.6966967 0.0152154
146.7967968 0.0152918
146.8968969 0.0122248
146.9969970 0.0128103
147.0970971 0.0141116
147.1971972 0.0142434
147.2972973 0.0128397
147.3973974 0.0134549
147.4974975 0.0153497
147.5975976 0.0138343
147.6976977 0.0122215
147.7977978 0.0125988
147.8978979 0.0130580
147.9979980 0.0142355
148.0980981 0.0127118
148.1981982 0.0131048
148.2982983 0.0153498
148.3983984 0.0138271
148.4984985 0.0122265
148.5985986 0.0125964
148.6986987 0.0130482
148.7987988 0.0140865
148.8988989 0.0127138
148.9989990 0.0132392
149.0990991 0.0138922
149.1991992 0.0126517
149.2992993 0.0121313
149.3993994 0.0118990
149.4994995 0.0125747
149.5995996 0.0140910
149.6996997 0.0121483
149.7997998 0.0140412
149.8998999 0.0135349
150.0000000 0.0127942
